XMTQyOTM1ODUyOA==	16	28	89	133	177	215	250	258	265	279	293	308	317	319	321	337	344	367	383	389	-1	-1	-1	-1	-1	-1	-1	-1	-1	-1
XMTQyOTc3ODM4MA==	32	55	55	46	46	-1	-1	-1	-1	-1	-1	-1	-1	-1	-1	-1	-1	-1	-1	-1	-1	-1	-1	-1	-1	-1	-1	-1	-1	-1
XMTQyOTczNjA5Mg==	7	7	7	7	7	7	7	7	-1	-1	-1	-1	-1	-1	-1	-1	-1	-1	-1	-1	-1	-1	-1	-1	-1	-1	-1	-1	-1	-1
XMTQyODY5ODcyNA==	26	30	34	37	37	37	37	41	41	50	-1	-1	-1	-1	-1	-1	-1	-1	-1	-1	-1	-1	-1	-1	-1	-1	-1	-1	-1	-1
XMTQyOTExMDUzMg==	246	288	335	380	389	392	393	396	401	402	413	418	421	425	-1	-1	-1	-1	-1	-1	-1	-1	-1	-1	-1	-1	-1	-1	-1	-1
XMTQyODgyNDg0OA==	72	73	70	69	70	70	70	72	72	72	72	72	72	72	72	72	72	72	-1	-1	-1	-1	-1	-1	-1	-1	-1	-1	-1	-1
XMTQyOTg3MDQ2OA==	104291	1389340	2971106	-1	-1	-1	-1	-1	-1	-1	-1	-1	-1	-1	-1	-1	-1	-1	-1	-1	-1	-1	-1	-1	-1	-1	-1	-1	-1	-1
XMTQyODczMTM4NA==	232	373	-1	-1	-1	-1	-1	-1	-1	-1	-1	-1	-1	-1	-1	-1	-1	-1	-1	-1	-1	-1	-1	-1	-1	-1	-1	-1	-1	-1
XMTQyOTc0NDU0MA==	-1	-1	-1	-1	-1	-1	-1	-1	-1	-1	-1	-1	-1	-1	-1	-1	-1	-1	-1	-1	-1	-1	-1	-1	-1	-1	-1	-1	-1	-1
XMTQyOTA2NDU4OA==	271	438	522	565	607	646	672	702	731	754	762	779	794	805	814	820	833	834	839	847	858	874	884	-1	-1	-1	-1	-1	-1	-1
XMTQyOTk4MzcyNA==	5	-1	-1	-1	-1	-1	-1	-1	-1	-1	-1	-1	-1	-1	-1	-1	-1	-1	-1	-1	-1	-1	-1	-1	-1	-1	-1	-1	-1	-1
XMTQyOTg3MDc2MA==	45622	239457	-1	-1	-1	-1	-1	-1	-1	-1	-1	-1	-1	-1	-1	-1	-1	-1	-1	-1	-1	-1	-1	-1	-1	-1	-1	-1	-1	-1
XMTQyOTYyOTgwMA==	18	-1	-1	-1	-1	-1	-1	-1	-1	-1	-1	-1	-1	-1	-1	-1	-1	-1	-1	-1	-1	-1	-1	-1	-1	-1	-1	-1	-1	-1
XMTQzMDA1MDUzNg==	-1	-1	-1	-1	-1	-1	-1	-1	-1	-1	-1	-1	-1	-1	-1	-1	-1	-1	-1	-1	-1	-1	-1	-1	-1	-1	-1	-1	-1	-1
XMTQzMDA1NTkwNA==	3	-1	-1	-1	-1	-1	-1	-1	-1	-1	-1	-1	-1	-1	-1	-1	-1	-1	-1	-1	-1	-1	-1	-1	-1	-1	-1	-1	-1	-1
XMTQyOTU0MTY5Mg==	34	42	47	41	42	43	45	47	47	49	61	70	-1	-1	-1	-1	-1	-1	-1	-1	-1	-1	-1	-1	-1	-1	-1	-1	-1	-1
XMTQyODU4NjUwNA==	-1	-1	-1	-1	-1	-1	-1	-1	-1	-1	-1	-1	-1	-1	-1	-1	-1	-1	-1	-1	-1	-1	-1	-1	-1	-1	-1	-1	-1	-1
XMTQyODY3OTExNg==	117	133	138	141	148	153	163	173	184	204	209	214	217	224	233	240	241	241	241	241	241	242	243	243	244	244	245	-1	-1	-1
XMTQyOTIyNTc5Mg==	57	72	130	188	267	290	316	335	346	365	411	468	483	496	506	519	573	697	887	1020	-1	-1	-1	-1	-1	-1	-1	-1	-1	-1
XMTQyOTEwNTI1Mg==	220	246	286	314	326	329	330	335	339	339	339	340	344	348	-1	-1	-1	-1	-1	-1	-1	-1	-1	-1	-1	-1	-1	-1	-1	-1
XMTQyOTI3MTU0MA==	13	14	15	14	14	14	14	14	14	14	-1	-1	-1	-1	-1	-1	-1	-1	-1	-1	-1	-1	-1	-1	-1	-1	-1	-1	-1	-1
XMTQyOTAwMTY4OA==	97	103	104	-1	-1	-1	-1	-1	-1	-1	-1	-1	-1	-1	-1	-1	-1	-1	-1	-1	-1	-1	-1	-1	-1	-1	-1	-1	-1	-1
XMTQyOTE3NjE1Ng==	5	12	15	16	16	18	18	19	19	19	-1	-1	-1	-1	-1	-1	-1	-1	-1	-1	-1	-1	-1	-1	-1	-1	-1	-1	-1	-1
XMTQyOTU4NTY1Ng==	31	358	360	366	368	-1	-1	-1	-1	-1	-1	-1	-1	-1	-1	-1	-1	-1	-1	-1	-1	-1	-1	-1	-1	-1	-1	-1	-1	-1
XMTQyOTE5NTI0NA==	57	63	66	79	80	80	84	87	87	87	89	89	91	91	91	91	92	93	93	93	93	93	94	94	94	-1	-1	-1	-1	-1
XMTQyOTg3NTEyOA==	64	984	-1	-1	-1	-1	-1	-1	-1	-1	-1	-1	-1	-1	-1	-1	-1	-1	-1	-1	-1	-1	-1	-1	-1	-1	-1	-1	-1	-1
XMTQyODg2NjEwNA==	19	26	29	73	74	73	73	73	73	-1	-1	-1	-1	-1	-1	-1	-1	-1	-1	-1	-1	-1	-1	-1	-1	-1	-1	-1	-1	-1
XMTQzMDAxMDQ4NA==	2	3	3	3	3	3	3	-1	-1	-1	-1	-1	-1	-1	-1	-1	-1	-1	-1	-1	-1	-1	-1	-1	-1	-1	-1	-1	-1	-1
XMTQyOTE2MTYwNA==	10	-1	-1	-1	-1	-1	-1	-1	-1	-1	-1	-1	-1	-1	-1	-1	-1	-1	-1	-1	-1	-1	-1	-1	-1	-1	-1	-1	-1	-1
XMTQyOTk0OTM0MA==	3	-1	-1	-1	-1	-1	-1	-1	-1	-1	-1	-1	-1	-1	-1	-1	-1	-1	-1	-1	-1	-1	-1	-1	-1	-1	-1	-1	-1	-1
XMTQyOTE5Njc0MA==	21	23	22	21	27	28	32	37	49	53	56	67	-1	-1	-1	-1	-1	-1	-1	-1	-1	-1	-1	-1	-1	-1	-1	-1	-1	-1
XMTQyOTE1MzUyMA==	160	-1	-1	-1	-1	-1	-1	-1	-1	-1	-1	-1	-1	-1	-1	-1	-1	-1	-1	-1	-1	-1	-1	-1	-1	-1	-1	-1	-1	-1
XMTQyODY4Nzg2OA==	10546	-1	-1	-1	-1	-1	-1	-1	-1	-1	-1	-1	-1	-1	-1	-1	-1	-1	-1	-1	-1	-1	-1	-1	-1	-1	-1	-1	-1	-1
XMTQyOTY4MTMyNA==	-1	-1	-1	-1	-1	-1	-1	-1	-1	-1	-1	-1	-1	-1	-1	-1	-1	-1	-1	-1	-1	-1	-1	-1	-1	-1	-1	-1	-1	-1
XMTQyOTEwNjU5Ng==	5	5	4	3	3	3	4	-1	-1	-1	-1	-1	-1	-1	-1	-1	-1	-1	-1	-1	-1	-1	-1	-1	-1	-1	-1	-1	-1	-1
XMTQzMDI0NDY3Ng==	2	-1	-1	-1	-1	-1	-1	-1	-1	-1	-1	-1	-1	-1	-1	-1	-1	-1	-1	-1	-1	-1	-1	-1	-1	-1	-1	-1	-1	-1
XMTQyODY1MTkxMg==	13	16	17	17	17	20	-1	-1	-1	-1	-1	-1	-1	-1	-1	-1	-1	-1	-1	-1	-1	-1	-1	-1	-1	-1	-1	-1	-1	-1
XMTQyOTYzOTUxMg==	339812	440126	440505	-1	-1	-1	-1	-1	-1	-1	-1	-1	-1	-1	-1	-1	-1	-1	-1	-1	-1	-1	-1	-1	-1	-1	-1	-1	-1	-1
XMTQyOTI3NDU3Ng==	123	269	518	547	611	657	660	675	676	677	678	682	687	1362	1793	1845	1862	1872	1875	1881	1885	1889	1891	1893	1899	1904	1905	-1	-1	-1
XMTQyODQxNzk1Mg==	9	13	11	14	17	18	19	19	19	20	20	22	22	22	22	-1	-1	-1	-1	-1	-1	-1	-1	-1	-1	-1	-1	-1	-1	-1
XMTQyODQ3ODU0NA==	41	-1	-1	-1	-1	-1	-1	-1	-1	-1	-1	-1	-1	-1	-1	-1	-1	-1	-1	-1	-1	-1	-1	-1	-1	-1	-1	-1	-1	-1
XMTQyODk1ODMyMA==	125	171	185	191	191	191	192	194	194	194	194	195	196	196	196	196	197	201	205	211	214	217	-1	-1	-1	-1	-1	-1	-1	-1
XMTQyOTYxMDc0OA==	-1	-1	-1	-1	-1	-1	-1	-1	-1	-1	-1	-1	-1	-1	-1	-1	-1	-1	-1	-1	-1	-1	-1	-1	-1	-1	-1	-1	-1	-1
XMTQyOTA1OTU3Mg==	129	145	147	146	146	146	147	147	147	149	150	150	150	150	-1	-1	-1	-1	-1	-1	-1	-1	-1	-1	-1	-1	-1	-1	-1	-1
XMTQyOTE2NzM2OA==	191	265	330	344	345	350	-1	-1	-1	-1	-1	-1	-1	-1	-1	-1	-1	-1	-1	-1	-1	-1	-1	-1	-1	-1	-1	-1	-1	-1
XMTQyOTMxMDQzNg==	31	32	32	-1	-1	-1	-1	-1	-1	-1	-1	-1	-1	-1	-1	-1	-1	-1	-1	-1	-1	-1	-1	-1	-1	-1	-1	-1	-1	-1
XMTQyODM3MjI1Mg==	76	92	91	95	-1	-1	-1	-1	-1	-1	-1	-1	-1	-1	-1	-1	-1	-1	-1	-1	-1	-1	-1	-1	-1	-1	-1	-1	-1	-1
XMTQyOTE5MTI3Mg==	4	-1	-1	-1	-1	-1	-1	-1	-1	-1	-1	-1	-1	-1	-1	-1	-1	-1	-1	-1	-1	-1	-1	-1	-1	-1	-1	-1	-1	-1
XMTQyODYwMTU2NA==	17	17	17	17	17	17	17	-1	-1	-1	-1	-1	-1	-1	-1	-1	-1	-1	-1	-1	-1	-1	-1	-1	-1	-1	-1	-1	-1	-1
XMTQyODcyODk3Mg==	242	253	255	255	259	262	265	268	-1	-1	-1	-1	-1	-1	-1	-1	-1	-1	-1	-1	-1	-1	-1	-1	-1	-1	-1	-1	-1	-1
XMTQyOTQyMzA1Mg==	6	6	7	2	2	2	2	2	2	2	2	2	-1	-1	-1	-1	-1	-1	-1	-1	-1	-1	-1	-1	-1	-1	-1	-1	-1	-1
XMTQyODY3NTYxNg==	5	5	4	4	5	5	5	-1	-1	-1	-1	-1	-1	-1	-1	-1	-1	-1	-1	-1	-1	-1	-1	-1	-1	-1	-1	-1	-1	-1
XMTQyODM1MzgxNg==	17	21	20	20	-1	-1	-1	-1	-1	-1	-1	-1	-1	-1	-1	-1	-1	-1	-1	-1	-1	-1	-1	-1	-1	-1	-1	-1	-1	-1
XMTQyODY0NTYzMg==	120	148	168	167	173	192	205	213	224	238	251	256	259	262	269	278	278	282	285	290	295	297	-1	-1	-1	-1	-1	-1	-1	-1
XMTQyOTY1NjQyMA==	5	-1	-1	-1	-1	-1	-1	-1	-1	-1	-1	-1	-1	-1	-1	-1	-1	-1	-1	-1	-1	-1	-1	-1	-1	-1	-1	-1	-1	-1
XMTQyODM0MDI0MA==	476	498	507	513	528	537	542	545	549	551	558	559	561	564	564	572	640	727	732	733	734	735	-1	-1	-1	-1	-1	-1	-1	-1
XMTQyODg2OTI0NA==	404	439	438	-1	-1	-1	-1	-1	-1	-1	-1	-1	-1	-1	-1	-1	-1	-1	-1	-1	-1	-1	-1	-1	-1	-1	-1	-1	-1	-1
XMTQyOTI0MjU4NA==	85	94	94	95	95	-1	-1	-1	-1	-1	-1	-1	-1	-1	-1	-1	-1	-1	-1	-1	-1	-1	-1	-1	-1	-1	-1	-1	-1	-1
XMTQyODgzNDcxNg==	113	123	-1	-1	-1	-1	-1	-1	-1	-1	-1	-1	-1	-1	-1	-1	-1	-1	-1	-1	-1	-1	-1	-1	-1	-1	-1	-1	-1	-1
XMTQyOTgyMjI2NA==	18	18	21	21	21	21	21	-1	-1	-1	-1	-1	-1	-1	-1	-1	-1	-1	-1	-1	-1	-1	-1	-1	-1	-1	-1	-1	-1	-1
XMTQyOTEyMjQyOA==	469	615	906	1005	1101	1139	1179	1209	1243	1276	1343	1385	1393	1407	-1	-1	-1	-1	-1	-1	-1	-1	-1	-1	-1	-1	-1	-1	-1	-1
XMTQyOTQzODkxNg==	719	1689	-1	-1	-1	-1	-1	-1	-1	-1	-1	-1	-1	-1	-1	-1	-1	-1	-1	-1	-1	-1	-1	-1	-1	-1	-1	-1	-1	-1
XMTQyOTM2NjQyNA==	355	529	532	398	408	411	411	411	411	411	411	411	411	412	413	413	413	413	413	414	414	414	414	-1	-1	-1	-1	-1	-1	-1
XMTQyOTM4MTE4NA==	324	512	811	1161	1861	2785	2952	3131	3276	3512	3707	3887	4129	4334	4595	4888	5160	5412	5704	5958	6306	6646	6887	7095	7250	7406	-1	-1	-1	-1
XMTQyOTMyMDM0NA==	4	4	3	2	-1	-1	-1	-1	-1	-1	-1	-1	-1	-1	-1	-1	-1	-1	-1	-1	-1	-1	-1	-1	-1	-1	-1	-1	-1	-1
XMTQyOTg4MTE0MA==	46102	239764	-1	-1	-1	-1	-1	-1	-1	-1	-1	-1	-1	-1	-1	-1	-1	-1	-1	-1	-1	-1	-1	-1	-1	-1	-1	-1	-1	-1
XMTQzMDExNjYxNg==	8	26	26	40	44	44	47	-1	-1	-1	-1	-1	-1	-1	-1	-1	-1	-1	-1	-1	-1	-1	-1	-1	-1	-1	-1	-1	-1	-1
XMTQyOTY5NzEwNA==	3241	13512	21222	23545	19247	28208	32839	36668	36668	36668	-1	-1	-1	-1	-1	-1	-1	-1	-1	-1	-1	-1	-1	-1	-1	-1	-1	-1	-1	-1
XMTQyOTI0Mjk2OA==	3129	4727	-1	-1	-1	-1	-1	-1	-1	-1	-1	-1	-1	-1	-1	-1	-1	-1	-1	-1	-1	-1	-1	-1	-1	-1	-1	-1	-1	-1
XMTQyOTEwNzIwNA==	471	676	1063	1397	1463	1476	1493	1541	1561	1574	1707	1771	1791	1810	-1	-1	-1	-1	-1	-1	-1	-1	-1	-1	-1	-1	-1	-1	-1	-1
XMTQyOTQwNzM1Mg==	42	59	72	97	105	105	105	112	131	132	135	136	-1	-1	-1	-1	-1	-1	-1	-1	-1	-1	-1	-1	-1	-1	-1	-1	-1	-1
XMTQyOTQxMjEyMA==	11	-1	-1	-1	-1	-1	-1	-1	-1	-1	-1	-1	-1	-1	-1	-1	-1	-1	-1	-1	-1	-1	-1	-1	-1	-1	-1	-1	-1	-1
XMTQyOTYwMDc4MA==	1	1	1	1	1	1	1	-1	-1	-1	-1	-1	-1	-1	-1	-1	-1	-1	-1	-1	-1	-1	-1	-1	-1	-1	-1	-1	-1	-1
XMTQyODk5OTc3Mg==	471	515	514	536	563	568	-1	-1	-1	-1	-1	-1	-1	-1	-1	-1	-1	-1	-1	-1	-1	-1	-1	-1	-1	-1	-1	-1	-1	-1
XMTQyODcyNTk5Mg==	28	-1	-1	-1	-1	-1	-1	-1	-1	-1	-1	-1	-1	-1	-1	-1	-1	-1	-1	-1	-1	-1	-1	-1	-1	-1	-1	-1	-1	-1
XMTQyOTAwMTU2OA==	96	-1	-1	-1	-1	-1	-1	-1	-1	-1	-1	-1	-1	-1	-1	-1	-1	-1	-1	-1	-1	-1	-1	-1	-1	-1	-1	-1	-1	-1
XMTQyODkwNjYzNg==	11	-1	-1	-1	-1	-1	-1	-1	-1	-1	-1	-1	-1	-1	-1	-1	-1	-1	-1	-1	-1	-1	-1	-1	-1	-1	-1	-1	-1	-1
XMTQyODk5MDUxMg==	23	27	27	27	28	29	30	30	30	30	30	30	30	30	30	30	30	30	30	30	30	-1	-1	-1	-1	-1	-1	-1	-1	-1
XMTQyODgyMTIzNg==	4	-1	-1	-1	-1	-1	-1	-1	-1	-1	-1	-1	-1	-1	-1	-1	-1	-1	-1	-1	-1	-1	-1	-1	-1	-1	-1	-1	-1	-1
XMTQyOTI2NTk5Mg==	16	19	18	18	17	17	18	20	21	22	23	25	-1	-1	-1	-1	-1	-1	-1	-1	-1	-1	-1	-1	-1	-1	-1	-1	-1	-1
XMTQyOTIxODU2MA==	40	44	45	57	66	79	84	89	90	106	109	113	113	113	113	113	113	114	114	114	114	114	114	115	115	115	115	115	-1	-1
XMTQyODU0NjIwMA==	162	196	190	-1	-1	-1	-1	-1	-1	-1	-1	-1	-1	-1	-1	-1	-1	-1	-1	-1	-1	-1	-1	-1	-1	-1	-1	-1	-1	-1
XMTQyOTI0OTU4NA==	7	-1	-1	-1	-1	-1	-1	-1	-1	-1	-1	-1	-1	-1	-1	-1	-1	-1	-1	-1	-1	-1	-1	-1	-1	-1	-1	-1	-1	-1
XMTQyOTQyMjEzNg==	4	6	8	-1	-1	-1	-1	-1	-1	-1	-1	-1	-1	-1	-1	-1	-1	-1	-1	-1	-1	-1	-1	-1	-1	-1	-1	-1	-1	-1
XMTQyOTU0NTU4NA==	94	147	166	160	162	163	164	166	168	168	169	170	171	173	173	174	174	176	183	183	184	185	186	187	-1	-1	-1	-1	-1	-1
XMTQyOTU0NjgzMg==	5	6	6	5	5	5	5	5	-1	-1	-1	-1	-1	-1	-1	-1	-1	-1	-1	-1	-1	-1	-1	-1	-1	-1	-1	-1	-1	-1
XMTQyOTEyMDQwOA==	4	4	4	4	4	4	-1	-1	-1	-1	-1	-1	-1	-1	-1	-1	-1	-1	-1	-1	-1	-1	-1	-1	-1	-1	-1	-1	-1	-1
XMTQyOTI5MzkyNA==	55	-1	-1	-1	-1	-1	-1	-1	-1	-1	-1	-1	-1	-1	-1	-1	-1	-1	-1	-1	-1	-1	-1	-1	-1	-1	-1	-1	-1	-1
XMTQyOTAzMDAwMA==	1	1	2	2	2	2	2	2	2	2	2	2	2	2	2	2	2	2	2	2	2	2	2	2	-1	-1	-1	-1	-1	-1
XMTQzMDA2Njk2OA==	6	91	103	111	114	117	117	118	119	120	120	121	-1	-1	-1	-1	-1	-1	-1	-1	-1	-1	-1	-1	-1	-1	-1	-1	-1	-1
XMTQyOTE0OTk1Ng==	2	5	6	12	9	10	15	-1	-1	-1	-1	-1	-1	-1	-1	-1	-1	-1	-1	-1	-1	-1	-1	-1	-1	-1	-1	-1	-1	-1
XMTQyODY5NzQxNg==	55	59	55	55	55	56	58	61	60	67	-1	-1	-1	-1	-1	-1	-1	-1	-1	-1	-1	-1	-1	-1	-1	-1	-1	-1	-1	-1
XMTQyOTQxNzU5Mg==	38	43	43	43	43	44	46	47	47	47	47	47	47	47	47	47	47	48	51	51	51	51	51	51	51	52	52	-1	-1	-1
XMTQyOTIyNzk1Ng==	71	125	132	130	144	146	147	147	149	-1	-1	-1	-1	-1	-1	-1	-1	-1	-1	-1	-1	-1	-1	-1	-1	-1	-1	-1	-1	-1
XMTQyOTQ0NzgxNg==	370	662	680	676	691	695	702	-1	-1	-1	-1	-1	-1	-1	-1	-1	-1	-1	-1	-1	-1	-1	-1	-1	-1	-1	-1	-1	-1	-1
XMTQyOTIyODg0MA==	112	127	137	139	139	139	163	-1	-1	-1	-1	-1	-1	-1	-1	-1	-1	-1	-1	-1	-1	-1	-1	-1	-1	-1	-1	-1	-1	-1
XMTQyOTg3MzMxMg==	3374	11671	-1	-1	-1	-1	-1	-1	-1	-1	-1	-1	-1	-1	-1	-1	-1	-1	-1	-1	-1	-1	-1	-1	-1	-1	-1	-1	-1	-1
XMTQyODUzNDI4OA==	52	64	65	65	65	65	65	66	67	67	67	68	68	68	68	69	69	69	70	70	70	70	70	70	70	70	71	-1	-1	-1
XMTQyOTIyNDU1Mg==	47	57	105	151	182	191	206	214	217	228	247	262	267	273	283	294	307	337	357	370	-1	-1	-1	-1	-1	-1	-1	-1	-1	-1
XMTQyOTQzOTcwOA==	17	23	26	26	28	35	36	39	40	41	41	41	43	44	47	48	50	51	52	53	54	54	-1	-1	-1	-1	-1	-1	-1	-1
XMTQyOTI5OTcwNA==	5	6	6	6	6	6	6	-1	-1	-1	-1	-1	-1	-1	-1	-1	-1	-1	-1	-1	-1	-1	-1	-1	-1	-1	-1	-1	-1	-1
XMTQyOTY3NDYxNg==	41	-1	-1	-1	-1	-1	-1	-1	-1	-1	-1	-1	-1	-1	-1	-1	-1	-1	-1	-1	-1	-1	-1	-1	-1	-1	-1	-1	-1	-1
XMTQyOTc2NzM0MA==	173	-1	-1	-1	-1	-1	-1	-1	-1	-1	-1	-1	-1	-1	-1	-1	-1	-1	-1	-1	-1	-1	-1	-1	-1	-1	-1	-1	-1	-1
XMTQyOTI4MTAwMA==	17	19	17	17	17	19	20	20	17	17	17	17	17	17	17	17	17	17	17	17	17	17	17	17	17	17	-1	-1	-1	-1
XMTQyOTEzMTg3Mg==	-1	-1	-1	-1	-1	-1	-1	-1	-1	-1	-1	-1	-1	-1	-1	-1	-1	-1	-1	-1	-1	-1	-1	-1	-1	-1	-1	-1	-1	-1
XMTQyOTgzMTAyMA==	1640	14299	-1	-1	-1	-1	-1	-1	-1	-1	-1	-1	-1	-1	-1	-1	-1	-1	-1	-1	-1	-1	-1	-1	-1	-1	-1	-1	-1	-1
XMTQyOTk4NDE3Mg==	4	-1	-1	-1	-1	-1	-1	-1	-1	-1	-1	-1	-1	-1	-1	-1	-1	-1	-1	-1	-1	-1	-1	-1	-1	-1	-1	-1	-1	-1
XMTQyOTUwMTc2MA==	236	476	508	521	532	539	545	564	567	576	579	602	619	624	627	632	635	636	643	644	657	670	-1	-1	-1	-1	-1	-1	-1	-1
XMTQyOTQ0MDgyOA==	11	19	23	23	28	36	37	41	50	54	66	71	75	-1	-1	-1	-1	-1	-1	-1	-1	-1	-1	-1	-1	-1	-1	-1	-1	-1
XMTQyOTk5MDgwMA==	153	-1	-1	-1	-1	-1	-1	-1	-1	-1	-1	-1	-1	-1	-1	-1	-1	-1	-1	-1	-1	-1	-1	-1	-1	-1	-1	-1	-1	-1
XMTQzMDE5NTY4NA==	1	-1	-1	-1	-1	-1	-1	-1	-1	-1	-1	-1	-1	-1	-1	-1	-1	-1	-1	-1	-1	-1	-1	-1	-1	-1	-1	-1	-1	-1
XMTQyODc4OTk3Mg==	250	251	250	251	255	261	264	266	270	-1	-1	-1	-1	-1	-1	-1	-1	-1	-1	-1	-1	-1	-1	-1	-1	-1	-1	-1	-1	-1
XMTQyOTMxNDg1Ng==	6	-1	-1	-1	-1	-1	-1	-1	-1	-1	-1	-1	-1	-1	-1	-1	-1	-1	-1	-1	-1	-1	-1	-1	-1	-1	-1	-1	-1	-1
XMTQyODg2ODQ1Mg==	10	-1	-1	-1	-1	-1	-1	-1	-1	-1	-1	-1	-1	-1	-1	-1	-1	-1	-1	-1	-1	-1	-1	-1	-1	-1	-1	-1	-1	-1
XMTQyNzUxNzUwMA==	189	215	218	221	-1	-1	-1	-1	-1	-1	-1	-1	-1	-1	-1	-1	-1	-1	-1	-1	-1	-1	-1	-1	-1	-1	-1	-1	-1	-1
XMTQyOTE1MTM2OA==	93	132	171	187	206	214	213	214	216	216	216	217	217	-1	-1	-1	-1	-1	-1	-1	-1	-1	-1	-1	-1	-1	-1	-1	-1	-1
XMTQyODk1MzU1Mg==	463	593	669	722	748	761	783	796	811	825	862	894	-1	-1	-1	-1	-1	-1	-1	-1	-1	-1	-1	-1	-1	-1	-1	-1	-1	-1
XMTQyODkxODk5Ng==	162	221	279	313	319	336	346	357	375	383	386	390	418	427	435	438	437	434	437	437	438	443	-1	-1	-1	-1	-1	-1	-1	-1
XMTQyOTI0MjM4OA==	4	4	4	4	4	4	4	4	4	4	-1	-1	-1	-1	-1	-1	-1	-1	-1	-1	-1	-1	-1	-1	-1	-1	-1	-1	-1	-1
XMTQyOTI0NDYxMg==	80	92	92	84	83	82	82	84	84	84	85	85	85	-1	-1	-1	-1	-1	-1	-1	-1	-1	-1	-1	-1	-1	-1	-1	-1	-1
XMTQyOTI0NTMzNg==	4838	-1	-1	-1	-1	-1	-1	-1	-1	-1	-1	-1	-1	-1	-1	-1	-1	-1	-1	-1	-1	-1	-1	-1	-1	-1	-1	-1	-1	-1
XMTQyODgyMzc3Mg==	8	-1	-1	-1	-1	-1	-1	-1	-1	-1	-1	-1	-1	-1	-1	-1	-1	-1	-1	-1	-1	-1	-1	-1	-1	-1	-1	-1	-1	-1
XMTQyOTYxODAxMg==	71	-1	-1	-1	-1	-1	-1	-1	-1	-1	-1	-1	-1	-1	-1	-1	-1	-1	-1	-1	-1	-1	-1	-1	-1	-1	-1	-1	-1	-1
XMTQzMDA0MDA5Mg==	12	41	58	67	70	75	76	78	80	83	84	83	84	-1	-1	-1	-1	-1	-1	-1	-1	-1	-1	-1	-1	-1	-1	-1	-1	-1
XMTQyOTQ1MTY4MA==	-1	-1	-1	-1	-1	-1	-1	-1	-1	-1	-1	-1	-1	-1	-1	-1	-1	-1	-1	-1	-1	-1	-1	-1	-1	-1	-1	-1	-1	-1
XMTQzMDIyMzExNg==	1	-1	-1	-1	-1	-1	-1	-1	-1	-1	-1	-1	-1	-1	-1	-1	-1	-1	-1	-1	-1	-1	-1	-1	-1	-1	-1	-1	-1	-1
XMTQyOTg3ODI4NA==	9	-1	-1	-1	-1	-1	-1	-1	-1	-1	-1	-1	-1	-1	-1	-1	-1	-1	-1	-1	-1	-1	-1	-1	-1	-1	-1	-1	-1	-1
XMTQyOTMzODk0NA==	6	11	-1	-1	-1	-1	-1	-1	-1	-1	-1	-1	-1	-1	-1	-1	-1	-1	-1	-1	-1	-1	-1	-1	-1	-1	-1	-1	-1	-1
XMTQyOTEzMTM0MA==	54	65	67	63	63	63	64	64	64	64	64	64	64	64	64	64	64	64	64	64	64	64	64	-1	-1	-1	-1	-1	-1	-1
XMTQyODc3NDMwMA==	113	117	109	110	111	111	112	113	113	113	114	114	114	114	115	115	115	115	115	115	115	115	115	-1	-1	-1	-1	-1	-1	-1
XMTQyOTk3ODU2OA==	14	27	35	37	39	-1	-1	-1	-1	-1	-1	-1	-1	-1	-1	-1	-1	-1	-1	-1	-1	-1	-1	-1	-1	-1	-1	-1	-1	-1
XMTQyOTE3OTI4NA==	79	90	178	198	208	232	-1	-1	-1	-1	-1	-1	-1	-1	-1	-1	-1	-1	-1	-1	-1	-1	-1	-1	-1	-1	-1	-1	-1	-1
XMTQyOTI2NzU2NA==	9	9	10	-1	-1	-1	-1	-1	-1	-1	-1	-1	-1	-1	-1	-1	-1	-1	-1	-1	-1	-1	-1	-1	-1	-1	-1	-1	-1	-1
XMTQyOTYzNjk0MA==	7	9	9	5	5	5	5	5	-1	-1	-1	-1	-1	-1	-1	-1	-1	-1	-1	-1	-1	-1	-1	-1	-1	-1	-1	-1	-1	-1
XMTQyOTkyODg2OA==	6	-1	-1	-1	-1	-1	-1	-1	-1	-1	-1	-1	-1	-1	-1	-1	-1	-1	-1	-1	-1	-1	-1	-1	-1	-1	-1	-1	-1	-1
XMTQyOTIzOTQ4MA==	345	412	422	446	451	457	467	473	512	553	574	599	606	-1	-1	-1	-1	-1	-1	-1	-1	-1	-1	-1	-1	-1	-1	-1	-1	-1
XMTQyOTE4NjMzMg==	-1	-1	-1	-1	-1	-1	-1	-1	-1	-1	-1	-1	-1	-1	-1	-1	-1	-1	-1	-1	-1	-1	-1	-1	-1	-1	-1	-1	-1	-1
XMTQyOTExOTYyOA==	20	21	21	21	20	20	20	-1	-1	-1	-1	-1	-1	-1	-1	-1	-1	-1	-1	-1	-1	-1	-1	-1	-1	-1	-1	-1	-1	-1
XMTQyOTU2NDk3Mg==	2952	4085	-1	-1	-1	-1	-1	-1	-1	-1	-1	-1	-1	-1	-1	-1	-1	-1	-1	-1	-1	-1	-1	-1	-1	-1	-1	-1	-1	-1
XMTQyODUwMTMzMg==	47	55	58	62	66	69	71	73	75	76	76	76	77	77	77	77	-1	-1	-1	-1	-1	-1	-1	-1	-1	-1	-1	-1	-1	-1
XMTQyODc2NDcwMA==	211511	756966	1158444	1005166	297133	15	15	15	15	15	15	15	15	15	15	15	15	-1	-1	-1	-1	-1	-1	-1	-1	-1	-1	-1	-1	-1
XMTQyOTEyMjcwNA==	5	6	6	6	5	5	5	5	5	-1	-1	-1	-1	-1	-1	-1	-1	-1	-1	-1	-1	-1	-1	-1	-1	-1	-1	-1	-1	-1
XMTQzMDExOTcwMA==	2	5	6	5	5	7	7	8	8	8	8	8	8	8	-1	-1	-1	-1	-1	-1	-1	-1	-1	-1	-1	-1	-1	-1	-1	-1
XMTQyOTIyNjcxMg==	8	15	18	21	21	20	19	20	20	20	-1	-1	-1	-1	-1	-1	-1	-1	-1	-1	-1	-1	-1	-1	-1	-1	-1	-1	-1	-1
XMTQyOTIzMTQzMg==	11	13	13	-1	-1	-1	-1	-1	-1	-1	-1	-1	-1	-1	-1	-1	-1	-1	-1	-1	-1	-1	-1	-1	-1	-1	-1	-1	-1	-1
XMTQzMDE2MDA2NA==	-1	-1	-1	-1	-1	-1	-1	-1	-1	-1	-1	-1	-1	-1	-1	-1	-1	-1	-1	-1	-1	-1	-1	-1	-1	-1	-1	-1	-1	-1
XMTQyODgwMzM4OA==	10	12	12	12	-1	-1	-1	-1	-1	-1	-1	-1	-1	-1	-1	-1	-1	-1	-1	-1	-1	-1	-1	-1	-1	-1	-1	-1	-1	-1
XMTQyOTMxOTA3Ng==	68	75	77	76	-1	-1	-1	-1	-1	-1	-1	-1	-1	-1	-1	-1	-1	-1	-1	-1	-1	-1	-1	-1	-1	-1	-1	-1	-1	-1
XMTQyOTk0NTE4OA==	46387	238357	-1	-1	-1	-1	-1	-1	-1	-1	-1	-1	-1	-1	-1	-1	-1	-1	-1	-1	-1	-1	-1	-1	-1	-1	-1	-1	-1	-1
XMTQyOTQ2NTAxNg==	-1	-1	-1	-1	-1	-1	-1	-1	-1	-1	-1	-1	-1	-1	-1	-1	-1	-1	-1	-1	-1	-1	-1	-1	-1	-1	-1	-1	-1	-1
XMTQzMDEzMjYwOA==	888	1409	1751	2018	2112	2123	2118	2125	2130	2139	2155	2165	2168	2171	-1	-1	-1	-1	-1	-1	-1	-1	-1	-1	-1	-1	-1	-1	-1	-1
XMTQyOTM5MTE0OA==	313	373	409	439	468	477	496	507	-1	-1	-1	-1	-1	-1	-1	-1	-1	-1	-1	-1	-1	-1	-1	-1	-1	-1	-1	-1	-1	-1
XMTQyOTYxNjA2NA==	365	792	792	758	748	748	749	-1	-1	-1	-1	-1	-1	-1	-1	-1	-1	-1	-1	-1	-1	-1	-1	-1	-1	-1	-1	-1	-1	-1
XMTQyOTQwODQ2NA==	54	83	114	119	122	124	124	127	128	129	129	131	133	134	135	135	139	146	146	148	145	147	149	152	153	155	157	-1	-1	-1
XMTQyOTAwNjQwOA==	4	5	5	5	5	5	5	5	5	5	5	5	5	5	5	5	5	5	5	5	5	5	5	-1	-1	-1	-1	-1	-1	-1
XMTQyODY0NDQ1Mg==	26	27	28	29	30	30	30	30	32	-1	-1	-1	-1	-1	-1	-1	-1	-1	-1	-1	-1	-1	-1	-1	-1	-1	-1	-1	-1	-1
XMTQyOTQyMzcyOA==	7	20	24	30	31	60	72	76	76	76	77	77	81	81	-1	-1	-1	-1	-1	-1	-1	-1	-1	-1	-1	-1	-1	-1	-1	-1
XMTQyOTEwNTY5Mg==	456	531	643	688	740	747	755	763	775	786	801	807	813	821	-1	-1	-1	-1	-1	-1	-1	-1	-1	-1	-1	-1	-1	-1	-1	-1
XMTQyOTEyMzgyNA==	23	26	-1	-1	-1	-1	-1	-1	-1	-1	-1	-1	-1	-1	-1	-1	-1	-1	-1	-1	-1	-1	-1	-1	-1	-1	-1	-1	-1	-1
XMTQyOTA0MjM1Mg==	66	69	68	67	67	67	67	67	67	67	67	68	68	68	68	68	68	68	68	68	68	68	68	68	68	68	68	68	68	-1
XMTQyOTQ5MDg4NA==	26	76	86	86	72	73	75	-1	-1	-1	-1	-1	-1	-1	-1	-1	-1	-1	-1	-1	-1	-1	-1	-1	-1	-1	-1	-1	-1	-1
XMTQyODMyMDI4MA==	63	68	67	67	67	67	67	67	67	67	67	68	68	-1	-1	-1	-1	-1	-1	-1	-1	-1	-1	-1	-1	-1	-1	-1	-1	-1
XMTQyODg0NTk1Ng==	97	115	121	123	124	125	-1	-1	-1	-1	-1	-1	-1	-1	-1	-1	-1	-1	-1	-1	-1	-1	-1	-1	-1	-1	-1	-1	-1	-1
XMTQyOTU3ODg3Ng==	3	4	4	4	4	4	4	4	4	4	4	4	4	4	4	4	4	4	4	4	4	4	4	4	4	4	4	4	-1	-1
XMTQyOTIyMzIxNg==	58	75	83	86	89	90	92	92	-1	-1	-1	-1	-1	-1	-1	-1	-1	-1	-1	-1	-1	-1	-1	-1	-1	-1	-1	-1	-1	-1
XMTQyODk5NjUyMA==	7	8	8	-1	-1	-1	-1	-1	-1	-1	-1	-1	-1	-1	-1	-1	-1	-1	-1	-1	-1	-1	-1	-1	-1	-1	-1	-1	-1	-1
XMTQyODU2MDcyOA==	176	-1	-1	-1	-1	-1	-1	-1	-1	-1	-1	-1	-1	-1	-1	-1	-1	-1	-1	-1	-1	-1	-1	-1	-1	-1	-1	-1	-1	-1
XMTQyOTA1MjY3Mg==	485	-1	-1	-1	-1	-1	-1	-1	-1	-1	-1	-1	-1	-1	-1	-1	-1	-1	-1	-1	-1	-1	-1	-1	-1	-1	-1	-1	-1	-1
XMTQyOTMwNDgxNg==	1550	2810	4095	6296	7125	-1	-1	-1	-1	-1	-1	-1	-1	-1	-1	-1	-1	-1	-1	-1	-1	-1	-1	-1	-1	-1	-1	-1	-1	-1
XMTQyOTY2MzU2NA==	11	12	12	12	12	12	-1	-1	-1	-1	-1	-1	-1	-1	-1	-1	-1	-1	-1	-1	-1	-1	-1	-1	-1	-1	-1	-1	-1	-1
XMTQyOTY5MzIyOA==	93	-1	-1	-1	-1	-1	-1	-1	-1	-1	-1	-1	-1	-1	-1	-1	-1	-1	-1	-1	-1	-1	-1	-1	-1	-1	-1	-1	-1	-1
XMTQyOTQ1MzY2NA==	171	-1	-1	-1	-1	-1	-1	-1	-1	-1	-1	-1	-1	-1	-1	-1	-1	-1	-1	-1	-1	-1	-1	-1	-1	-1	-1	-1	-1	-1
XMTQyOTQzOTY2OA==	329	424	-1	-1	-1	-1	-1	-1	-1	-1	-1	-1	-1	-1	-1	-1	-1	-1	-1	-1	-1	-1	-1	-1	-1	-1	-1	-1	-1	-1
XMTQyOTA0ODc3Ng==	74	97	119	123	125	124	128	130	-1	-1	-1	-1	-1	-1	-1	-1	-1	-1	-1	-1	-1	-1	-1	-1	-1	-1	-1	-1	-1	-1
XMTQyOTgwMzYyNA==	230	338	345	338	342	348	349	350	350	351	352	352	352	-1	-1	-1	-1	-1	-1	-1	-1	-1	-1	-1	-1	-1	-1	-1	-1	-1
XMTQyOTIxOTMwNA==	60	60	-1	-1	-1	-1	-1	-1	-1	-1	-1	-1	-1	-1	-1	-1	-1	-1	-1	-1	-1	-1	-1	-1	-1	-1	-1	-1	-1	-1
XMTQyOTI4NTkxMg==	1298	2290	-1	-1	-1	-1	-1	-1	-1	-1	-1	-1	-1	-1	-1	-1	-1	-1	-1	-1	-1	-1	-1	-1	-1	-1	-1	-1	-1	-1
XMTQyODM1NDcwNA==	146	153	160	163	167	168	-1	-1	-1	-1	-1	-1	-1	-1	-1	-1	-1	-1	-1	-1	-1	-1	-1	-1	-1	-1	-1	-1	-1	-1
XMTQzMDAzNTcwNA==	22	57	62	61	60	60	60	60	60	60	60	60	60	-1	-1	-1	-1	-1	-1	-1	-1	-1	-1	-1	-1	-1	-1	-1	-1	-1
XMTQyOTcxNTA0NA==	3	-1	-1	-1	-1	-1	-1	-1	-1	-1	-1	-1	-1	-1	-1	-1	-1	-1	-1	-1	-1	-1	-1	-1	-1	-1	-1	-1	-1	-1
XMTQyOTg0MDg3Mg==	9	22	40	39	39	41	41	41	42	42	42	42	42	42	42	42	42	47	47	47	47	47	47	47	49	50	50	50	-1	-1
XMTQyOTE2MDMxNg==	102	116	-1	-1	-1	-1	-1	-1	-1	-1	-1	-1	-1	-1	-1	-1	-1	-1	-1	-1	-1	-1	-1	-1	-1	-1	-1	-1	-1	-1
XMTQyODg4ODE3Ng==	10	10	8	8	8	8	8	8	8	8	8	-1	-1	-1	-1	-1	-1	-1	-1	-1	-1	-1	-1	-1	-1	-1	-1	-1	-1	-1
XMTQyODg1NDY5Ng==	337	347	344	352	367	372	375	376	377	381	385	385	387	387	388	389	389	389	390	391	391	395	-1	-1	-1	-1	-1	-1	-1	-1
XMTQyODQ1NDA1Mg==	170	182	202	225	240	-1	-1	-1	-1	-1	-1	-1	-1	-1	-1	-1	-1	-1	-1	-1	-1	-1	-1	-1	-1	-1	-1	-1	-1	-1
XMTQyODcwMTAzMg==	97	113	116	120	120	125	127	-1	-1	-1	-1	-1	-1	-1	-1	-1	-1	-1	-1	-1	-1	-1	-1	-1	-1	-1	-1	-1	-1	-1
XMTQyOTYxNTk1Mg==	122	174	202	212	-1	-1	-1	-1	-1	-1	-1	-1	-1	-1	-1	-1	-1	-1	-1	-1	-1	-1	-1	-1	-1	-1	-1	-1	-1	-1
XMTQyOTIyODM0NA==	107	139	206	234	293	313	315	318	317	319	319	321	323	-1	-1	-1	-1	-1	-1	-1	-1	-1	-1	-1	-1	-1	-1	-1	-1	-1
XMTQyODk4NTE3Ng==	6	7	5	4	4	4	-1	-1	-1	-1	-1	-1	-1	-1	-1	-1	-1	-1	-1	-1	-1	-1	-1	-1	-1	-1	-1	-1	-1	-1
XMTQyOTE2MDk3Mg==	71	87	90	84	86	87	87	87	87	87	87	89	90	-1	-1	-1	-1	-1	-1	-1	-1	-1	-1	-1	-1	-1	-1	-1	-1	-1
XMTQyODcwODg1Mg==	84	96	99	85	-1	-1	-1	-1	-1	-1	-1	-1	-1	-1	-1	-1	-1	-1	-1	-1	-1	-1	-1	-1	-1	-1	-1	-1	-1	-1
XMTQyODgzNDU2NA==	4212	-1	-1	-1	-1	-1	-1	-1	-1	-1	-1	-1	-1	-1	-1	-1	-1	-1	-1	-1	-1	-1	-1	-1	-1	-1	-1	-1	-1	-1
XMTQyOTYxODY4OA==	4	6	6	-1	-1	-1	-1	-1	-1	-1	-1	-1	-1	-1	-1	-1	-1	-1	-1	-1	-1	-1	-1	-1	-1	-1	-1	-1	-1	-1
XMTQyOTkyNTExNg==	28	-1	-1	-1	-1	-1	-1	-1	-1	-1	-1	-1	-1	-1	-1	-1	-1	-1	-1	-1	-1	-1	-1	-1	-1	-1	-1	-1	-1	-1
XMTQyOTE4MzQyOA==	3	5	-1	-1	-1	-1	-1	-1	-1	-1	-1	-1	-1	-1	-1	-1	-1	-1	-1	-1	-1	-1	-1	-1	-1	-1	-1	-1	-1	-1
XMTQyODM0NTcyMA==	132	142	149	160	-1	-1	-1	-1	-1	-1	-1	-1	-1	-1	-1	-1	-1	-1	-1	-1	-1	-1	-1	-1	-1	-1	-1	-1	-1	-1
XMTQyOTQzODM4NA==	60	113	115	-1	-1	-1	-1	-1	-1	-1	-1	-1	-1	-1	-1	-1	-1	-1	-1	-1	-1	-1	-1	-1	-1	-1	-1	-1	-1	-1
XMTQzMDA0OTcwOA==	11	12	16	15	15	15	15	15	15	15	15	15	15	15	15	15	15	15	15	-1	-1	-1	-1	-1	-1	-1	-1	-1	-1	-1
XMTQyOTE3NzI1Mg==	46	-1	-1	-1	-1	-1	-1	-1	-1	-1	-1	-1	-1	-1	-1	-1	-1	-1	-1	-1	-1	-1	-1	-1	-1	-1	-1	-1	-1	-1
XMTQyOTgyNDEzNg==	45324	168919	816190	780172	670411	-1	-1	-1	-1	-1	-1	-1	-1	-1	-1	-1	-1	-1	-1	-1	-1	-1	-1	-1	-1	-1	-1	-1	-1	-1
XMTQyOTIxMjY3Mg==	96	115	116	119	122	122	127	127	128	128	128	129	130	-1	-1	-1	-1	-1	-1	-1	-1	-1	-1	-1	-1	-1	-1	-1	-1	-1
XMTQyOTM2NDU3Ng==	1323	-1	-1	-1	-1	-1	-1	-1	-1	-1	-1	-1	-1	-1	-1	-1	-1	-1	-1	-1	-1	-1	-1	-1	-1	-1	-1	-1	-1	-1
XMTQyODk1MTE2NA==	192	200	202	204	206	213	211	213	217	217	218	225	228	230	230	233	236	238	239	239	-1	-1	-1	-1	-1	-1	-1	-1	-1	-1
XMTQyODgwMTYzNg==	36	42	-1	-1	-1	-1	-1	-1	-1	-1	-1	-1	-1	-1	-1	-1	-1	-1	-1	-1	-1	-1	-1	-1	-1	-1	-1	-1	-1	-1
XMTQyOTA1OTMxNg==	11	11	11	11	11	11	11	-1	-1	-1	-1	-1	-1	-1	-1	-1	-1	-1	-1	-1	-1	-1	-1	-1	-1	-1	-1	-1	-1	-1
XMTQyOTMzMjc0OA==	-1	-1	-1	-1	-1	-1	-1	-1	-1	-1	-1	-1	-1	-1	-1	-1	-1	-1	-1	-1	-1	-1	-1	-1	-1	-1	-1	-1	-1	-1
XMTQyOTQzMzkwOA==	148460	483886	1629886	1776317	-1	-1	-1	-1	-1	-1	-1	-1	-1	-1	-1	-1	-1	-1	-1	-1	-1	-1	-1	-1	-1	-1	-1	-1	-1	-1
XMTQyOTIxNzczNg==	456	567	628	673	725	739	-1	-1	-1	-1	-1	-1	-1	-1	-1	-1	-1	-1	-1	-1	-1	-1	-1	-1	-1	-1	-1	-1	-1	-1
XMTQyOTI3MjEyOA==	17	19	19	18	18	18	18	18	18	18	18	18	18	18	18	18	18	18	18	18	18	18	-1	-1	-1	-1	-1	-1	-1	-1
XMTQyODg0NjY0MA==	268	283	279	281	285	-1	-1	-1	-1	-1	-1	-1	-1	-1	-1	-1	-1	-1	-1	-1	-1	-1	-1	-1	-1	-1	-1	-1	-1	-1
XMTQyOTI5NjA3Mg==	39	42	45	43	43	43	44	44	44	44	44	45	45	45	46	46	47	48	-1	-1	-1	-1	-1	-1	-1	-1	-1	-1	-1	-1
XMTQyODgzNTM0NA==	263	320	394	482	557	598	621	667	689	735	805	850	877	920	945	975	998	1053	1093	1118	1154	1196	-1	-1	-1	-1	-1	-1	-1	-1
XMTQyODgwNTUwMA==	43	-1	-1	-1	-1	-1	-1	-1	-1	-1	-1	-1	-1	-1	-1	-1	-1	-1	-1	-1	-1	-1	-1	-1	-1	-1	-1	-1	-1	-1
XMTQyOTExOTYwNA==	4	4	4	4	4	4	-1	-1	-1	-1	-1	-1	-1	-1	-1	-1	-1	-1	-1	-1	-1	-1	-1	-1	-1	-1	-1	-1	-1	-1
XMTQyOTA5NjUzNg==	-1	-1	-1	-1	-1	-1	-1	-1	-1	-1	-1	-1	-1	-1	-1	-1	-1	-1	-1	-1	-1	-1	-1	-1	-1	-1	-1	-1	-1	-1
XMTQyODMzOTMyNA==	70	72	72	74	74	74	75	79	79	-1	-1	-1	-1	-1	-1	-1	-1	-1	-1	-1	-1	-1	-1	-1	-1	-1	-1	-1	-1	-1
XMTQyOTA1MDAwMA==	16	16	14	13	13	13	13	-1	-1	-1	-1	-1	-1	-1	-1	-1	-1	-1	-1	-1	-1	-1	-1	-1	-1	-1	-1	-1	-1	-1
XMTQyOTYyMTAxMg==	63	-1	-1	-1	-1	-1	-1	-1	-1	-1	-1	-1	-1	-1	-1	-1	-1	-1	-1	-1	-1	-1	-1	-1	-1	-1	-1	-1	-1	-1
XMTQyODI3NzY0NA==	105	106	109	110	110	110	110	111	111	111	111	111	111	-1	-1	-1	-1	-1	-1	-1	-1	-1	-1	-1	-1	-1	-1	-1	-1	-1
XMTQyOTQ3NDI4NA==	68	98	105	104	108	109	120	124	126	127	128	132	136	142	145	-1	-1	-1	-1	-1	-1	-1	-1	-1	-1	-1	-1	-1	-1	-1
XMTQyOTI1ODM0OA==	19	41	45	-1	-1	-1	-1	-1	-1	-1	-1	-1	-1	-1	-1	-1	-1	-1	-1	-1	-1	-1	-1	-1	-1	-1	-1	-1	-1	-1
XMTQyOTc3NDIyNA==	30	37	41	42	44	-1	-1	-1	-1	-1	-1	-1	-1	-1	-1	-1	-1	-1	-1	-1	-1	-1	-1	-1	-1	-1	-1	-1	-1	-1
XMTQyOTI0NzEyMA==	84	116	125	133	138	141	-1	-1	-1	-1	-1	-1	-1	-1	-1	-1	-1	-1	-1	-1	-1	-1	-1	-1	-1	-1	-1	-1	-1	-1
XMTQzMDAyNTY2OA==	8	26	27	27	27	27	-1	-1	-1	-1	-1	-1	-1	-1	-1	-1	-1	-1	-1	-1	-1	-1	-1	-1	-1	-1	-1	-1	-1	-1
XMTQyODYyMjg4NA==	419	430	422	421	421	-1	-1	-1	-1	-1	-1	-1	-1	-1	-1	-1	-1	-1	-1	-1	-1	-1	-1	-1	-1	-1	-1	-1	-1	-1
XMTQzMDA4NzQ4OA==	11798	17566	-1	-1	-1	-1	-1	-1	-1	-1	-1	-1	-1	-1	-1	-1	-1	-1	-1	-1	-1	-1	-1	-1	-1	-1	-1	-1	-1	-1
XMTQzMDE0MDY0OA==	10	-1	-1	-1	-1	-1	-1	-1	-1	-1	-1	-1	-1	-1	-1	-1	-1	-1	-1	-1	-1	-1	-1	-1	-1	-1	-1	-1	-1	-1
XMTQyODY2OTQwNA==	81	84	84	84	84	84	85	85	85	85	85	85	85	85	85	-1	-1	-1	-1	-1	-1	-1	-1	-1	-1	-1	-1	-1	-1	-1
XMTQyOTMwNzE3Mg==	167	171	171	170	170	170	170	173	173	180	180	180	180	-1	-1	-1	-1	-1	-1	-1	-1	-1	-1	-1	-1	-1	-1	-1	-1	-1
XMTQzMDA2NTI3Mg==	3	86	101	110	115	118	119	119	119	119	119	119	120	120	120	-1	-1	-1	-1	-1	-1	-1	-1	-1	-1	-1	-1	-1	-1	-1
XMTQyOTA5MzY1Mg==	540	575	561	568	580	591	592	592	595	598	602	602	602	-1	-1	-1	-1	-1	-1	-1	-1	-1	-1	-1	-1	-1	-1	-1	-1	-1
XMTQzMDA3NzcwMA==	3389	7096	-1	-1	-1	-1	-1	-1	-1	-1	-1	-1	-1	-1	-1	-1	-1	-1	-1	-1	-1	-1	-1	-1	-1	-1	-1	-1	-1	-1
XMTQyOTE0NjQyOA==	88	227	648	1090	2193	2704	2943	3154	3348	3502	3648	3781	3882	-1	-1	-1	-1	-1	-1	-1	-1	-1	-1	-1	-1	-1	-1	-1	-1	-1
XMTQyODg5NjMzNg==	25	26	26	26	26	26	26	26	26	27	30	31	31	32	34	34	34	36	36	36	-1	-1	-1	-1	-1	-1	-1	-1	-1	-1
XMTQyOTI2NDg0NA==	10575	10579	10580	10578	10577	10577	10577	10577	10578	10578	10578	10578	10578	10578	10578	10578	10578	10578	10578	10578	10579	10579	10579	-1	-1	-1	-1	-1	-1	-1
XMTQyODUwOTY5Ng==	71	74	67	70	73	74	74	74	77	77	77	77	77	78	78	82	82	82	82	83	83	83	-1	-1	-1	-1	-1	-1	-1	-1
XMTQyOTY5MDE2NA==	94	-1	-1	-1	-1	-1	-1	-1	-1	-1	-1	-1	-1	-1	-1	-1	-1	-1	-1	-1	-1	-1	-1	-1	-1	-1	-1	-1	-1	-1
XMTQyOTEwNzI3Ng==	27	31	35	40	42	46	-1	-1	-1	-1	-1	-1	-1	-1	-1	-1	-1	-1	-1	-1	-1	-1	-1	-1	-1	-1	-1	-1	-1	-1
XMTQyOTE4MjU4OA==	120	128	129	128	129	149	152	157	158	159	162	163	163	-1	-1	-1	-1	-1	-1	-1	-1	-1	-1	-1	-1	-1	-1	-1	-1	-1
XMTQyOTE3OTAwNA==	11	11	10	17	18	18	15	-1	-1	-1	-1	-1	-1	-1	-1	-1	-1	-1	-1	-1	-1	-1	-1	-1	-1	-1	-1	-1	-1	-1
XMTQyODMwNjgxNg==	97	100	101	-1	-1	-1	-1	-1	-1	-1	-1	-1	-1	-1	-1	-1	-1	-1	-1	-1	-1	-1	-1	-1	-1	-1	-1	-1	-1	-1
XMTQyOTM5MTI1Mg==	1	1	2	2	2	2	2	2	2	2	2	2	2	2	2	2	2	2	2	3	3	3	3	-1	-1	-1	-1	-1	-1	-1
XMTQyOTAwNTYyMA==	177	246	255	-1	-1	-1	-1	-1	-1	-1	-1	-1	-1	-1	-1	-1	-1	-1	-1	-1	-1	-1	-1	-1	-1	-1	-1	-1	-1	-1
XMTQyOTk0MTA2OA==	46683	241344	-1	-1	-1	-1	-1	-1	-1	-1	-1	-1	-1	-1	-1	-1	-1	-1	-1	-1	-1	-1	-1	-1	-1	-1	-1	-1	-1	-1
XMTQyOTM0MjgzNg==	3934	7882	-1	-1	-1	-1	-1	-1	-1	-1	-1	-1	-1	-1	-1	-1	-1	-1	-1	-1	-1	-1	-1	-1	-1	-1	-1	-1	-1	-1
XMTQyOTI2NjgyMA==	93	113	-1	-1	-1	-1	-1	-1	-1	-1	-1	-1	-1	-1	-1	-1	-1	-1	-1	-1	-1	-1	-1	-1	-1	-1	-1	-1	-1	-1
XMTQyOTMxMTczMg==	55	-1	-1	-1	-1	-1	-1	-1	-1	-1	-1	-1	-1	-1	-1	-1	-1	-1	-1	-1	-1	-1	-1	-1	-1	-1	-1	-1	-1	-1
XMTQyOTc3MjM2NA==	23	43	48	48	48	-1	-1	-1	-1	-1	-1	-1	-1	-1	-1	-1	-1	-1	-1	-1	-1	-1	-1	-1	-1	-1	-1	-1	-1	-1
XMTQyOTkyMjQ5Mg==	1	-1	-1	-1	-1	-1	-1	-1	-1	-1	-1	-1	-1	-1	-1	-1	-1	-1	-1	-1	-1	-1	-1	-1	-1	-1	-1	-1	-1	-1
XMTQyOTYzMjE4NA==	99	-1	-1	-1	-1	-1	-1	-1	-1	-1	-1	-1	-1	-1	-1	-1	-1	-1	-1	-1	-1	-1	-1	-1	-1	-1	-1	-1	-1	-1
XMTQyODYxNDk1Mg==	36	36	34	36	38	39	40	40	41	43	44	45	46	46	47	48	48	48	-1	-1	-1	-1	-1	-1	-1	-1	-1	-1	-1	-1
XMTQyOTE1ODg1Ng==	95	111	114	115	117	117	117	117	118	118	121	-1	-1	-1	-1	-1	-1	-1	-1	-1	-1	-1	-1	-1	-1	-1	-1	-1	-1	-1
XMTQzMDA2Njc0NA==	34	211	267	294	318	328	336	352	364	367	374	376	379	-1	-1	-1	-1	-1	-1	-1	-1	-1	-1	-1	-1	-1	-1	-1	-1	-1
XMTQyOTYyMzAxNg==	182	-1	-1	-1	-1	-1	-1	-1	-1	-1	-1	-1	-1	-1	-1	-1	-1	-1	-1	-1	-1	-1	-1	-1	-1	-1	-1	-1	-1	-1
XMTQyODQ4OTQ4MA==	5	5	4	4	5	-1	-1	-1	-1	-1	-1	-1	-1	-1	-1	-1	-1	-1	-1	-1	-1	-1	-1	-1	-1	-1	-1	-1	-1	-1
XMTQyOTM0NzIwMA==	65	88	95	100	103	105	105	105	106	106	106	106	108	-1	-1	-1	-1	-1	-1	-1	-1	-1	-1	-1	-1	-1	-1	-1	-1	-1
XMTQyODY3ODE2NA==	12	12	12	12	12	12	12	12	12	12	12	12	12	12	12	12	12	12	12	12	12	12	12	12	12	12	12	-1	-1	-1
XMTQyODY5NzkyOA==	56	57	46	46	46	47	47	47	49	56	-1	-1	-1	-1	-1	-1	-1	-1	-1	-1	-1	-1	-1	-1	-1	-1	-1	-1	-1	-1
XMTQyNDg3MjkzNg==	31	38	40	40	43	43	45	45	43	43	43	43	43	43	43	43	43	43	49	50	-1	-1	-1	-1	-1	-1	-1	-1	-1	-1
XMTQyOTg0NTAzMg==	5	7	7	6	5	-1	-1	-1	-1	-1	-1	-1	-1	-1	-1	-1	-1	-1	-1	-1	-1	-1	-1	-1	-1	-1	-1	-1	-1	-1
XMTQyODY5NzkyNA==	53	61	47	66	67	67	78	83	85	95	-1	-1	-1	-1	-1	-1	-1	-1	-1	-1	-1	-1	-1	-1	-1	-1	-1	-1	-1	-1
XMTQyOTYyNDcwOA==	368	-1	-1	-1	-1	-1	-1	-1	-1	-1	-1	-1	-1	-1	-1	-1	-1	-1	-1	-1	-1	-1	-1	-1	-1	-1	-1	-1	-1	-1
XMTQzMDA2MDk1Ng==	7	8	8	6	6	6	6	6	6	6	6	-1	-1	-1	-1	-1	-1	-1	-1	-1	-1	-1	-1	-1	-1	-1	-1	-1	-1	-1
XMTQyODk3NTA0OA==	166	182	184	186	187	187	190	190	190	67	190	191	192	193	194	194	194	194	194	194	194	194	-1	-1	-1	-1	-1	-1	-1	-1
XMTQyOTAyNzU1Mg==	51	64	73	72	74	74	74	-1	-1	-1	-1	-1	-1	-1	-1	-1	-1	-1	-1	-1	-1	-1	-1	-1	-1	-1	-1	-1	-1	-1
XMTQyODQ0NTUyMA==	118	254	455	841	1042	1304	1550	1696	1796	1910	2004	2086	-1	-1	-1	-1	-1	-1	-1	-1	-1	-1	-1	-1	-1	-1	-1	-1	-1	-1
XMTQyOTE5MDI2MA==	6	13	13	16	16	16	16	17	17	17	-1	-1	-1	-1	-1	-1	-1	-1	-1	-1	-1	-1	-1	-1	-1	-1	-1	-1	-1	-1
XMTQyOTEzMzMwOA==	23	25	22	23	23	23	24	25	25	25	25	25	25	25	25	25	25	25	25	25	25	25	25	-1	-1	-1	-1	-1	-1	-1
XMTQyOTEwNjk3Mg==	26	29	32	32	32	32	33	34	35	35	35	35	36	36	36	36	36	36	36	37	37	37	-1	-1	-1	-1	-1	-1	-1	-1
XMTQyOTkwMzExNg==	15	-1	-1	-1	-1	-1	-1	-1	-1	-1	-1	-1	-1	-1	-1	-1	-1	-1	-1	-1	-1	-1	-1	-1	-1	-1	-1	-1	-1	-1
XMTQyOTM0MTUyNA==	360	390	426	425	431	443	455	462	471	480	483	485	519	531	539	542	545	548	551	554	556	557	560	562	-1	-1	-1	-1	-1	-1
XMTQyOTExNjY2MA==	310	322	-1	-1	-1	-1	-1	-1	-1	-1	-1	-1	-1	-1	-1	-1	-1	-1	-1	-1	-1	-1	-1	-1	-1	-1	-1	-1	-1	-1
XMTQyOTE4NDYyNA==	7	11	11	11	-1	-1	-1	-1	-1	-1	-1	-1	-1	-1	-1	-1	-1	-1	-1	-1	-1	-1	-1	-1	-1	-1	-1	-1	-1	-1
XMTQyODgyMDkxNg==	6	-1	-1	-1	-1	-1	-1	-1	-1	-1	-1	-1	-1	-1	-1	-1	-1	-1	-1	-1	-1	-1	-1	-1	-1	-1	-1	-1	-1	-1
XMTQyOTM3NDA0MA==	19	-1	-1	-1	-1	-1	-1	-1	-1	-1	-1	-1	-1	-1	-1	-1	-1	-1	-1	-1	-1	-1	-1	-1	-1	-1	-1	-1	-1	-1
XMTQyODkzNzg5Ng==	7	-1	-1	-1	-1	-1	-1	-1	-1	-1	-1	-1	-1	-1	-1	-1	-1	-1	-1	-1	-1	-1	-1	-1	-1	-1	-1	-1	-1	-1
XMTQyOTY3MTIzMg==	44	-1	-1	-1	-1	-1	-1	-1	-1	-1	-1	-1	-1	-1	-1	-1	-1	-1	-1	-1	-1	-1	-1	-1	-1	-1	-1	-1	-1	-1
XMTQyOTI0NzE0NA==	1	2	2	2	2	2	2	2	2	2	2	2	2	2	2	2	2	-1	-1	-1	-1	-1	-1	-1	-1	-1	-1	-1	-1	-1
XMTQyOTM0NTAyNA==	6	7	7	7	7	7	7	7	-1	-1	-1	-1	-1	-1	-1	-1	-1	-1	-1	-1	-1	-1	-1	-1	-1	-1	-1	-1	-1	-1
XMTQyOTgzMjgwNA==	55	96	103	103	101	-1	-1	-1	-1	-1	-1	-1	-1	-1	-1	-1	-1	-1	-1	-1	-1	-1	-1	-1	-1	-1	-1	-1	-1	-1
XMTQyOTQ4NTkzNg==	12	-1	-1	-1	-1	-1	-1	-1	-1	-1	-1	-1	-1	-1	-1	-1	-1	-1	-1	-1	-1	-1	-1	-1	-1	-1	-1	-1	-1	-1
XMTQyOTU4MDM0OA==	161	211	214	206	207	205	205	-1	-1	-1	-1	-1	-1	-1	-1	-1	-1	-1	-1	-1	-1	-1	-1	-1	-1	-1	-1	-1	-1	-1
XMTQyODg3NTczNg==	74	102	101	102	102	103	103	103	104	104	152	168	170	172	176	176	193	193	193	195	197	197	197	199	199	200	200	200	200	-1
XMTQyOTYzNTY4NA==	17	-1	-1	-1	-1	-1	-1	-1	-1	-1	-1	-1	-1	-1	-1	-1	-1	-1	-1	-1	-1	-1	-1	-1	-1	-1	-1	-1	-1	-1
XMTQyOTA3MzQ4NA==	16	-1	-1	-1	-1	-1	-1	-1	-1	-1	-1	-1	-1	-1	-1	-1	-1	-1	-1	-1	-1	-1	-1	-1	-1	-1	-1	-1	-1	-1
XMTQyOTA1MzcwMA==	-1	-1	-1	-1	-1	-1	-1	-1	-1	-1	-1	-1	-1	-1	-1	-1	-1	-1	-1	-1	-1	-1	-1	-1	-1	-1	-1	-1	-1	-1
XMTQyODk0MTUwMA==	118	120	103	105	106	107	-1	-1	-1	-1	-1	-1	-1	-1	-1	-1	-1	-1	-1	-1	-1	-1	-1	-1	-1	-1	-1	-1	-1	-1
XMTQyODg2MzE3Mg==	153	158	172	175	175	177	178	180	180	180	180	181	181	181	181	182	183	183	183	183	183	183	-1	-1	-1	-1	-1	-1	-1	-1
XMTQyODUzNzc2NA==	78	91	94	104	116	119	125	126	126	128	129	143	155	162	163	170	-1	-1	-1	-1	-1	-1	-1	-1	-1	-1	-1	-1	-1	-1
XMTQyOTE5MjI0MA==	6	-1	-1	-1	-1	-1	-1	-1	-1	-1	-1	-1	-1	-1	-1	-1	-1	-1	-1	-1	-1	-1	-1	-1	-1	-1	-1	-1	-1	-1
XMTQyOTkwMjU2OA==	1	5	5	6	6	-1	-1	-1	-1	-1	-1	-1	-1	-1	-1	-1	-1	-1	-1	-1	-1	-1	-1	-1	-1	-1	-1	-1	-1	-1
XMTQyOTU5NDQxNg==	13	-1	-1	-1	-1	-1	-1	-1	-1	-1	-1	-1	-1	-1	-1	-1	-1	-1	-1	-1	-1	-1	-1	-1	-1	-1	-1	-1	-1	-1
XMTQyODMxMTc0MA==	5	-1	-1	-1	-1	-1	-1	-1	-1	-1	-1	-1	-1	-1	-1	-1	-1	-1	-1	-1	-1	-1	-1	-1	-1	-1	-1	-1	-1	-1
XMTQyODUxNjQyNA==	100	-1	-1	-1	-1	-1	-1	-1	-1	-1	-1	-1	-1	-1	-1	-1	-1	-1	-1	-1	-1	-1	-1	-1	-1	-1	-1	-1	-1	-1
XMTQzMDE3NjM5Ng==	13	26	28	24	24	24	25	25	26	26	26	26	26	26	26	26	28	28	28	28	28	28	28	-1	-1	-1	-1	-1	-1	-1
XMTQyODg5NDE0OA==	47	-1	-1	-1	-1	-1	-1	-1	-1	-1	-1	-1	-1	-1	-1	-1	-1	-1	-1	-1	-1	-1	-1	-1	-1	-1	-1	-1	-1	-1
XMTQyOTIyOTc0NA==	-1	-1	-1	-1	-1	-1	-1	-1	-1	-1	-1	-1	-1	-1	-1	-1	-1	-1	-1	-1	-1	-1	-1	-1	-1	-1	-1	-1	-1	-1
XMTQzMDAyNTY3Ng==	13584	-1	-1	-1	-1	-1	-1	-1	-1	-1	-1	-1	-1	-1	-1	-1	-1	-1	-1	-1	-1	-1	-1	-1	-1	-1	-1	-1	-1	-1
XMTQyOTEyMDEwNA==	237	331	475	508	533	537	542	551	552	554	559	559	559	559	-1	-1	-1	-1	-1	-1	-1	-1	-1	-1	-1	-1	-1	-1	-1	-1
XMTQyOTE0Njc3Mg==	11	14	17	21	19	21	25	-1	-1	-1	-1	-1	-1	-1	-1	-1	-1	-1	-1	-1	-1	-1	-1	-1	-1	-1	-1	-1	-1	-1
XMTQyOTI0NTgwNA==	53392	53577	-1	-1	-1	-1	-1	-1	-1	-1	-1	-1	-1	-1	-1	-1	-1	-1	-1	-1	-1	-1	-1	-1	-1	-1	-1	-1	-1	-1
XMTQyOTM5MzQxMg==	-1	-1	-1	-1	-1	-1	-1	-1	-1	-1	-1	-1	-1	-1	-1	-1	-1	-1	-1	-1	-1	-1	-1	-1	-1	-1	-1	-1	-1	-1
XMTQyOTMyMzU3Mg==	27	29	28	27	26	26	26	26	26	26	27	27	28	28	28	28	28	28	-1	-1	-1	-1	-1	-1	-1	-1	-1	-1	-1	-1
XMTQyODcwOTE0OA==	612	680	700	711	730	736	-1	-1	-1	-1	-1	-1	-1	-1	-1	-1	-1	-1	-1	-1	-1	-1	-1	-1	-1	-1	-1	-1	-1	-1
XMTQyOTU2MDE4OA==	21	31	32	33	32	34	34	34	34	34	35	35	36	37	-1	-1	-1	-1	-1	-1	-1	-1	-1	-1	-1	-1	-1	-1	-1	-1
XMTQyODk0MTY2MA==	63	-1	-1	-1	-1	-1	-1	-1	-1	-1	-1	-1	-1	-1	-1	-1	-1	-1	-1	-1	-1	-1	-1	-1	-1	-1	-1	-1	-1	-1
XMTQyOTQwMTA2MA==	2207	6787	10725	13383	15059	16487	17847	18968	20050	20862	21525	22220	22980	23709	24461	25028	25559	25985	26468	26923	27257	27552	27841	28129	-1	-1	-1	-1	-1	-1
XMTQyOTE3MzQ1Ng==	22	-1	-1	-1	-1	-1	-1	-1	-1	-1	-1	-1	-1	-1	-1	-1	-1	-1	-1	-1	-1	-1	-1	-1	-1	-1	-1	-1	-1	-1
XMTQyOTE1ODIzMg==	62	66	68	68	68	68	68	68	68	68	68	68	68	68	68	68	68	68	-1	-1	-1	-1	-1	-1	-1	-1	-1	-1	-1	-1
XMTQyODUxMjc2NA==	167	-1	-1	-1	-1	-1	-1	-1	-1	-1	-1	-1	-1	-1	-1	-1	-1	-1	-1	-1	-1	-1	-1	-1	-1	-1	-1	-1	-1	-1
XMTQzMDIwOTM0OA==	4	9	9	8	10	10	10	10	-1	-1	-1	-1	-1	-1	-1	-1	-1	-1	-1	-1	-1	-1	-1	-1	-1	-1	-1	-1	-1	-1
XMTQyODgzMTE0MA==	351	430	440	442	446	448	-1	-1	-1	-1	-1	-1	-1	-1	-1	-1	-1	-1	-1	-1	-1	-1	-1	-1	-1	-1	-1	-1	-1	-1
XMTQyOTY4MjE4OA==	450	-1	-1	-1	-1	-1	-1	-1	-1	-1	-1	-1	-1	-1	-1	-1	-1	-1	-1	-1	-1	-1	-1	-1	-1	-1	-1	-1	-1	-1
XMTQyOTIxODU0NA==	248	337	353	352	353	353	-1	-1	-1	-1	-1	-1	-1	-1	-1	-1	-1	-1	-1	-1	-1	-1	-1	-1	-1	-1	-1	-1	-1	-1
XMTQyOTQ1MzMyNA==	46907	242914	-1	-1	-1	-1	-1	-1	-1	-1	-1	-1	-1	-1	-1	-1	-1	-1	-1	-1	-1	-1	-1	-1	-1	-1	-1	-1	-1	-1
XMTQyOTI4ODQ5Mg==	270	334	-1	-1	-1	-1	-1	-1	-1	-1	-1	-1	-1	-1	-1	-1	-1	-1	-1	-1	-1	-1	-1	-1	-1	-1	-1	-1	-1	-1
XMTQyOTA2MTEwOA==	9	11	11	11	11	11	11	11	11	11	11	11	11	11	11	11	11	11	11	11	-1	-1	-1	-1	-1	-1	-1	-1	-1	-1
XMTQyOTM0MDg3Mg==	144	250	284	333	384	421	475	577	650	731	-1	-1	-1	-1	-1	-1	-1	-1	-1	-1	-1	-1	-1	-1	-1	-1	-1	-1	-1	-1
XMTQyOTc0MDc5Ng==	35	35	35	33	33	33	33	-1	-1	-1	-1	-1	-1	-1	-1	-1	-1	-1	-1	-1	-1	-1	-1	-1	-1	-1	-1	-1	-1	-1
XMTQyODY2NzgwMA==	30	30	29	29	29	29	29	29	29	29	29	29	-1	-1	-1	-1	-1	-1	-1	-1	-1	-1	-1	-1	-1	-1	-1	-1	-1	-1
XMTQyOTAzMTU2MA==	4	-1	-1	-1	-1	-1	-1	-1	-1	-1	-1	-1	-1	-1	-1	-1	-1	-1	-1	-1	-1	-1	-1	-1	-1	-1	-1	-1	-1	-1
XMTQyOTAyMDM0OA==	88	118	156	168	174	179	236	346	368	373	389	396	429	444	448	448	448	448	448	448	448	448	448	-1	-1	-1	-1	-1	-1	-1
XMTQyOTEwODU5Ng==	-1	-1	-1	-1	-1	-1	-1	-1	-1	-1	-1	-1	-1	-1	-1	-1	-1	-1	-1	-1	-1	-1	-1	-1	-1	-1	-1	-1	-1	-1
XMTQyOTIwMjg2MA==	2517	-1	-1	-1	-1	-1	-1	-1	-1	-1	-1	-1	-1	-1	-1	-1	-1	-1	-1	-1	-1	-1	-1	-1	-1	-1	-1	-1	-1	-1
XMTQyODg5MzI3Ng==	94	125	132	168	179	193	203	210	216	223	-1	-1	-1	-1	-1	-1	-1	-1	-1	-1	-1	-1	-1	-1	-1	-1	-1	-1	-1	-1
XMTQyOTY1NzY1Ng==	6	11	13	10	8	7	7	7	7	7	7	7	7	7	-1	-1	-1	-1	-1	-1	-1	-1	-1	-1	-1	-1	-1	-1	-1	-1
XMTQyOTg0MDQzNg==	7	14	15	14	17	17	18	20	20	23	24	-1	-1	-1	-1	-1	-1	-1	-1	-1	-1	-1	-1	-1	-1	-1	-1	-1	-1	-1
XMTQyOTEzNzAyOA==	4	6	6	5	4	4	4	4	-1	-1	-1	-1	-1	-1	-1	-1	-1	-1	-1	-1	-1	-1	-1	-1	-1	-1	-1	-1	-1	-1
XMTQyOTEwMjkxMg==	9	13	14	14	14	-1	-1	-1	-1	-1	-1	-1	-1	-1	-1	-1	-1	-1	-1	-1	-1	-1	-1	-1	-1	-1	-1	-1	-1	-1
XMTQyOTk2NDQ4MA==	3284	9550	-1	-1	-1	-1	-1	-1	-1	-1	-1	-1	-1	-1	-1	-1	-1	-1	-1	-1	-1	-1	-1	-1	-1	-1	-1	-1	-1	-1
XMTQyOTcyOTYyNA==	3	4	4	4	3	3	3	3	3	3	3	3	3	3	-1	-1	-1	-1	-1	-1	-1	-1	-1	-1	-1	-1	-1	-1	-1	-1
XMTQyOTM2MjM2OA==	26	55	133	221	265	275	306	313	314	322	349	374	378	386	399	406	416	429	447	456	-1	-1	-1	-1	-1	-1	-1	-1	-1	-1
XMTQyOTIxMDUwMA==	837	985	992	989	992	995	995	997	997	998	1000	1000	1000	-1	-1	-1	-1	-1	-1	-1	-1	-1	-1	-1	-1	-1	-1	-1	-1	-1
XMTQyOTM1MjU4NA==	42	48	-1	-1	-1	-1	-1	-1	-1	-1	-1	-1	-1	-1	-1	-1	-1	-1	-1	-1	-1	-1	-1	-1	-1	-1	-1	-1	-1	-1
XMTQyOTQ2NTMyOA==	98	-1	-1	-1	-1	-1	-1	-1	-1	-1	-1	-1	-1	-1	-1	-1	-1	-1	-1	-1	-1	-1	-1	-1	-1	-1	-1	-1	-1	-1
XMTQyOTI1MjMxMg==	672	1184	1517	1758	2275	2511	2679	2771	2811	2846	2891	2947	2984	4124	4895	5082	5182	5238	5273	5310	5346	5387	5611	5852	6047	6207	6306	-1	-1	-1
XMTQyOTMyODc4OA==	8	12	12	11	11	12	12	12	12	12	12	12	12	12	12	-1	-1	-1	-1	-1	-1	-1	-1	-1	-1	-1	-1	-1	-1	-1
XMTQyOTA1NzYwNA==	564	588	590	592	592	592	593	594	594	594	595	595	596	596	596	596	596	-1	-1	-1	-1	-1	-1	-1	-1	-1	-1	-1	-1	-1
XMTQyODcwMTUxMg==	8	9	7	5	-1	-1	-1	-1	-1	-1	-1	-1	-1	-1	-1	-1	-1	-1	-1	-1	-1	-1	-1	-1	-1	-1	-1	-1	-1	-1
XMTQyOTI1NzQ2NA==	14	21	21	25	28	35	36	-1	-1	-1	-1	-1	-1	-1	-1	-1	-1	-1	-1	-1	-1	-1	-1	-1	-1	-1	-1	-1	-1	-1
XMTQyOTQ1OTk1Ng==	2258	3319	3561	3477	3542	3577	3604	3639	3651	3668	-1	-1	-1	-1	-1	-1	-1	-1	-1	-1	-1	-1	-1	-1	-1	-1	-1	-1	-1	-1
XMTQyOTAyNDg3Ng==	5	6	-1	-1	-1	-1	-1	-1	-1	-1	-1	-1	-1	-1	-1	-1	-1	-1	-1	-1	-1	-1	-1	-1	-1	-1	-1	-1	-1	-1
XMTQyODQ3MTQ1Ng==	129	131	128	129	-1	-1	-1	-1	-1	-1	-1	-1	-1	-1	-1	-1	-1	-1	-1	-1	-1	-1	-1	-1	-1	-1	-1	-1	-1	-1
XMTQyOTAwMzQ1Mg==	65	65	65	65	65	65	65	65	65	65	65	-1	-1	-1	-1	-1	-1	-1	-1	-1	-1	-1	-1	-1	-1	-1	-1	-1	-1	-1
XMTQyOTMzMzQzMg==	2660	4336	-1	-1	-1	-1	-1	-1	-1	-1	-1	-1	-1	-1	-1	-1	-1	-1	-1	-1	-1	-1	-1	-1	-1	-1	-1	-1	-1	-1
XMTQyOTI0ODU3Ng==	10	11	10	11	10	9	9	10	10	10	10	10	10	10	10	10	10	10	10	10	10	10	-1	-1	-1	-1	-1	-1	-1	-1
XMTQyOTQ2MDgwMA==	195	283	-1	-1	-1	-1	-1	-1	-1	-1	-1	-1	-1	-1	-1	-1	-1	-1	-1	-1	-1	-1	-1	-1	-1	-1	-1	-1	-1	-1
XMTQyOTI0ODYyMA==	116	143	147	147	-1	-1	-1	-1	-1	-1	-1	-1	-1	-1	-1	-1	-1	-1	-1	-1	-1	-1	-1	-1	-1	-1	-1	-1	-1	-1
XMTQyODY3NDM5Ng==	17	17	15	14	14	14	14	14	14	14	-1	-1	-1	-1	-1	-1	-1	-1	-1	-1	-1	-1	-1	-1	-1	-1	-1	-1	-1	-1
XMTQyOTYwMTEwMA==	1	3	3	3	2	2	2	2	2	2	2	2	2	2	2	2	2	2	2	2	2	-1	-1	-1	-1	-1	-1	-1	-1	-1
XMTQzMDA2Mjc2OA==	32	104	132	134	161	167	168	170	171	173	175	178	179	181	183	-1	-1	-1	-1	-1	-1	-1	-1	-1	-1	-1	-1	-1	-1	-1
XMTQyOTEyMTIyMA==	7	7	7	7	7	7	-1	-1	-1	-1	-1	-1	-1	-1	-1	-1	-1	-1	-1	-1	-1	-1	-1	-1	-1	-1	-1	-1	-1	-1
XMTQyOTAwNzY1Ng==	34	37	34	34	36	36	37	38	38	41	41	41	41	41	41	41	41	42	42	42	42	42	42	42	42	42	-1	-1	-1	-1
XMTQyODgwMDA4NA==	325	337	338	338	339	341	-1	-1	-1	-1	-1	-1	-1	-1	-1	-1	-1	-1	-1	-1	-1	-1	-1	-1	-1	-1	-1	-1	-1	-1
XMTQyOTUxMTYzNg==	4	-1	-1	-1	-1	-1	-1	-1	-1	-1	-1	-1	-1	-1	-1	-1	-1	-1	-1	-1	-1	-1	-1	-1	-1	-1	-1	-1	-1	-1
XMTQzMDA3OTM2MA==	12	20	20	19	18	21	22	23	23	25	27	27	37	37	45	45	-1	-1	-1	-1	-1	-1	-1	-1	-1	-1	-1	-1	-1	-1
XMTQyOTcxODMyOA==	1	2	3	3	3	3	3	3	3	3	3	3	3	3	-1	-1	-1	-1	-1	-1	-1	-1	-1	-1	-1	-1	-1	-1	-1	-1
XMTQyOTE5MzA0OA==	5	-1	-1	-1	-1	-1	-1	-1	-1	-1	-1	-1	-1	-1	-1	-1	-1	-1	-1	-1	-1	-1	-1	-1	-1	-1	-1	-1	-1	-1
XMTQyOTIwMDU4NA==	5	-1	-1	-1	-1	-1	-1	-1	-1	-1	-1	-1	-1	-1	-1	-1	-1	-1	-1	-1	-1	-1	-1	-1	-1	-1	-1	-1	-1	-1
XMTQyODYwODU4MA==	38	42	50	51	52	-1	-1	-1	-1	-1	-1	-1	-1	-1	-1	-1	-1	-1	-1	-1	-1	-1	-1	-1	-1	-1	-1	-1	-1	-1
XMTQzMDI0NjA4OA==	8	-1	-1	-1	-1	-1	-1	-1	-1	-1	-1	-1	-1	-1	-1	-1	-1	-1	-1	-1	-1	-1	-1	-1	-1	-1	-1	-1	-1	-1
XMTQyOTk0NjA5Ng==	27287	183281	-1	-1	-1	-1	-1	-1	-1	-1	-1	-1	-1	-1	-1	-1	-1	-1	-1	-1	-1	-1	-1	-1	-1	-1	-1	-1	-1	-1
XMTQyOTA1OTkwOA==	21	29	-1	-1	-1	-1	-1	-1	-1	-1	-1	-1	-1	-1	-1	-1	-1	-1	-1	-1	-1	-1	-1	-1	-1	-1	-1	-1	-1	-1
XMTQyOTIyNzkzMg==	46054	46056	-1	-1	-1	-1	-1	-1	-1	-1	-1	-1	-1	-1	-1	-1	-1	-1	-1	-1	-1	-1	-1	-1	-1	-1	-1	-1	-1	-1
XMTQyODUzOTcyMA==	19	22	22	28	34	34	34	34	37	40	43	44	45	46	47	48	50	-1	-1	-1	-1	-1	-1	-1	-1	-1	-1	-1	-1	-1
XMTQyODcyOTI4MA==	446	452	431	431	430	430	431	434	-1	-1	-1	-1	-1	-1	-1	-1	-1	-1	-1	-1	-1	-1	-1	-1	-1	-1	-1	-1	-1	-1
XMTQyOTE1Mzk1Mg==	4	-1	-1	-1	-1	-1	-1	-1	-1	-1	-1	-1	-1	-1	-1	-1	-1	-1	-1	-1	-1	-1	-1	-1	-1	-1	-1	-1	-1	-1
XMTQyOTEyNDE1Mg==	184	291	401	437	471	477	481	499	503	505	510	518	521	525	-1	-1	-1	-1	-1	-1	-1	-1	-1	-1	-1	-1	-1	-1	-1	-1
XMTQzMDAxMTkwNA==	4	5	6	3	3	3	3	-1	-1	-1	-1	-1	-1	-1	-1	-1	-1	-1	-1	-1	-1	-1	-1	-1	-1	-1	-1	-1	-1	-1
XMTQyODcyOTgyOA==	34	40	38	38	38	38	39	39	-1	-1	-1	-1	-1	-1	-1	-1	-1	-1	-1	-1	-1	-1	-1	-1	-1	-1	-1	-1	-1	-1
XMTQyOTIxNDI1Ng==	12	13	15	24	25	25	25	26	26	29	29	30	30	30	30	30	-1	-1	-1	-1	-1	-1	-1	-1	-1	-1	-1	-1	-1	-1
XMTQyOTE4NDEwMA==	18	25	27	29	32	38	39	42	45	46	52	52	55	52	53	-1	-1	-1	-1	-1	-1	-1	-1	-1	-1	-1	-1	-1	-1	-1
XMTQzMDE5MDgyNA==	2	69	-1	-1	-1	-1	-1	-1	-1	-1	-1	-1	-1	-1	-1	-1	-1	-1	-1	-1	-1	-1	-1	-1	-1	-1	-1	-1	-1	-1
XMTQyOTEwODgxNg==	8	-1	-1	-1	-1	-1	-1	-1	-1	-1	-1	-1	-1	-1	-1	-1	-1	-1	-1	-1	-1	-1	-1	-1	-1	-1	-1	-1	-1	-1
XMTQyODQwNjM4MA==	115	117	114	118	123	129	129	133	135	136	136	137	137	142	152	161	167	168	170	172	-1	-1	-1	-1	-1	-1	-1	-1	-1	-1
XMTQyOTM0MDE0OA==	20	23	24	26	-1	-1	-1	-1	-1	-1	-1	-1	-1	-1	-1	-1	-1	-1	-1	-1	-1	-1	-1	-1	-1	-1	-1	-1	-1	-1
XMTQyOTI1ODI1Ng==	6	7	5	4	4	4	4	4	4	4	4	4	4	4	4	4	4	-1	-1	-1	-1	-1	-1	-1	-1	-1	-1	-1	-1	-1
XMTQyODg0NDAyMA==	65	70	70	71	71	73	73	75	77	78	78	78	78	78	78	78	78	79	79	79	79	79	79	79	79	81	81	81	82	-1
XMTQyOTE5MjcwMA==	7	-1	-1	-1	-1	-1	-1	-1	-1	-1	-1	-1	-1	-1	-1	-1	-1	-1	-1	-1	-1	-1	-1	-1	-1	-1	-1	-1	-1	-1
XMTQyOTEwNzAyOA==	144	152	153	164	178	185	192	197	212	217	226	233	236	242	247	250	256	259	266	273	275	276	-1	-1	-1	-1	-1	-1	-1	-1
XMTQyOTgzOTE2NA==	23	-1	-1	-1	-1	-1	-1	-1	-1	-1	-1	-1	-1	-1	-1	-1	-1	-1	-1	-1	-1	-1	-1	-1	-1	-1	-1	-1	-1	-1
XMTQyOTA4MTgxNg==	45	58	63	64	70	-1	-1	-1	-1	-1	-1	-1	-1	-1	-1	-1	-1	-1	-1	-1	-1	-1	-1	-1	-1	-1	-1	-1	-1	-1
XMTQyODQ5MTMxMg==	13	13	10	9	9	9	9	9	9	9	9	9	9	9	9	9	9	9	9	9	9	-1	-1	-1	-1	-1	-1	-1	-1	-1
XMTQyODg4MDk1Mg==	92	115	116	135	142	180	190	201	207	214	-1	-1	-1	-1	-1	-1	-1	-1	-1	-1	-1	-1	-1	-1	-1	-1	-1	-1	-1	-1
XMTQzMDE2MjU1Ng==	975	1479	1656	1762	1865	1912	-1	-1	-1	-1	-1	-1	-1	-1	-1	-1	-1	-1	-1	-1	-1	-1	-1	-1	-1	-1	-1	-1	-1	-1
XMTQyOTI5MzkwMA==	28	30	29	29	29	30	32	32	32	33	37	39	42	42	42	46	47	49	-1	-1	-1	-1	-1	-1	-1	-1	-1	-1	-1	-1
XMTQyODg1MDAyNA==	34	36	-1	-1	-1	-1	-1	-1	-1	-1	-1	-1	-1	-1	-1	-1	-1	-1	-1	-1	-1	-1	-1	-1	-1	-1	-1	-1	-1	-1
XMTQyODM0Mjg0OA==	160	176	185	196	220	228	240	255	260	271	284	288	289	291	298	304	-1	-1	-1	-1	-1	-1	-1	-1	-1	-1	-1	-1	-1	-1
XMTQyOTM5NzEwMA==	18	19	-1	-1	-1	-1	-1	-1	-1	-1	-1	-1	-1	-1	-1	-1	-1	-1	-1	-1	-1	-1	-1	-1	-1	-1	-1	-1	-1	-1
XMTQyOTA3MjM0NA==	217	260	266	-1	-1	-1	-1	-1	-1	-1	-1	-1	-1	-1	-1	-1	-1	-1	-1	-1	-1	-1	-1	-1	-1	-1	-1	-1	-1	-1
XMTQyOTYzNzk2OA==	4	5	5	3	3	3	3	3	3	3	3	3	3	3	4	-1	-1	-1	-1	-1	-1	-1	-1	-1	-1	-1	-1	-1	-1	-1
XMTQyOTU5Nzc1Mg==	6	-1	-1	-1	-1	-1	-1	-1	-1	-1	-1	-1	-1	-1	-1	-1	-1	-1	-1	-1	-1	-1	-1	-1	-1	-1	-1	-1	-1	-1
XMTQyOTE4NjE4MA==	49	52	53	53	53	106	163	166	163	164	165	166	168	168	168	169	173	175	175	175	176	176	176	177	-1	-1	-1	-1	-1	-1
XMTQyODk4MDY0OA==	61	61	56	57	57	57	57	57	57	57	57	57	57	57	57	57	57	57	-1	-1	-1	-1	-1	-1	-1	-1	-1	-1	-1	-1
XMTQyOTYyNzc5Mg==	93	-1	-1	-1	-1	-1	-1	-1	-1	-1	-1	-1	-1	-1	-1	-1	-1	-1	-1	-1	-1	-1	-1	-1	-1	-1	-1	-1	-1	-1
XMTQzMDE2MTQzNg==	518	-1	-1	-1	-1	-1	-1	-1	-1	-1	-1	-1	-1	-1	-1	-1	-1	-1	-1	-1	-1	-1	-1	-1	-1	-1	-1	-1	-1	-1
XMTQyODUzNDQzMg==	8	8	-1	-1	-1	-1	-1	-1	-1	-1	-1	-1	-1	-1	-1	-1	-1	-1	-1	-1	-1	-1	-1	-1	-1	-1	-1	-1	-1	-1
XMTQzMDA4NTQ5Mg==	1	70	-1	-1	-1	-1	-1	-1	-1	-1	-1	-1	-1	-1	-1	-1	-1	-1	-1	-1	-1	-1	-1	-1	-1	-1	-1	-1	-1	-1
XMTQyODk3MTUwMA==	118	123	124	121	123	123	124	124	124	124	124	125	125	125	126	127	127	127	128	129	129	129	131	131	131	131	131	-1	-1	-1
XMTQyODk2Nzc5Ng==	613	685	-1	-1	-1	-1	-1	-1	-1	-1	-1	-1	-1	-1	-1	-1	-1	-1	-1	-1	-1	-1	-1	-1	-1	-1	-1	-1	-1	-1
XMTQyODcxOTMyNA==	-1	-1	-1	-1	-1	-1	-1	-1	-1	-1	-1	-1	-1	-1	-1	-1	-1	-1	-1	-1	-1	-1	-1	-1	-1	-1	-1	-1	-1	-1
XMTQzMDA5MzU5Ng==	1	4	7	6	6	9	9	10	11	11	11	11	11	11	-1	-1	-1	-1	-1	-1	-1	-1	-1	-1	-1	-1	-1	-1	-1	-1
XMTQyODU4NzU4NA==	18	18	16	16	16	17	17	17	17	17	17	17	18	18	18	18	18	18	20	20	20	-1	-1	-1	-1	-1	-1	-1	-1	-1
XMTQyOTYyNTk0NA==	26	-1	-1	-1	-1	-1	-1	-1	-1	-1	-1	-1	-1	-1	-1	-1	-1	-1	-1	-1	-1	-1	-1	-1	-1	-1	-1	-1	-1	-1
XMTQyOTQyMzA2MA==	3	3	4	4	4	4	4	5	5	5	5	6	-1	-1	-1	-1	-1	-1	-1	-1	-1	-1	-1	-1	-1	-1	-1	-1	-1	-1
XMTQyOTIzMDM5Ng==	-1	-1	-1	-1	-1	-1	-1	-1	-1	-1	-1	-1	-1	-1	-1	-1	-1	-1	-1	-1	-1	-1	-1	-1	-1	-1	-1	-1	-1	-1
XMTQyODc1MTYzMg==	10	13	12	12	12	13	-1	-1	-1	-1	-1	-1	-1	-1	-1	-1	-1	-1	-1	-1	-1	-1	-1	-1	-1	-1	-1	-1	-1	-1
XMTQyOTM5ODE1Ng==	8	-1	-1	-1	-1	-1	-1	-1	-1	-1	-1	-1	-1	-1	-1	-1	-1	-1	-1	-1	-1	-1	-1	-1	-1	-1	-1	-1	-1	-1
XMTQyOTIxNzgwNA==	683	944	1144	1271	1480	1523	-1	-1	-1	-1	-1	-1	-1	-1	-1	-1	-1	-1	-1	-1	-1	-1	-1	-1	-1	-1	-1	-1	-1	-1
XMTQyODg0NzU4MA==	343	455	538	662	779	793	826	841	861	881	911	938	949	962	964	970	978	994	1001	1012	1015	1020	-1	-1	-1	-1	-1	-1	-1	-1
XMTQyOTEzNjgyNA==	3	-1	-1	-1	-1	-1	-1	-1	-1	-1	-1	-1	-1	-1	-1	-1	-1	-1	-1	-1	-1	-1	-1	-1	-1	-1	-1	-1	-1	-1
XMTQyODM4MDkyNA==	281	331	344	401	428	437	445	450	453	456	459	463	468	470	476	478	479	480	481	482	484	486	486	-1	-1	-1	-1	-1	-1	-1
XMTQyOTEzMzA3Ng==	130780	-1	-1	-1	-1	-1	-1	-1	-1	-1	-1	-1	-1	-1	-1	-1	-1	-1	-1	-1	-1	-1	-1	-1	-1	-1	-1	-1	-1	-1
XMTQyOTIxODEwNA==	48	59	66	66	66	66	67	67	67	67	67	67	67	68	68	68	68	68	68	68	68	68	68	68	-1	-1	-1	-1	-1	-1
XMTQyOTY5MDExMg==	43	-1	-1	-1	-1	-1	-1	-1	-1	-1	-1	-1	-1	-1	-1	-1	-1	-1	-1	-1	-1	-1	-1	-1	-1	-1	-1	-1	-1	-1
XMTQyOTU1MDUwMA==	12	13	15	18	18	19	20	20	20	22	25	25	28	28	30	31	32	32	38	39	40	42	44	45	45	45	-1	-1	-1	-1
XMTQyOTIzMzc5Mg==	5	5	4	4	4	4	4	4	4	4	4	4	4	4	4	4	-1	-1	-1	-1	-1	-1	-1	-1	-1	-1	-1	-1	-1	-1
XMTQyOTIyNTQ4NA==	257	275	282	267	267	268	268	268	271	272	272	272	272	-1	-1	-1	-1	-1	-1	-1	-1	-1	-1	-1	-1	-1	-1	-1	-1	-1
XMTQyOTE4NDQwNA==	6	8	7	9	9	10	11	-1	-1	-1	-1	-1	-1	-1	-1	-1	-1	-1	-1	-1	-1	-1	-1	-1	-1	-1	-1	-1	-1	-1
XMTQzMDE4NDMyNA==	10	-1	-1	-1	-1	-1	-1	-1	-1	-1	-1	-1	-1	-1	-1	-1	-1	-1	-1	-1	-1	-1	-1	-1	-1	-1	-1	-1	-1	-1
XMTQzMDA4MDE0MA==	-1	-1	-1	-1	-1	-1	-1	-1	-1	-1	-1	-1	-1	-1	-1	-1	-1	-1	-1	-1	-1	-1	-1	-1	-1	-1	-1	-1	-1	-1
XMTQyOTY2OTI1Mg==	-1	-1	-1	-1	-1	-1	-1	-1	-1	-1	-1	-1	-1	-1	-1	-1	-1	-1	-1	-1	-1	-1	-1	-1	-1	-1	-1	-1	-1	-1
XMTQyOTMwNDM4MA==	-1	-1	-1	-1	-1	-1	-1	-1	-1	-1	-1	-1	-1	-1	-1	-1	-1	-1	-1	-1	-1	-1	-1	-1	-1	-1	-1	-1	-1	-1
XMTQyOTE5NzU3Mg==	8	-1	-1	-1	-1	-1	-1	-1	-1	-1	-1	-1	-1	-1	-1	-1	-1	-1	-1	-1	-1	-1	-1	-1	-1	-1	-1	-1	-1	-1
XMTQyOTQxNDIzNg==	222	234	236	-1	-1	-1	-1	-1	-1	-1	-1	-1	-1	-1	-1	-1	-1	-1	-1	-1	-1	-1	-1	-1	-1	-1	-1	-1	-1	-1
XMTQyODkzNzY4MA==	2	2	2	2	2	2	-1	-1	-1	-1	-1	-1	-1	-1	-1	-1	-1	-1	-1	-1	-1	-1	-1	-1	-1	-1	-1	-1	-1	-1
XMTQyOTczMTU3Mg==	173	328	382	398	412	423	430	438	442	448	453	477	478	478	480	482	482	483	483	483	485	485	487	487	489	491	-1	-1	-1	-1
XMTQyODU1ODEwOA==	19	21	21	-1	-1	-1	-1	-1	-1	-1	-1	-1	-1	-1	-1	-1	-1	-1	-1	-1	-1	-1	-1	-1	-1	-1	-1	-1	-1	-1
XMTQyODg3OTYyOA==	13	13	12	12	12	12	12	12	12	-1	-1	-1	-1	-1	-1	-1	-1	-1	-1	-1	-1	-1	-1	-1	-1	-1	-1	-1	-1	-1
XMTQyODY5ODcxNg==	30	30	30	32	32	32	32	33	35	40	-1	-1	-1	-1	-1	-1	-1	-1	-1	-1	-1	-1	-1	-1	-1	-1	-1	-1	-1	-1
XMTQyODg3NjE3Ng==	65	-1	-1	-1	-1	-1	-1	-1	-1	-1	-1	-1	-1	-1	-1	-1	-1	-1	-1	-1	-1	-1	-1	-1	-1	-1	-1	-1	-1	-1
XMTQyOTc4MjY5Ng==	16	46	57	57	57	56	56	56	57	57	57	57	57	-1	-1	-1	-1	-1	-1	-1	-1	-1	-1	-1	-1	-1	-1	-1	-1	-1
XMTQyOTA2NzIzNg==	72	93	107	116	120	126	127	140	142	146	148	148	149	152	154	154	-1	-1	-1	-1	-1	-1	-1	-1	-1	-1	-1	-1	-1	-1
XMTQyODc5MjYwMA==	295	313	319	318	322	326	331	333	333	337	341	343	343	346	346	347	348	349	349	351	352	352	355	357	359	359	359	361	-1	-1
XMTQyODg1NjMzNg==	76	102	110	115	127	137	-1	-1	-1	-1	-1	-1	-1	-1	-1	-1	-1	-1	-1	-1	-1	-1	-1	-1	-1	-1	-1	-1	-1	-1
XMTQyOTEyNjIyNA==	763	1128	1792	1874	1938	1949	1964	1983	2000	2018	2062	2089	2099	2109	-1	-1	-1	-1	-1	-1	-1	-1	-1	-1	-1	-1	-1	-1	-1	-1
XMTQyOTAwODU1Ng==	15	16	17	20	20	20	21	21	21	21	22	22	22	22	22	22	22	22	-1	-1	-1	-1	-1	-1	-1	-1	-1	-1	-1	-1
XMTQyODYwNTQwOA==	4	4	3	3	3	3	3	4	4	4	4	4	4	4	5	-1	-1	-1	-1	-1	-1	-1	-1	-1	-1	-1	-1	-1	-1	-1
XMTQyOTg0MDI0NA==	28	41	43	43	45	-1	-1	-1	-1	-1	-1	-1	-1	-1	-1	-1	-1	-1	-1	-1	-1	-1	-1	-1	-1	-1	-1	-1	-1	-1
XMTQyOTAyMzUwMA==	447	-1	-1	-1	-1	-1	-1	-1	-1	-1	-1	-1	-1	-1	-1	-1	-1	-1	-1	-1	-1	-1	-1	-1	-1	-1	-1	-1	-1	-1
XMTQyODk5NzE4OA==	9	9	10	10	10	10	10	10	10	10	10	10	10	10	11	11	11	11	11	11	11	-1	-1	-1	-1	-1	-1	-1	-1	-1
XMTQyOTM1NTQwOA==	19	24	-1	-1	-1	-1	-1	-1	-1	-1	-1	-1	-1	-1	-1	-1	-1	-1	-1	-1	-1	-1	-1	-1	-1	-1	-1	-1	-1	-1
XMTQyOTYxMjM0MA==	-1	-1	-1	-1	-1	-1	-1	-1	-1	-1	-1	-1	-1	-1	-1	-1	-1	-1	-1	-1	-1	-1	-1	-1	-1	-1	-1	-1	-1	-1
XMTQzMDEyNTk1Mg==	1	-1	-1	-1	-1	-1	-1	-1	-1	-1	-1	-1	-1	-1	-1	-1	-1	-1	-1	-1	-1	-1	-1	-1	-1	-1	-1	-1	-1	-1
XMTQyOTE5NDI4OA==	5	-1	-1	-1	-1	-1	-1	-1	-1	-1	-1	-1	-1	-1	-1	-1	-1	-1	-1	-1	-1	-1	-1	-1	-1	-1	-1	-1	-1	-1
XMTQyODUwMTE0MA==	90	98	108	110	120	124	125	145	146	154	160	161	161	164	164	165	165	166	173	186	188	188	190	190	190	190	-1	-1	-1	-1
XMTQyOTI1ODAzNg==	100032	-1	-1	-1	-1	-1	-1	-1	-1	-1	-1	-1	-1	-1	-1	-1	-1	-1	-1	-1	-1	-1	-1	-1	-1	-1	-1	-1	-1	-1
XMTQzMDEyNTQyMA==	2	-1	-1	-1	-1	-1	-1	-1	-1	-1	-1	-1	-1	-1	-1	-1	-1	-1	-1	-1	-1	-1	-1	-1	-1	-1	-1	-1	-1	-1
XMTQyOTE2MDcwMA==	46	54	-1	-1	-1	-1	-1	-1	-1	-1	-1	-1	-1	-1	-1	-1	-1	-1	-1	-1	-1	-1	-1	-1	-1	-1	-1	-1	-1	-1
XMTQyOTM2Njg3Mg==	288	412	428	427	420	421	-1	-1	-1	-1	-1	-1	-1	-1	-1	-1	-1	-1	-1	-1	-1	-1	-1	-1	-1	-1	-1	-1	-1	-1
XMTQyOTU3NTQ0NA==	36	44	44	-1	-1	-1	-1	-1	-1	-1	-1	-1	-1	-1	-1	-1	-1	-1	-1	-1	-1	-1	-1	-1	-1	-1	-1	-1	-1	-1
XMTQyODgzODMzMg==	6	6	6	6	6	6	11	11	11	-1	-1	-1	-1	-1	-1	-1	-1	-1	-1	-1	-1	-1	-1	-1	-1	-1	-1	-1	-1	-1
XMTQyOTAyNjIyOA==	-1	-1	-1	-1	-1	-1	-1	-1	-1	-1	-1	-1	-1	-1	-1	-1	-1	-1	-1	-1	-1	-1	-1	-1	-1	-1	-1	-1	-1	-1
XMTQyOTQwNzQxNg==	19	24	-1	-1	-1	-1	-1	-1	-1	-1	-1	-1	-1	-1	-1	-1	-1	-1	-1	-1	-1	-1	-1	-1	-1	-1	-1	-1	-1	-1
XMTQyOTI3NDk3Mg==	11	14	-1	-1	-1	-1	-1	-1	-1	-1	-1	-1	-1	-1	-1	-1	-1	-1	-1	-1	-1	-1	-1	-1	-1	-1	-1	-1	-1	-1
XMTQyODgwNzQxNg==	25	27	27	27	28	34	53	61	65	69	78	79	79	79	81	82	86	-1	-1	-1	-1	-1	-1	-1	-1	-1	-1	-1	-1	-1
XMTQyOTg3OTQ2OA==	3	7	12	11	11	11	11	11	11	11	11	11	11	11	11	11	11	11	11	11	11	11	-1	-1	-1	-1	-1	-1	-1	-1
XMTQyOTM5OTY0MA==	16	28	29	-1	-1	-1	-1	-1	-1	-1	-1	-1	-1	-1	-1	-1	-1	-1	-1	-1	-1	-1	-1	-1	-1	-1	-1	-1	-1	-1
XMTQyOTc4ODIzMg==	2	10	10	-1	-1	-1	-1	-1	-1	-1	-1	-1	-1	-1	-1	-1	-1	-1	-1	-1	-1	-1	-1	-1	-1	-1	-1	-1	-1	-1
XMTQyOTYyOTEwMA==	3	-1	-1	-1	-1	-1	-1	-1	-1	-1	-1	-1	-1	-1	-1	-1	-1	-1	-1	-1	-1	-1	-1	-1	-1	-1	-1	-1	-1	-1
XMTQyOTI2Mzk5Mg==	-1	-1	-1	-1	-1	-1	-1	-1	-1	-1	-1	-1	-1	-1	-1	-1	-1	-1	-1	-1	-1	-1	-1	-1	-1	-1	-1	-1	-1	-1
XMTQyODY5NzQxMg==	80	87	95	97	107	108	127	131	136	150	-1	-1	-1	-1	-1	-1	-1	-1	-1	-1	-1	-1	-1	-1	-1	-1	-1	-1	-1	-1
XMTQyOTEwNTk4MA==	274	369	424	477	500	504	510	511	512	516	524	528	528	527	-1	-1	-1	-1	-1	-1	-1	-1	-1	-1	-1	-1	-1	-1	-1	-1
XMTQyOTEwODM5Mg==	5778	6279	6279	626	626	626	626	626	626	626	626	626	626	626	626	626	626	626	626	626	626	626	-1	-1	-1	-1	-1	-1	-1	-1
XMTQyOTUwOTczNg==	3430	3430	-1	-1	-1	-1	-1	-1	-1	-1	-1	-1	-1	-1	-1	-1	-1	-1	-1	-1	-1	-1	-1	-1	-1	-1	-1	-1	-1	-1
XMTQyODUwNDE0MA==	185	204	206	209	211	212	214	219	220	-1	-1	-1	-1	-1	-1	-1	-1	-1	-1	-1	-1	-1	-1	-1	-1	-1	-1	-1	-1	-1
XMTQyOTc2Mzk0OA==	10	14	14	14	14	14	23	23	25	26	26	27	27	27	27	27	-1	-1	-1	-1	-1	-1	-1	-1	-1	-1	-1	-1	-1	-1
XMTQzMDAzODEyOA==	1	2	2	2	2	2	3	5	5	5	5	5	5	5	5	5	5	5	5	5	-1	-1	-1	-1	-1	-1	-1	-1	-1	-1
XMTQyOTA3NzM1Ng==	7	7	-1	-1	-1	-1	-1	-1	-1	-1	-1	-1	-1	-1	-1	-1	-1	-1	-1	-1	-1	-1	-1	-1	-1	-1	-1	-1	-1	-1
XMTQyOTUxODA4MA==	10	11	11	10	10	10	10	10	10	10	10	10	10	11	11	11	-1	-1	-1	-1	-1	-1	-1	-1	-1	-1	-1	-1	-1	-1
XMTQyOTIyOTE2MA==	91	165	325	387	444	456	467	472	478	487	513	527	531	531	539	542	549	571	585	595	-1	-1	-1	-1	-1	-1	-1	-1	-1	-1
XMTQyODY4NDExMg==	1137	1220	1240	1254	1265	1288	1334	1422	1455	1462	1494	-1	-1	-1	-1	-1	-1	-1	-1	-1	-1	-1	-1	-1	-1	-1	-1	-1	-1	-1
XMTQyOTQzODg3Mg==	3	3	4	3	3	3	3	3	3	3	3	3	-1	-1	-1	-1	-1	-1	-1	-1	-1	-1	-1	-1	-1	-1	-1	-1	-1	-1
XMTQyOTQ1NzA0OA==	-1	-1	-1	-1	-1	-1	-1	-1	-1	-1	-1	-1	-1	-1	-1	-1	-1	-1	-1	-1	-1	-1	-1	-1	-1	-1	-1	-1	-1	-1
XMTQyODY5OTIyOA==	135	145	139	143	144	143	147	155	160	170	-1	-1	-1	-1	-1	-1	-1	-1	-1	-1	-1	-1	-1	-1	-1	-1	-1	-1	-1	-1
XMTQyODkzNDYwNA==	57	-1	-1	-1	-1	-1	-1	-1	-1	-1	-1	-1	-1	-1	-1	-1	-1	-1	-1	-1	-1	-1	-1	-1	-1	-1	-1	-1	-1	-1
XMTQyOTA4Njk3Ng==	50	52	50	51	53	53	54	54	57	57	57	58	58	58	58	59	61	61	61	61	61	62	63	64	65	66	67	67	67	-1
XMTQyOTEwNDk3Mg==	122	134	161	174	175	175	176	179	180	180	185	185	186	186	-1	-1	-1	-1	-1	-1	-1	-1	-1	-1	-1	-1	-1	-1	-1	-1
XMTQyOTcyMDk5Ng==	2	2	2	1	1	1	1	1	1	1	1	1	1	1	-1	-1	-1	-1	-1	-1	-1	-1	-1	-1	-1	-1	-1	-1	-1	-1
XMTQyOTEwNTQ3Ng==	174	196	235	253	256	257	257	261	263	263	265	268	270	271	-1	-1	-1	-1	-1	-1	-1	-1	-1	-1	-1	-1	-1	-1	-1	-1
XMTQyOTY4NDgxNg==	67	-1	-1	-1	-1	-1	-1	-1	-1	-1	-1	-1	-1	-1	-1	-1	-1	-1	-1	-1	-1	-1	-1	-1	-1	-1	-1	-1	-1	-1
XMTQyOTM0Nzg5Mg==	24	32	33	33	33	33	33	33	34	34	34	34	34	34	34	34	34	34	35	35	35	35	35	37	37	37	37	37	-1	-1
XMTQyOTU0NzYxNg==	113	131	136	135	136	139	139	140	-1	-1	-1	-1	-1	-1	-1	-1	-1	-1	-1	-1	-1	-1	-1	-1	-1	-1	-1	-1	-1	-1
XMTQyODY0NDA0OA==	31	31	27	28	29	29	28	28	30	31	32	32	32	33	34	34	35	35	-1	-1	-1	-1	-1	-1	-1	-1	-1	-1	-1	-1
XMTQyOTk5OTU1Mg==	1	2	2	2	2	2	3	-1	-1	-1	-1	-1	-1	-1	-1	-1	-1	-1	-1	-1	-1	-1	-1	-1	-1	-1	-1	-1	-1	-1
XMTQyODgxOTgwMA==	3	-1	-1	-1	-1	-1	-1	-1	-1	-1	-1	-1	-1	-1	-1	-1	-1	-1	-1	-1	-1	-1	-1	-1	-1	-1	-1	-1	-1	-1
XMTQyOTY4OTY3Ng==	144	254	267	267	267	272	276	278	281	281	285	292	297	301	308	310	311	312	313	313	315	317	-1	-1	-1	-1	-1	-1	-1	-1
XMTQyOTMyNzEzMg==	-1	-1	-1	-1	-1	-1	-1	-1	-1	-1	-1	-1	-1	-1	-1	-1	-1	-1	-1	-1	-1	-1	-1	-1	-1	-1	-1	-1	-1	-1
XMTQzMDE1MzQzNg==	1	3	4	-1	-1	-1	-1	-1	-1	-1	-1	-1	-1	-1	-1	-1	-1	-1	-1	-1	-1	-1	-1	-1	-1	-1	-1	-1	-1	-1
XMTQyOTI3MjIwOA==	-1	-1	-1	-1	-1	-1	-1	-1	-1	-1	-1	-1	-1	-1	-1	-1	-1	-1	-1	-1	-1	-1	-1	-1	-1	-1	-1	-1	-1	-1
XMTQyOTc3MjcyNA==	18	18	18	17	17	17	17	-1	-1	-1	-1	-1	-1	-1	-1	-1	-1	-1	-1	-1	-1	-1	-1	-1	-1	-1	-1	-1	-1	-1
XMTQyODg3MTAyOA==	287	329	-1	-1	-1	-1	-1	-1	-1	-1	-1	-1	-1	-1	-1	-1	-1	-1	-1	-1	-1	-1	-1	-1	-1	-1	-1	-1	-1	-1
XMTQyOTg4MzgyNA==	17	61	70	77	76	77	77	78	79	80	80	80	80	-1	-1	-1	-1	-1	-1	-1	-1	-1	-1	-1	-1	-1	-1	-1	-1	-1
XMTQyOTI5NDU2OA==	49	54	54	56	-1	-1	-1	-1	-1	-1	-1	-1	-1	-1	-1	-1	-1	-1	-1	-1	-1	-1	-1	-1	-1	-1	-1	-1	-1	-1
XMTQyOTM2NTQwNA==	280	358	389	397	410	412	422	427	432	434	437	447	-1	-1	-1	-1	-1	-1	-1	-1	-1	-1	-1	-1	-1	-1	-1	-1	-1	-1
XMTQyOTQzMTY0MA==	7	8	8	8	11	11	11	-1	-1	-1	-1	-1	-1	-1	-1	-1	-1	-1	-1	-1	-1	-1	-1	-1	-1	-1	-1	-1	-1	-1
XMTQyOTMyOTYyOA==	16	21	22	22	22	25	25	25	25	25	25	25	25	25	25	25	25	25	25	25	25	25	25	-1	-1	-1	-1	-1	-1	-1
XMTQyOTUxMTM1Ng==	155	190	199	199	204	217	218	222	222	-1	-1	-1	-1	-1	-1	-1	-1	-1	-1	-1	-1	-1	-1	-1	-1	-1	-1	-1	-1	-1
XMTQyMTU2MDI1Mg==	42	-1	-1	-1	-1	-1	-1	-1	-1	-1	-1	-1	-1	-1	-1	-1	-1	-1	-1	-1	-1	-1	-1	-1	-1	-1	-1	-1	-1	-1
XMTQyOTEwNDYwOA==	27	-1	-1	-1	-1	-1	-1	-1	-1	-1	-1	-1	-1	-1	-1	-1	-1	-1	-1	-1	-1	-1	-1	-1	-1	-1	-1	-1	-1	-1
XMTQyOTA0ODA3Ng==	103	113	119	119	120	120	120	121	-1	-1	-1	-1	-1	-1	-1	-1	-1	-1	-1	-1	-1	-1	-1	-1	-1	-1	-1	-1	-1	-1
XMTQyOTYxNjIyNA==	46	-1	-1	-1	-1	-1	-1	-1	-1	-1	-1	-1	-1	-1	-1	-1	-1	-1	-1	-1	-1	-1	-1	-1	-1	-1	-1	-1	-1	-1
XMTQyOTA1Nzg0NA==	-1	-1	-1	-1	-1	-1	-1	-1	-1	-1	-1	-1	-1	-1	-1	-1	-1	-1	-1	-1	-1	-1	-1	-1	-1	-1	-1	-1	-1	-1
XMTQyOTAyMzM0OA==	251	253	246	249	249	249	249	249	249	249	249	250	250	-1	-1	-1	-1	-1	-1	-1	-1	-1	-1	-1	-1	-1	-1	-1	-1	-1
XMTQyODIzMjM2MA==	81	85	86	86	86	-1	-1	-1	-1	-1	-1	-1	-1	-1	-1	-1	-1	-1	-1	-1	-1	-1	-1	-1	-1	-1	-1	-1	-1	-1
XMTQzMDExOTAxNg==	1354	2791	2890	2746	-1	-1	-1	-1	-1	-1	-1	-1	-1	-1	-1	-1	-1	-1	-1	-1	-1	-1	-1	-1	-1	-1	-1	-1	-1	-1
XMTQyOTM2NjY0NA==	36	61	76	87	93	104	111	119	122	-1	-1	-1	-1	-1	-1	-1	-1	-1	-1	-1	-1	-1	-1	-1	-1	-1	-1	-1	-1	-1
XMTQyOTgwOTI3Ng==	1	14	14	15	15	15	15	-1	-1	-1	-1	-1	-1	-1	-1	-1	-1	-1	-1	-1	-1	-1	-1	-1	-1	-1	-1	-1	-1	-1
XMTQyOTM2ODAyOA==	145	354	923	1156	1382	1553	1807	2148	2305	2430	2616	2765	2840	-1	-1	-1	-1	-1	-1	-1	-1	-1	-1	-1	-1	-1	-1	-1	-1	-1
XMTQyOTE1NjM4MA==	19	20	20	20	20	20	20	20	20	20	20	20	20	20	20	-1	-1	-1	-1	-1	-1	-1	-1	-1	-1	-1	-1	-1	-1	-1
XMTQyODk1MDAwNA==	165	168	178	340	395	400	383	385	387	388	399	-1	-1	-1	-1	-1	-1	-1	-1	-1	-1	-1	-1	-1	-1	-1	-1	-1	-1	-1
XMTQyODM4NTcyNA==	77	109	112	111	-1	-1	-1	-1	-1	-1	-1	-1	-1	-1	-1	-1	-1	-1	-1	-1	-1	-1	-1	-1	-1	-1	-1	-1	-1	-1
XMTQzMDE0MTQ4OA==	8	15	18	-1	-1	-1	-1	-1	-1	-1	-1	-1	-1	-1	-1	-1	-1	-1	-1	-1	-1	-1	-1	-1	-1	-1	-1	-1	-1	-1
XMTQyOTExMTgzMg==	14	16	15	15	15	-1	-1	-1	-1	-1	-1	-1	-1	-1	-1	-1	-1	-1	-1	-1	-1	-1	-1	-1	-1	-1	-1	-1	-1	-1
XMTQyOTgyMzY2MA==	60	-1	-1	-1	-1	-1	-1	-1	-1	-1	-1	-1	-1	-1	-1	-1	-1	-1	-1	-1	-1	-1	-1	-1	-1	-1	-1	-1	-1	-1
XMTQyOTIyNzUwMA==	57	64	64	64	-1	-1	-1	-1	-1	-1	-1	-1	-1	-1	-1	-1	-1	-1	-1	-1	-1	-1	-1	-1	-1	-1	-1	-1	-1	-1
XMTQyOTcwNzQwNA==	234	-1	-1	-1	-1	-1	-1	-1	-1	-1	-1	-1	-1	-1	-1	-1	-1	-1	-1	-1	-1	-1	-1	-1	-1	-1	-1	-1	-1	-1
XMTQzMDE4MzAxNg==	1	18	20	20	21	21	21	21	21	21	21	21	21	21	21	21	21	21	21	21	21	21	21	21	21	-1	-1	-1	-1	-1
XMTQyODc2MTk4MA==	49	56	58	71	71	74	72	74	74	74	75	75	76	77	78	77	-1	-1	-1	-1	-1	-1	-1	-1	-1	-1	-1	-1	-1	-1
XMTQyOTQ2MzA3Ng==	50	61	61	59	59	61	63	63	63	63	63	63	63	63	63	63	63	63	63	63	-1	-1	-1	-1	-1	-1	-1	-1	-1	-1
XMTQyOTEyMTc5Mg==	888	1071	1572	1768	1922	1977	2021	2068	2131	2189	2311	2390	2421	2444	-1	-1	-1	-1	-1	-1	-1	-1	-1	-1	-1	-1	-1	-1	-1	-1
XMTQyOTM0ODkwMA==	7	7	-1	-1	-1	-1	-1	-1	-1	-1	-1	-1	-1	-1	-1	-1	-1	-1	-1	-1	-1	-1	-1	-1	-1	-1	-1	-1	-1	-1
XMTQyOTM3MTY1Mg==	8	14	20	29	-1	-1	-1	-1	-1	-1	-1	-1	-1	-1	-1	-1	-1	-1	-1	-1	-1	-1	-1	-1	-1	-1	-1	-1	-1	-1
XMTQyOTQwNzkxNg==	39	62	62	59	58	58	58	-1	-1	-1	-1	-1	-1	-1	-1	-1	-1	-1	-1	-1	-1	-1	-1	-1	-1	-1	-1	-1	-1	-1
XMTQyOTI3Mzk5Ng==	521	732	-1	-1	-1	-1	-1	-1	-1	-1	-1	-1	-1	-1	-1	-1	-1	-1	-1	-1	-1	-1	-1	-1	-1	-1	-1	-1	-1	-1
XMTQyOTMyMTk3Mg==	152	165	170	159	160	159	161	160	165	166	166	166	167	-1	-1	-1	-1	-1	-1	-1	-1	-1	-1	-1	-1	-1	-1	-1	-1	-1
XMTQyOTkzODM1Mg==	7	7	8	6	6	8	13	13	14	15	15	-1	-1	-1	-1	-1	-1	-1	-1	-1	-1	-1	-1	-1	-1	-1	-1	-1	-1	-1
XMTQyODg1MTkwMA==	542	591	619	698	806	838	870	901	936	989	1042	1102	1145	1170	1223	1275	1345	1444	1529	1585	1630	1696	-1	-1	-1	-1	-1	-1	-1	-1
XMTQyOTg2NjMwNA==	5	8	-1	-1	-1	-1	-1	-1	-1	-1	-1	-1	-1	-1	-1	-1	-1	-1	-1	-1	-1	-1	-1	-1	-1	-1	-1	-1	-1	-1
XMTQyODc0NTk4OA==	56	63	69	70	71	71	74	74	75	77	77	78	79	80	80	80	81	81	-1	-1	-1	-1	-1	-1	-1	-1	-1	-1	-1	-1
XMTQyOTgwODcwNA==	126569	802973	-1	-1	-1	-1	-1	-1	-1	-1	-1	-1	-1	-1	-1	-1	-1	-1	-1	-1	-1	-1	-1	-1	-1	-1	-1	-1	-1	-1
XMTQyODQyNTgyMA==	64	69	70	71	-1	-1	-1	-1	-1	-1	-1	-1	-1	-1	-1	-1	-1	-1	-1	-1	-1	-1	-1	-1	-1	-1	-1	-1	-1	-1
XMTQyOTE4NzEyNA==	7	-1	-1	-1	-1	-1	-1	-1	-1	-1	-1	-1	-1	-1	-1	-1	-1	-1	-1	-1	-1	-1	-1	-1	-1	-1	-1	-1	-1	-1
XMTQyODU4Nzk4OA==	1540	1683	1733	1798	1839	-1	-1	-1	-1	-1	-1	-1	-1	-1	-1	-1	-1	-1	-1	-1	-1	-1	-1	-1	-1	-1	-1	-1	-1	-1
XMTQyOTYzNTQ5Ng==	64	-1	-1	-1	-1	-1	-1	-1	-1	-1	-1	-1	-1	-1	-1	-1	-1	-1	-1	-1	-1	-1	-1	-1	-1	-1	-1	-1	-1	-1
XMTQzMDA5NTUwMA==	4	-1	-1	-1	-1	-1	-1	-1	-1	-1	-1	-1	-1	-1	-1	-1	-1	-1	-1	-1	-1	-1	-1	-1	-1	-1	-1	-1	-1	-1
XMTQyOTAxNjg5Mg==	17	18	19	19	19	19	19	19	19	19	19	19	-1	-1	-1	-1	-1	-1	-1	-1	-1	-1	-1	-1	-1	-1	-1	-1	-1	-1
XMTQyOTAxMDM5Ng==	86	100	-1	-1	-1	-1	-1	-1	-1	-1	-1	-1	-1	-1	-1	-1	-1	-1	-1	-1	-1	-1	-1	-1	-1	-1	-1	-1	-1	-1
XMTQyODQ1NjMyNA==	6	6	4	4	4	4	5	5	5	5	5	5	5	5	5	5	5	5	5	5	5	5	5	5	5	7	-1	-1	-1	-1
XMTQyOTQzNTM0MA==	4	4	4	3	3	3	3	3	4	4	5	5	5	5	5	5	5	5	5	5	5	-1	-1	-1	-1	-1	-1	-1	-1	-1
XMTQyOTkyOTU0MA==	30	59	61	57	58	-1	-1	-1	-1	-1	-1	-1	-1	-1	-1	-1	-1	-1	-1	-1	-1	-1	-1	-1	-1	-1	-1	-1	-1	-1
XMTQyOTQ2ODM1Ng==	134	186	188	179	181	181	181	181	181	181	181	181	181	181	181	181	-1	-1	-1	-1	-1	-1	-1	-1	-1	-1	-1	-1	-1	-1
XMTQyODg2NzM3Ng==	19	-1	-1	-1	-1	-1	-1	-1	-1	-1	-1	-1	-1	-1	-1	-1	-1	-1	-1	-1	-1	-1	-1	-1	-1	-1	-1	-1	-1	-1
XMTQyODk0ODI3Mg==	-1	-1	-1	-1	-1	-1	-1	-1	-1	-1	-1	-1	-1	-1	-1	-1	-1	-1	-1	-1	-1	-1	-1	-1	-1	-1	-1	-1	-1	-1
XMTQyODU3ODUyOA==	20	20	18	19	20	20	20	21	24	24	24	24	24	24	24	24	24	24	24	24	24	24	24	24	24	-1	-1	-1	-1	-1
XMTQyODg3NjU2MA==	31	36	41	-1	-1	-1	-1	-1	-1	-1	-1	-1	-1	-1	-1	-1	-1	-1	-1	-1	-1	-1	-1	-1	-1	-1	-1	-1	-1	-1
XMTQyOTE4ODY5Ng==	5	6	8	11	14	16	16	-1	-1	-1	-1	-1	-1	-1	-1	-1	-1	-1	-1	-1	-1	-1	-1	-1	-1	-1	-1	-1	-1	-1
XMTQyODQxNTgwMA==	112	114	-1	-1	-1	-1	-1	-1	-1	-1	-1	-1	-1	-1	-1	-1	-1	-1	-1	-1	-1	-1	-1	-1	-1	-1	-1	-1	-1	-1
XMTQzMDEwNzA2OA==	49	-1	-1	-1	-1	-1	-1	-1	-1	-1	-1	-1	-1	-1	-1	-1	-1	-1	-1	-1	-1	-1	-1	-1	-1	-1	-1	-1	-1	-1
XMTQyOTIzMjE5Mg==	34	53	69	91	111	123	131	136	147	168	196	219	232	246	262	279	293	323	347	367	-1	-1	-1	-1	-1	-1	-1	-1	-1	-1
XMTQyODcyNTU1Mg==	6	-1	-1	-1	-1	-1	-1	-1	-1	-1	-1	-1	-1	-1	-1	-1	-1	-1	-1	-1	-1	-1	-1	-1	-1	-1	-1	-1	-1	-1
XMTQyOTg3MDkwMA==	6	8	9	7	7	-1	-1	-1	-1	-1	-1	-1	-1	-1	-1	-1	-1	-1	-1	-1	-1	-1	-1	-1	-1	-1	-1	-1	-1	-1
XMTQyODcyODI3Mg==	113	128	139	166	169	173	179	180	-1	-1	-1	-1	-1	-1	-1	-1	-1	-1	-1	-1	-1	-1	-1	-1	-1	-1	-1	-1	-1	-1
XMTQyODgxMjIyNA==	10	11	11	-1	-1	-1	-1	-1	-1	-1	-1	-1	-1	-1	-1	-1	-1	-1	-1	-1	-1	-1	-1	-1	-1	-1	-1	-1	-1	-1
XMTQyOTEyODE0NA==	94	101	101	-1	-1	-1	-1	-1	-1	-1	-1	-1	-1	-1	-1	-1	-1	-1	-1	-1	-1	-1	-1	-1	-1	-1	-1	-1	-1	-1
XMTQyODQxOTE5Ng==	98	-1	-1	-1	-1	-1	-1	-1	-1	-1	-1	-1	-1	-1	-1	-1	-1	-1	-1	-1	-1	-1	-1	-1	-1	-1	-1	-1	-1	-1
XMTQyOTM5MTk3Mg==	9	18	24	-1	-1	-1	-1	-1	-1	-1	-1	-1	-1	-1	-1	-1	-1	-1	-1	-1	-1	-1	-1	-1	-1	-1	-1	-1	-1	-1
XMTQyODgxMDU5Ng==	6	6	5	5	6	6	79	84	88	89	91	91	91	93	93	93	93	93	96	96	98	98	99	99	99	100	100	100	-1	-1
XMTQyOTM2NzMzMg==	18	20	20	19	28	30	31	36	70	119	172	196	211	216	225	229	247	261	268	270	270	285	289	293	299	305	312	324	-1	-1
XMTQzMDA5Mjc3Mg==	2	4	5	5	5	5	5	5	-1	-1	-1	-1	-1	-1	-1	-1	-1	-1	-1	-1	-1	-1	-1	-1	-1	-1	-1	-1	-1	-1
XMTQyOTQ0ODQ5Mg==	1081	1717	1805	1762	1787	1813	1823	-1	-1	-1	-1	-1	-1	-1	-1	-1	-1	-1	-1	-1	-1	-1	-1	-1	-1	-1	-1	-1	-1	-1
XMTQyODUwNzY2NA==	94	-1	-1	-1	-1	-1	-1	-1	-1	-1	-1	-1	-1	-1	-1	-1	-1	-1	-1	-1	-1	-1	-1	-1	-1	-1	-1	-1	-1	-1
XMTQyOTU1OTk1Mg==	8	8	9	8	8	8	8	8	8	8	8	8	8	-1	-1	-1	-1	-1	-1	-1	-1	-1	-1	-1	-1	-1	-1	-1	-1	-1
XMTQyODQzMzk2MA==	7	7	4	4	4	4	4	4	5	6	6	6	6	6	6	6	6	6	6	6	6	-1	-1	-1	-1	-1	-1	-1	-1	-1
XMTQyOTg5OTM0OA==	8	15	15	15	-1	-1	-1	-1	-1	-1	-1	-1	-1	-1	-1	-1	-1	-1	-1	-1	-1	-1	-1	-1	-1	-1	-1	-1	-1	-1
XMTQzMDE2MTg3Ng==	3	151093	151095	151095	122552	122554	122553	120812	-1	-1	-1	-1	-1	-1	-1	-1	-1	-1	-1	-1	-1	-1	-1	-1	-1	-1	-1	-1	-1	-1
XMTQzMDExMTAyNA==	13	18	19	-1	-1	-1	-1	-1	-1	-1	-1	-1	-1	-1	-1	-1	-1	-1	-1	-1	-1	-1	-1	-1	-1	-1	-1	-1	-1	-1
XMTQyOTIzNDc0MA==	375	513	616	707	768	780	-1	-1	-1	-1	-1	-1	-1	-1	-1	-1	-1	-1	-1	-1	-1	-1	-1	-1	-1	-1	-1	-1	-1	-1
XMTQyOTI4ODk4MA==	9	-1	-1	-1	-1	-1	-1	-1	-1	-1	-1	-1	-1	-1	-1	-1	-1	-1	-1	-1	-1	-1	-1	-1	-1	-1	-1	-1	-1	-1
XMTQyOTExNDU3Ng==	895	1036	1396	1490	1532	1544	1547	1556	1561	1564	1571	1583	1584	1589	-1	-1	-1	-1	-1	-1	-1	-1	-1	-1	-1	-1	-1	-1	-1	-1
XMTQyOTA2NjQ0NA==	37	62	94	117	152	173	-1	-1	-1	-1	-1	-1	-1	-1	-1	-1	-1	-1	-1	-1	-1	-1	-1	-1	-1	-1	-1	-1	-1	-1
XMTQyOTI4NzMzNg==	47	48	47	49	50	51	52	53	53	53	53	54	57	57	57	58	58	58	-1	-1	-1	-1	-1	-1	-1	-1	-1	-1	-1	-1
XMTQyODk5MTQ4OA==	104	120	138	145	149	152	158	159	161	163	163	164	168	170	172	173	173	174	178	179	-1	-1	-1	-1	-1	-1	-1	-1	-1	-1
XMTQyOTU2NjAzMg==	-1	-1	-1	-1	-1	-1	-1	-1	-1	-1	-1	-1	-1	-1	-1	-1	-1	-1	-1	-1	-1	-1	-1	-1	-1	-1	-1	-1	-1	-1
XMTQyOTMyNjg2NA==	309	450	-1	-1	-1	-1	-1	-1	-1	-1	-1	-1	-1	-1	-1	-1	-1	-1	-1	-1	-1	-1	-1	-1	-1	-1	-1	-1	-1	-1
XMTQzMDIzNzM2NA==	-1	-1	-1	-1	-1	-1	-1	-1	-1	-1	-1	-1	-1	-1	-1	-1	-1	-1	-1	-1	-1	-1	-1	-1	-1	-1	-1	-1	-1	-1
XMTQyODk3MjMzMg==	28	-1	-1	-1	-1	-1	-1	-1	-1	-1	-1	-1	-1	-1	-1	-1	-1	-1	-1	-1	-1	-1	-1	-1	-1	-1	-1	-1	-1	-1
XMTQyODU5MDg3Mg==	8	-1	-1	-1	-1	-1	-1	-1	-1	-1	-1	-1	-1	-1	-1	-1	-1	-1	-1	-1	-1	-1	-1	-1	-1	-1	-1	-1	-1	-1
XMTQzMDAwNjMwNA==	3185	9963	-1	-1	-1	-1	-1	-1	-1	-1	-1	-1	-1	-1	-1	-1	-1	-1	-1	-1	-1	-1	-1	-1	-1	-1	-1	-1	-1	-1
XMTQyODU5MDA3Ng==	692	732	-1	-1	-1	-1	-1	-1	-1	-1	-1	-1	-1	-1	-1	-1	-1	-1	-1	-1	-1	-1	-1	-1	-1	-1	-1	-1	-1	-1
XMTQyOTE2MDI2NA==	24	50	50	50	50	50	50	50	50	50	-1	-1	-1	-1	-1	-1	-1	-1	-1	-1	-1	-1	-1	-1	-1	-1	-1	-1	-1	-1
XMTQyOTE4NjE5Mg==	74	80	90	104	110	116	119	123	127	130	140	153	165	180	-1	-1	-1	-1	-1	-1	-1	-1	-1	-1	-1	-1	-1	-1	-1	-1
XMTQyODk1MTc3Ng==	11	11	12	12	12	12	13	13	13	13	13	13	14	14	14	14	14	-1	-1	-1	-1	-1	-1	-1	-1	-1	-1	-1	-1	-1
XMTQyOTg5ODQyOA==	9	-1	-1	-1	-1	-1	-1	-1	-1	-1	-1	-1	-1	-1	-1	-1	-1	-1	-1	-1	-1	-1	-1	-1	-1	-1	-1	-1	-1	-1
XMTQyOTc1NTI1Ng==	45	68	87	98	107	-1	-1	-1	-1	-1	-1	-1	-1	-1	-1	-1	-1	-1	-1	-1	-1	-1	-1	-1	-1	-1	-1	-1	-1	-1
XMTQyOTYzOTMwNA==	87	-1	-1	-1	-1	-1	-1	-1	-1	-1	-1	-1	-1	-1	-1	-1	-1	-1	-1	-1	-1	-1	-1	-1	-1	-1	-1	-1	-1	-1
XMTQyOTQ1ODI1Ng==	1	4	4	-1	-1	-1	-1	-1	-1	-1	-1	-1	-1	-1	-1	-1	-1	-1	-1	-1	-1	-1	-1	-1	-1	-1	-1	-1	-1	-1
XMTQyODgyMzI3Mg==	4	-1	-1	-1	-1	-1	-1	-1	-1	-1	-1	-1	-1	-1	-1	-1	-1	-1	-1	-1	-1	-1	-1	-1	-1	-1	-1	-1	-1	-1
XMTQyOTMwNjQ0MA==	132	138	157	158	162	162	162	164	167	172	172	173	174	-1	-1	-1	-1	-1	-1	-1	-1	-1	-1	-1	-1	-1	-1	-1	-1	-1
XMTQyOTIxNTUwMA==	45127	45137	-1	-1	-1	-1	-1	-1	-1	-1	-1	-1	-1	-1	-1	-1	-1	-1	-1	-1	-1	-1	-1	-1	-1	-1	-1	-1	-1	-1
XMTQyODQ5NjE3Mg==	61	67	70	74	74	77	79	80	81	85	85	86	89	90	92	92	-1	-1	-1	-1	-1	-1	-1	-1	-1	-1	-1	-1	-1	-1
XMTQyODM4Nzg0MA==	64	66	65	64	67	67	67	69	69	70	72	73	73	78	78	78	78	79	79	79	79	79	79	79	79	79	79	79	79	-1
XMTQyOTQ0OTQ4NA==	2371	4210	4278	4286	4315	4353	4366	-1	-1	-1	-1	-1	-1	-1	-1	-1	-1	-1	-1	-1	-1	-1	-1	-1	-1	-1	-1	-1	-1	-1
XMTQyODY5OTkyNA==	155	161	160	164	166	165	167	172	181	258	-1	-1	-1	-1	-1	-1	-1	-1	-1	-1	-1	-1	-1	-1	-1	-1	-1	-1	-1	-1
XMTQyOTE1NjYwMA==	93	104	104	108	108	108	110	110	110	110	110	110	110	110	110	110	110	110	110	110	110	110	110	110	110	110	110	110	-1	-1
XMTQyODg2MjkzNg==	29	29	27	26	26	26	26	26	27	27	28	28	28	29	29	29	29	29	-1	-1	-1	-1	-1	-1	-1	-1	-1	-1	-1	-1
XMTQyOTEwODI3Mg==	-1	-1	-1	-1	-1	-1	-1	-1	-1	-1	-1	-1	-1	-1	-1	-1	-1	-1	-1	-1	-1	-1	-1	-1	-1	-1	-1	-1	-1	-1
XMTQyODYyNjAzMg==	10	12	11	15	16	15	15	15	15	15	16	16	16	16	16	16	16	16	16	16	16	16	16	16	16	-1	-1	-1	-1	-1
XMTQyODg0NDA5Mg==	199	216	218	230	246	251	252	260	272	276	286	297	300	304	306	320	324	329	332	338	348	350	-1	-1	-1	-1	-1	-1	-1	-1
XMTQyODQ5MDE2MA==	4	4	3	3	4	-1	-1	-1	-1	-1	-1	-1	-1	-1	-1	-1	-1	-1	-1	-1	-1	-1	-1	-1	-1	-1	-1	-1	-1	-1
XMTQzMDA2MzY4OA==	28	74	84	83	84	86	86	87	87	87	87	87	87	87	89	-1	-1	-1	-1	-1	-1	-1	-1	-1	-1	-1	-1	-1	-1	-1
XMTQyOTI4MjEyOA==	104	115	130	135	140	143	145	145	-1	-1	-1	-1	-1	-1	-1	-1	-1	-1	-1	-1	-1	-1	-1	-1	-1	-1	-1	-1	-1	-1
XMTQyOTMwMTc1Ng==	208	314	420	455	480	505	524	533	541	550	556	568	575	580	586	587	593	597	609	668	674	674	-1	-1	-1	-1	-1	-1	-1	-1
XMTQyOTI2NTgzMg==	176	187	188	187	187	195	195	195	189	189	189	189	189	-1	-1	-1	-1	-1	-1	-1	-1	-1	-1	-1	-1	-1	-1	-1	-1	-1
XMTQyOTA5OTE3Mg==	45	52	-1	-1	-1	-1	-1	-1	-1	-1	-1	-1	-1	-1	-1	-1	-1	-1	-1	-1	-1	-1	-1	-1	-1	-1	-1	-1	-1	-1
XMTQyODY5OTQ4NA==	41	42	38	42	42	42	44	47	47	53	-1	-1	-1	-1	-1	-1	-1	-1	-1	-1	-1	-1	-1	-1	-1	-1	-1	-1	-1	-1
XMTQyOTI3OTcwMA==	101	119	128	130	133	135	134	143	143	143	143	152	153	154	152	152	151	154	154	155	156	156	156	156	156	156	156	-1	-1	-1
XMTQyODY3NzUxNg==	5	5	4	4	4	4	4	4	4	4	4	4	4	4	4	4	4	4	4	4	4	4	4	4	4	4	4	-1	-1	-1
XMTQyOTU0NTg2NA==	33	-1	-1	-1	-1	-1	-1	-1	-1	-1	-1	-1	-1	-1	-1	-1	-1	-1	-1	-1	-1	-1	-1	-1	-1	-1	-1	-1	-1	-1
XMTQyODY4NDc4MA==	-1	-1	-1	-1	-1	-1	-1	-1	-1	-1	-1	-1	-1	-1	-1	-1	-1	-1	-1	-1	-1	-1	-1	-1	-1	-1	-1	-1	-1	-1
XMTQyOTM2MjI4MA==	31	31	39	38	38	38	38	38	38	38	38	38	38	39	39	39	35	39	39	39	-1	-1	-1	-1	-1	-1	-1	-1	-1	-1
XMTQyODg4ODMyOA==	19	19	17	-1	-1	-1	-1	-1	-1	-1	-1	-1	-1	-1	-1	-1	-1	-1	-1	-1	-1	-1	-1	-1	-1	-1	-1	-1	-1	-1
XMTQyOTA2MDEwNA==	75	86	86	87	87	87	88	89	90	90	90	90	91	92	93	93	93	93	93	93	93	93	93	93	93	93	-1	-1	-1	-1
XMTQyOTcwNDc3Ng==	3	4	4	2	2	2	2	2	2	2	3	3	3	3	3	3	3	3	3	3	3	-1	-1	-1	-1	-1	-1	-1	-1	-1
XMTQyOTIwNjQxNg==	3	-1	-1	-1	-1	-1	-1	-1	-1	-1	-1	-1	-1	-1	-1	-1	-1	-1	-1	-1	-1	-1	-1	-1	-1	-1	-1	-1	-1	-1
XMTQyOTI4MzY5Ng==	9	10	9	7	6	6	6	6	6	6	6	6	6	6	6	6	6	6	6	7	8	9	-1	-1	-1	-1	-1	-1	-1	-1
XMTQyOTYzODMzNg==	1	2	2	2	-1	-1	-1	-1	-1	-1	-1	-1	-1	-1	-1	-1	-1	-1	-1	-1	-1	-1	-1	-1	-1	-1	-1	-1	-1	-1
XMTQyOTI1MDM0MA==	30	34	-1	-1	-1	-1	-1	-1	-1	-1	-1	-1	-1	-1	-1	-1	-1	-1	-1	-1	-1	-1	-1	-1	-1	-1	-1	-1	-1	-1
XMTQyODM4MTg0MA==	-1	-1	-1	-1	-1	-1	-1	-1	-1	-1	-1	-1	-1	-1	-1	-1	-1	-1	-1	-1	-1	-1	-1	-1	-1	-1	-1	-1	-1	-1
XMTQyOTA5NTAzNg==	5	5	5	5	5	5	6	-1	-1	-1	-1	-1	-1	-1	-1	-1	-1	-1	-1	-1	-1	-1	-1	-1	-1	-1	-1	-1	-1	-1
XMTQyODkyODc3Ng==	356	366	-1	-1	-1	-1	-1	-1	-1	-1	-1	-1	-1	-1	-1	-1	-1	-1	-1	-1	-1	-1	-1	-1	-1	-1	-1	-1	-1	-1
XMTQzMDE3Mjc0MA==	3	6	6	6	6	-1	-1	-1	-1	-1	-1	-1	-1	-1	-1	-1	-1	-1	-1	-1	-1	-1	-1	-1	-1	-1	-1	-1	-1	-1
XMTQzMDAxMTU4MA==	1	2	2	2	2	2	5	5	5	6	6	6	6	6	6	6	6	6	6	6	-1	-1	-1	-1	-1	-1	-1	-1	-1	-1
XMTQyOTA3NDY1Ng==	275	-1	-1	-1	-1	-1	-1	-1	-1	-1	-1	-1	-1	-1	-1	-1	-1	-1	-1	-1	-1	-1	-1	-1	-1	-1	-1	-1	-1	-1
XMTQyOTE2MTk5Ng==	240	276	-1	-1	-1	-1	-1	-1	-1	-1	-1	-1	-1	-1	-1	-1	-1	-1	-1	-1	-1	-1	-1	-1	-1	-1	-1	-1	-1	-1
XMTQyOTEyNTUwMA==	14217	14217	-1	-1	-1	-1	-1	-1	-1	-1	-1	-1	-1	-1	-1	-1	-1	-1	-1	-1	-1	-1	-1	-1	-1	-1	-1	-1	-1	-1
XMTQyODkxMDA2OA==	22	22	23	23	23	24	26	27	29	30	30	30	-1	-1	-1	-1	-1	-1	-1	-1	-1	-1	-1	-1	-1	-1	-1	-1	-1	-1
XMTQyOTYwMTE4NA==	18	19	20	23	23	23	24	-1	-1	-1	-1	-1	-1	-1	-1	-1	-1	-1	-1	-1	-1	-1	-1	-1	-1	-1	-1	-1	-1	-1
XMTQyOTA5NTA1Mg==	688	801	1034	1073	1101	1113	1134	1146	1154	1163	1164	1170	1175	1178	1186	1194	1199	1204	1209	1212	1218	1222	1224	1224	1228	1234	1235	-1	-1	-1
XMTQyOTIzNDAwNA==	28	-1	-1	-1	-1	-1	-1	-1	-1	-1	-1	-1	-1	-1	-1	-1	-1	-1	-1	-1	-1	-1	-1	-1	-1	-1	-1	-1	-1	-1
XMTQyODUxNDY4MA==	20	-1	-1	-1	-1	-1	-1	-1	-1	-1	-1	-1	-1	-1	-1	-1	-1	-1	-1	-1	-1	-1	-1	-1	-1	-1	-1	-1	-1	-1
XMTQyODQ4OTM4OA==	3	3	2	-1	-1	-1	-1	-1	-1	-1	-1	-1	-1	-1	-1	-1	-1	-1	-1	-1	-1	-1	-1	-1	-1	-1	-1	-1	-1	-1
XMTQyODg1Nzk2OA==	319	333	340	349	356	356	-1	-1	-1	-1	-1	-1	-1	-1	-1	-1	-1	-1	-1	-1	-1	-1	-1	-1	-1	-1	-1	-1	-1	-1
XMTQyOTE1MjIwMA==	6	10	11	18	14	15	20	-1	-1	-1	-1	-1	-1	-1	-1	-1	-1	-1	-1	-1	-1	-1	-1	-1	-1	-1	-1	-1	-1	-1
XMTQyOTUwNTgyOA==	-1	-1	-1	-1	-1	-1	-1	-1	-1	-1	-1	-1	-1	-1	-1	-1	-1	-1	-1	-1	-1	-1	-1	-1	-1	-1	-1	-1	-1	-1
XMTQyOTg3MzMwNA==	3332	6860	-1	-1	-1	-1	-1	-1	-1	-1	-1	-1	-1	-1	-1	-1	-1	-1	-1	-1	-1	-1	-1	-1	-1	-1	-1	-1	-1	-1
XMTQyOTUzODExMg==	66	101	-1	-1	-1	-1	-1	-1	-1	-1	-1	-1	-1	-1	-1	-1	-1	-1	-1	-1	-1	-1	-1	-1	-1	-1	-1	-1	-1	-1
XMTQyOTc1MjA3Ng==	1	1	1	1	1	1	1	1	1	1	3	3	3	2	2	2	2	2	2	2	2	-1	-1	-1	-1	-1	-1	-1	-1	-1
XMTQyOTIzMDUwMA==	6	8	8	7	6	6	6	7	7	7	8	8	8	8	-1	-1	-1	-1	-1	-1	-1	-1	-1	-1	-1	-1	-1	-1	-1	-1
XMTQyOTE3MTgzNg==	108	115	109	-1	-1	-1	-1	-1	-1	-1	-1	-1	-1	-1	-1	-1	-1	-1	-1	-1	-1	-1	-1	-1	-1	-1	-1	-1	-1	-1
XMTQyOTM0NjMwMA==	24	-1	-1	-1	-1	-1	-1	-1	-1	-1	-1	-1	-1	-1	-1	-1	-1	-1	-1	-1	-1	-1	-1	-1	-1	-1	-1	-1	-1	-1
XMTQyOTE2OTg0NA==	164	332	-1	-1	-1	-1	-1	-1	-1	-1	-1	-1	-1	-1	-1	-1	-1	-1	-1	-1	-1	-1	-1	-1	-1	-1	-1	-1	-1	-1
XMTQyODk4OTY5Ng==	94	127	134	147	152	158	161	162	163	163	-1	-1	-1	-1	-1	-1	-1	-1	-1	-1	-1	-1	-1	-1	-1	-1	-1	-1	-1	-1
XMTQyOTQ4NjcyMA==	3	3	7	7	7	7	7	7	7	7	7	-1	-1	-1	-1	-1	-1	-1	-1	-1	-1	-1	-1	-1	-1	-1	-1	-1	-1	-1
XMTQyODM0NDUxNg==	104	114	121	128	131	158	177	180	183	184	187	189	192	197	203	206	-1	-1	-1	-1	-1	-1	-1	-1	-1	-1	-1	-1	-1	-1
XMTQzMDA2NDM4OA==	25	68	88	87	92	98	98	99	99	100	100	100	100	101	104	-1	-1	-1	-1	-1	-1	-1	-1	-1	-1	-1	-1	-1	-1	-1
XMTQyOTQ3MDMzMg==	180304	184379	186103	-1	-1	-1	-1	-1	-1	-1	-1	-1	-1	-1	-1	-1	-1	-1	-1	-1	-1	-1	-1	-1	-1	-1	-1	-1	-1	-1
XMTQyOTEzMTM0OA==	210	248	-1	-1	-1	-1	-1	-1	-1	-1	-1	-1	-1	-1	-1	-1	-1	-1	-1	-1	-1	-1	-1	-1	-1	-1	-1	-1	-1	-1
XMTQyODgyMDkwMA==	3	-1	-1	-1	-1	-1	-1	-1	-1	-1	-1	-1	-1	-1	-1	-1	-1	-1	-1	-1	-1	-1	-1	-1	-1	-1	-1	-1	-1	-1
XMTQyOTE5MDYyOA==	4	-1	-1	-1	-1	-1	-1	-1	-1	-1	-1	-1	-1	-1	-1	-1	-1	-1	-1	-1	-1	-1	-1	-1	-1	-1	-1	-1	-1	-1
