XMTQwNjQyNTA0OA==	15	17	23	23	25	23	-1	-1	-1	-1	-1	-1	-1	-1	-1	-1	-1	-1	-1	-1	-1	-1	-1	-1	-1	-1	-1	-1	-1	-1
XMTQwNjM1ODk4NA==	97	148	151	147	147	151	154	-1	-1	-1	-1	-1	-1	-1	-1	-1	-1	-1	-1	-1	-1	-1	-1	-1	-1	-1	-1	-1	-1	-1
XMTQwNjE5NDk0MA==	92	185	253	282	291	302	309	311	316	319	319	322	326	330	334	337	342	349	357	358	363	368	369	374	375	381	-1	-1	-1	-1
XMTQwNTcyMDMyOA==	33	34	34	33	34	34	34	34	34	34	34	34	34	34	34	34	35	-1	-1	-1	-1	-1	-1	-1	-1	-1	-1	-1	-1	-1
XMTQwNjI1MDk4OA==	4	11	12	-1	-1	-1	-1	-1	-1	-1	-1	-1	-1	-1	-1	-1	-1	-1	-1	-1	-1	-1	-1	-1	-1	-1	-1	-1	-1	-1
XMTQwNTgxNTk5Ng==	9	10	9	9	9	9	9	9	9	9	9	9	9	9	9	9	9	9	9	9	-1	-1	-1	-1	-1	-1	-1	-1	-1	-1
XMTQwNTkxNDIwMA==	91	-1	-1	-1	-1	-1	-1	-1	-1	-1	-1	-1	-1	-1	-1	-1	-1	-1	-1	-1	-1	-1	-1	-1	-1	-1	-1	-1	-1	-1
XMTQwNTM0MzUwOA==	364	419	421	430	459	471	-1	-1	-1	-1	-1	-1	-1	-1	-1	-1	-1	-1	-1	-1	-1	-1	-1	-1	-1	-1	-1	-1	-1	-1
XMTQwNDk5ODExMg==	229	246	247	251	252	253	256	260	260	262	264	265	265	266	266	267	267	267	268	269	-1	-1	-1	-1	-1	-1	-1	-1	-1	-1
XMTQwNTI5NzAxNg==	85	101	115	134	-1	-1	-1	-1	-1	-1	-1	-1	-1	-1	-1	-1	-1	-1	-1	-1	-1	-1	-1	-1	-1	-1	-1	-1	-1	-1
XMTQwNTQ1OTMyMA==	58	60	-1	-1	-1	-1	-1	-1	-1	-1	-1	-1	-1	-1	-1	-1	-1	-1	-1	-1	-1	-1	-1	-1	-1	-1	-1	-1	-1	-1
XMTQwNTM0NzI3Ng==	1923	2056	2138	2298	2429	2632	2867	2997	3086	3177	3261	3311	-1	-1	-1	-1	-1	-1	-1	-1	-1	-1	-1	-1	-1	-1	-1	-1	-1	-1
XMTQwNTc3Mjk4NA==	12	12	12	12	12	12	12	12	12	12	12	12	14	14	15	15	-1	-1	-1	-1	-1	-1	-1	-1	-1	-1	-1	-1	-1	-1
XMTQwNjA0MjgwNA==	30	34	34	32	35	35	36	34	34	34	34	34	34	36	36	36	36	36	37	37	37	37	37	-1	-1	-1	-1	-1	-1	-1
XMTQwNjY2OTIzMg==	4	-1	-1	-1	-1	-1	-1	-1	-1	-1	-1	-1	-1	-1	-1	-1	-1	-1	-1	-1	-1	-1	-1	-1	-1	-1	-1	-1	-1	-1
XMTQwNjI0MzQ0MA==	42	76	92	107	114	122	131	139	-1	-1	-1	-1	-1	-1	-1	-1	-1	-1	-1	-1	-1	-1	-1	-1	-1	-1	-1	-1	-1	-1
XMTQwNTM5OTM2NA==	320	324	316	316	317	320	-1	-1	-1	-1	-1	-1	-1	-1	-1	-1	-1	-1	-1	-1	-1	-1	-1	-1	-1	-1	-1	-1	-1	-1
XMTQwNTYxNTAwNA==	38	38	34	35	35	36	-1	-1	-1	-1	-1	-1	-1	-1	-1	-1	-1	-1	-1	-1	-1	-1	-1	-1	-1	-1	-1	-1	-1	-1
XMTQwNTQxMzY1Mg==	10	11	13	13	13	13	13	13	13	13	13	-1	-1	-1	-1	-1	-1	-1	-1	-1	-1	-1	-1	-1	-1	-1	-1	-1	-1	-1
XMTQwNTkwMTE4OA==	7	-1	-1	-1	-1	-1	-1	-1	-1	-1	-1	-1	-1	-1	-1	-1	-1	-1	-1	-1	-1	-1	-1	-1	-1	-1	-1	-1	-1	-1
XMTQwNTE0NTc4MA==	25	28	28	28	29	33	33	41	41	43	43	45	45	46	46	47	49	50	53	53	58	58	58	62	63	63	-1	-1	65	66
XMTQwNTUxMjAwNA==	30	39	42	45	47	49	51	50	52	50	50	50	52	54	54	54	55	56	56	58	-1	-1	-1	-1	-1	-1	-1	-1	-1	-1
XMTQwNTk4OTI5Ng==	-1	-1	-1	-1	-1	-1	-1	-1	-1	-1	-1	-1	-1	-1	-1	-1	-1	-1	-1	-1	-1	-1	-1	-1	-1	-1	-1	-1	-1	-1
XMTQwNjAxNjU2MA==	411	632	678	699	706	-1	-1	-1	-1	-1	-1	-1	-1	-1	-1	-1	-1	-1	-1	-1	-1	-1	-1	-1	-1	-1	-1	-1	-1	-1
XMTQwNTg0NTAxNg==	3	5	5	5	-1	-1	-1	-1	-1	-1	-1	-1	-1	-1	-1	-1	-1	-1	-1	-1	-1	-1	-1	-1	-1	-1	-1	-1	-1	-1
XMTQwNjIyNTE4OA==	143	-1	-1	-1	-1	-1	-1	-1	-1	-1	-1	-1	-1	-1	-1	-1	-1	-1	-1	-1	-1	-1	-1	-1	-1	-1	-1	-1	-1	-1
XMTQwNjAyODUwMA==	17	-1	-1	-1	-1	-1	-1	-1	-1	-1	-1	-1	-1	-1	-1	-1	-1	-1	-1	-1	-1	-1	-1	-1	-1	-1	-1	-1	-1	-1
XMTQwNTYzMzg4NA==	14	-1	-1	-1	-1	-1	-1	-1	-1	-1	-1	-1	-1	-1	-1	-1	-1	-1	-1	-1	-1	-1	-1	-1	-1	-1	-1	-1	-1	-1
XMTQwNjA5ODUyNA==	16	21	22	22	22	-1	-1	-1	-1	-1	-1	-1	-1	-1	-1	-1	-1	-1	-1	-1	-1	-1	-1	-1	-1	-1	-1	-1	-1	-1
XMTQwNTgwNzczMg==	7	-1	-1	-1	-1	-1	-1	-1	-1	-1	-1	-1	-1	-1	-1	-1	-1	-1	-1	-1	-1	-1	-1	-1	-1	-1	-1	-1	-1	-1
XMTQwNjM2NDA1Mg==	173	273	275	248	-1	-1	-1	-1	-1	-1	-1	-1	-1	-1	-1	-1	-1	-1	-1	-1	-1	-1	-1	-1	-1	-1	-1	-1	-1	-1
XMTQwNTYzNTUyOA==	22	38	-1	-1	-1	-1	-1	-1	-1	-1	-1	-1	-1	-1	-1	-1	-1	-1	-1	-1	-1	-1	-1	-1	-1	-1	-1	-1	-1	-1
XMTQwNTM5OTY2MA==	30	38	38	38	37	-1	-1	-1	-1	-1	-1	-1	-1	-1	-1	-1	-1	-1	-1	-1	-1	-1	-1	-1	-1	-1	-1	-1	-1	-1
XMTQwNTU5NDI3Ng==	142	145	137	139	138	139	140	140	140	140	140	140	142	143	143	144	145	145	147	149	-1	-1	-1	-1	-1	-1	-1	-1	-1	-1
XMTQwNTc5NDA2NA==	106	135	150	162	175	178	179	183	187	193	197	198	199	199	201	201	-1	-1	-1	-1	-1	-1	-1	-1	-1	-1	-1	-1	-1	-1
XMTQwNTg2MDgyMA==	20	20	-1	-1	-1	-1	-1	-1	-1	-1	-1	-1	-1	-1	-1	-1	-1	-1	-1	-1	-1	-1	-1	-1	-1	-1	-1	-1	-1	-1
XMTQwNTQzMTcyNA==	748	753	732	736	736	-1	-1	-1	-1	-1	-1	-1	-1	-1	-1	-1	-1	-1	-1	-1	-1	-1	-1	-1	-1	-1	-1	-1	-1	-1
XMTQwNjM1MzY0NA==	5	9	9	10	10	10	12	12	13	-1	-1	-1	-1	-1	-1	-1	-1	-1	-1	-1	-1	-1	-1	-1	-1	-1	-1	-1	-1	-1
XMTQwNTU4ODY0NA==	178	265	286	306	328	347	348	-1	-1	-1	-1	-1	-1	-1	-1	-1	-1	-1	-1	-1	-1	-1	-1	-1	-1	-1	-1	-1	-1	-1
XMTQwNTYwMTYwMA==	4	6	-1	-1	-1	-1	-1	-1	-1	-1	-1	-1	-1	-1	-1	-1	-1	-1	-1	-1	-1	-1	-1	-1	-1	-1	-1	-1	-1	-1
XMTQwNjM1MjY1Mg==	57	92	98	100	101	-1	-1	-1	-1	-1	-1	-1	-1	-1	-1	-1	-1	-1	-1	-1	-1	-1	-1	-1	-1	-1	-1	-1	-1	-1
XMTQwNjIwMzAzNg==	30	-1	-1	-1	-1	-1	-1	-1	-1	-1	-1	-1	-1	-1	-1	-1	-1	-1	-1	-1	-1	-1	-1	-1	-1	-1	-1	-1	-1	-1
XMTQwNTE0NzU4NA==	12	-1	-1	-1	-1	-1	-1	-1	-1	-1	-1	-1	-1	-1	-1	-1	-1	-1	-1	-1	-1	-1	-1	-1	-1	-1	-1	-1	-1	-1
XMTQwNTM3MzUyMA==	10	10	9	8	8	9	9	9	9	9	9	9	9	9	9	9	9	9	9	9	9	9	9	9	-1	-1	-1	-1	-1	-1
XMTQwNTI5MTMyOA==	143	-1	-1	-1	-1	-1	-1	-1	-1	-1	-1	-1	-1	-1	-1	-1	-1	-1	-1	-1	-1	-1	-1	-1	-1	-1	-1	-1	-1	-1
XMTQwNjU0NTAzNg==	3	-1	-1	-1	-1	-1	-1	-1	-1	-1	-1	-1	-1	-1	-1	-1	-1	-1	-1	-1	-1	-1	-1	-1	-1	-1	-1	-1	-1	-1
XMTQwNTUxMTc3Mg==	20	20	25	27	28	29	30	31	-1	-1	-1	-1	-1	-1	-1	-1	-1	-1	-1	-1	-1	-1	-1	-1	-1	-1	-1	-1	-1	-1
XMTQwNTQ2Nzc3Ng==	57	58	-1	-1	-1	-1	-1	-1	-1	-1	-1	-1	-1	-1	-1	-1	-1	-1	-1	-1	-1	-1	-1	-1	-1	-1	-1	-1	-1	-1
XMTQwNjMyMTcwOA==	9	12	16	-1	-1	-1	-1	-1	-1	-1	-1	-1	-1	-1	-1	-1	-1	-1	-1	-1	-1	-1	-1	-1	-1	-1	-1	-1	-1	-1
XMTQwNTM0OTgwOA==	36	41	45	47	-1	-1	-1	-1	-1	-1	-1	-1	-1	-1	-1	-1	-1	-1	-1	-1	-1	-1	-1	-1	-1	-1	-1	-1	-1	-1
XMTQwNTkwMDUyMA==	8	9	9	7	7	7	7	7	7	7	7	-1	-1	-1	-1	-1	-1	-1	-1	-1	-1	-1	-1	-1	-1	-1	-1	-1	-1	-1
XMTQwNTIxMzUwNA==	27	43	49	53	53	55	56	57	57	57	57	57	57	57	57	-1	-1	-1	-1	-1	-1	-1	-1	-1	-1	-1	-1	-1	-1	-1
XMTQwNTg2MDA1Mg==	7	8	9	9	9	9	9	9	9	9	9	9	9	9	9	9	10	10	10	10	-1	-1	-1	-1	-1	-1	-1	-1	-1	-1
XMTQwNTQ2MDk1Mg==	249	274	-1	-1	-1	-1	-1	-1	-1	-1	-1	-1	-1	-1	-1	-1	-1	-1	-1	-1	-1	-1	-1	-1	-1	-1	-1	-1	-1	-1
XMTQwNTM5NzkzNg==	118	129	150	165	-1	-1	-1	-1	-1	-1	-1	-1	-1	-1	-1	-1	-1	-1	-1	-1	-1	-1	-1	-1	-1	-1	-1	-1	-1	-1
XMTQwNTU4MzUwNA==	11	11	11	11	-1	-1	-1	-1	-1	-1	-1	-1	-1	-1	-1	-1	-1	-1	-1	-1	-1	-1	-1	-1	-1	-1	-1	-1	-1	-1
XMTQwNjA1NTA3Ng==	16	20	23	23	30	31	29	28	28	29	30	31	31	31	31	31	31	33	34	35	35	36	-1	-1	-1	-1	-1	-1	-1	-1
XMTQwNTMxOTQ0MA==	6	6	6	6	6	-1	-1	-1	-1	-1	-1	-1	-1	-1	-1	-1	-1	-1	-1	-1	-1	-1	-1	-1	-1	-1	-1	-1	-1	-1
XMTQwNTY3ODA0NA==	120	145	150	151	154	155	161	161	161	161	163	163	163	163	-1	-1	-1	-1	-1	-1	-1	-1	-1	-1	-1	-1	-1	-1	-1	-1
XMTQwNjI3MTA1Ng==	68	152	-1	-1	-1	-1	-1	-1	-1	-1	-1	-1	-1	-1	-1	-1	-1	-1	-1	-1	-1	-1	-1	-1	-1	-1	-1	-1	-1	-1
XMTQwNTUyMDk3Mg==	15	18	18	19	19	20	20	20	20	-1	-1	-1	-1	-1	-1	-1	-1	-1	-1	-1	-1	-1	-1	-1	-1	-1	-1	-1	-1	-1
XMTQwNTk3NTM0NA==	165	229	263	297	506	616	669	684	698	702	725	756	778	798	805	825	831	838	-1	-1	-1	-1	-1	-1	-1	-1	-1	-1	-1	-1
XMTQwNjUwOTQyMA==	16	20	29	-1	-1	-1	-1	-1	-1	-1	-1	-1	-1	-1	-1	-1	-1	-1	-1	-1	-1	-1	-1	-1	-1	-1	-1	-1	-1	-1
XMTQwNjc1Nzg5Ng==	3	13	-1	-1	-1	-1	-1	-1	-1	-1	-1	-1	-1	-1	-1	-1	-1	-1	-1	-1	-1	-1	-1	-1	-1	-1	-1	-1	-1	-1
XMTQwNTgwNjI3Ng==	6	9	11	-1	-1	-1	-1	-1	-1	-1	-1	-1	-1	-1	-1	-1	-1	-1	-1	-1	-1	-1	-1	-1	-1	-1	-1	-1	-1	-1
XMTQwNTY1NDU0MA==	3	4	4	-1	-1	-1	-1	-1	-1	-1	-1	-1	-1	-1	-1	-1	-1	-1	-1	-1	-1	-1	-1	-1	-1	-1	-1	-1	-1	-1
XMTQwNjEwOTA1Ng==	554	-1	-1	-1	-1	-1	-1	-1	-1	-1	-1	-1	-1	-1	-1	-1	-1	-1	-1	-1	-1	-1	-1	-1	-1	-1	-1	-1	-1	-1
XMTQwNjY3NzU4NA==	5	9	12	10	10	10	10	11	11	11	11	11	11	11	-1	-1	-1	-1	-1	-1	-1	-1	-1	-1	-1	-1	-1	-1	-1	-1
XMTQwNTczOTg0OA==	83	103	130	137	141	144	147	148	150	150	152	153	153	156	158	-1	-1	-1	-1	-1	-1	-1	-1	-1	-1	-1	-1	-1	-1	-1
XMTQwNjQ3NjI0OA==	4	6	16	16	16	17	18	31	32	-1	-1	-1	-1	-1	-1	-1	-1	-1	-1	-1	-1	-1	-1	-1	-1	-1	-1	-1	-1	-1
XMTQwNTg5NjQ0MA==	-1	-1	-1	-1	-1	-1	-1	-1	-1	-1	-1	-1	-1	-1	-1	-1	-1	-1	-1	-1	-1	-1	-1	-1	-1	-1	-1	-1	-1	-1
XMTQwNTU5MjcwOA==	91	130	142	-1	-1	-1	-1	-1	-1	-1	-1	-1	-1	-1	-1	-1	-1	-1	-1	-1	-1	-1	-1	-1	-1	-1	-1	-1	-1	-1
XMTQwNTgzMDEzMg==	87	92	95	95	95	104	109	109	110	108	108	109	-1	-1	-1	-1	-1	-1	-1	-1	-1	-1	-1	-1	-1	-1	-1	-1	-1	-1
XMTQwNTQ2NjAxMg==	59	65	-1	-1	-1	-1	-1	-1	-1	-1	-1	-1	-1	-1	-1	-1	-1	-1	-1	-1	-1	-1	-1	-1	-1	-1	-1	-1	-1	-1
XMTQwNTQ4NDk0MA==	130	182	221	255	277	297	325	343	364	365	365	365	365	365	365	365	-1	-1	-1	-1	-1	-1	-1	-1	-1	-1	-1	-1	-1	-1
XMTQwNjEwOTI2MA==	26	33	34	29	27	27	27	-1	-1	-1	-1	-1	-1	-1	-1	-1	-1	-1	-1	-1	-1	-1	-1	-1	-1	-1	-1	-1	-1	-1
XMTQwNTQ3MTY2NA==	87	91	-1	-1	-1	-1	-1	-1	-1	-1	-1	-1	-1	-1	-1	-1	-1	-1	-1	-1	-1	-1	-1	-1	-1	-1	-1	-1	-1	-1
XMTQwNTYxODA0NA==	29	32	36	43	43	45	47	47	48	50	52	54	56	60	62	69	70	73	75	75	75	84	106	108	110	-1	-1	-1	-1	-1
XMTQwNTIxMTAxMg==	143	157	164	166	167	169	172	176	182	182	182	184	186	186	187	187	302	-1	-1	-1	-1	-1	-1	-1	-1	-1	-1	-1	-1	-1
XMTQwNTU5OTYzNg==	1325	1527	1712	1964	2126	2272	2504	2649	2749	2779	2851	2906	2930	-1	-1	-1	-1	-1	-1	-1	-1	-1	-1	-1	-1	-1	-1	-1	-1	-1
XMTQwNTkzNDk3Mg==	822	-1	-1	-1	-1	-1	-1	-1	-1	-1	-1	-1	-1	-1	-1	-1	-1	-1	-1	-1	-1	-1	-1	-1	-1	-1	-1	-1	-1	-1
XMTQwNTc1Njc4MA==	33	52	52	55	59	59	59	66	66	66	66	67	67	67	67	67	67	67	68	68	70	-1	-1	-1	-1	-1	-1	-1	-1	-1
XMTQwNTg1MjAxMg==	729	955	1272	1756	1998	2623	3659	4229	4529	4672	4870	5228	6368	7046	7399	7677	7823	7984	8435	8747	9186	9387	9562	9755	10033	10874	-1	-1	-1	-1
XMTQwNTgwMzM5Mg==	97	118	131	143	147	151	151	153	163	-1	167	173	178	183	184	186	187	187	207	207	215	222	227	228	229	231	231	231	230	230
XMTQwNTk3MDI4NA==	6	7	7	7	7	7	7	7	7	7	7	7	-1	-1	-1	-1	-1	-1	-1	-1	-1	-1	-1	-1	-1	-1	-1	-1	-1	-1
XMTQwNTg2OTMxMg==	21	25	32	32	32	32	32	33	33	33	33	33	33	33	33	33	33	33	33	33	33	33	33	33	33	33	-1	-1	-1	-1
XMTQwNjMyNDk4OA==	30	43	44	46	46	44	51	54	57	53	-1	-1	-1	-1	-1	-1	-1	-1	-1	-1	-1	-1	-1	-1	-1	-1	-1	-1	-1	-1
XMTQwNTQ0NjMwNA==	159	-1	-1	-1	-1	-1	-1	-1	-1	-1	-1	-1	-1	-1	-1	-1	-1	-1	-1	-1	-1	-1	-1	-1	-1	-1	-1	-1	-1	-1
XMTQwNTgzNDI1Mg==	27	-1	-1	-1	-1	-1	-1	-1	-1	-1	-1	-1	-1	-1	-1	-1	-1	-1	-1	-1	-1	-1	-1	-1	-1	-1	-1	-1	-1	-1
XMTQwNTczMDM5Ng==	400	416	-1	-1	-1	-1	-1	-1	-1	-1	-1	-1	-1	-1	-1	-1	-1	-1	-1	-1	-1	-1	-1	-1	-1	-1	-1	-1	-1	-1
XMTQwNjIxMjg4NA==	6	-1	-1	-1	-1	-1	-1	-1	-1	-1	-1	-1	-1	-1	-1	-1	-1	-1	-1	-1	-1	-1	-1	-1	-1	-1	-1	-1	-1	-1
XMTQwNTQ2NzkyMA==	100	110	-1	-1	-1	-1	-1	-1	-1	-1	-1	-1	-1	-1	-1	-1	-1	-1	-1	-1	-1	-1	-1	-1	-1	-1	-1	-1	-1	-1
XMTQwNTQ1MzU5Ng==	131	145	153	165	170	-1	-1	-1	-1	-1	-1	-1	-1	-1	-1	-1	-1	-1	-1	-1	-1	-1	-1	-1	-1	-1	-1	-1	-1	-1
XMTQwNTI4NDMxNg==	20	22	17	17	17	17	17	17	17	17	17	17	17	-1	-1	-1	-1	-1	-1	-1	-1	-1	-1	-1	-1	-1	-1	-1	-1	-1
XMTQwNjc1NzAzNg==	1	-1	-1	-1	-1	-1	-1	-1	-1	-1	-1	-1	-1	-1	-1	-1	-1	-1	-1	-1	-1	-1	-1	-1	-1	-1	-1	-1	-1	-1
XMTQwNTgxNjI2MA==	9	9	9	8	8	8	8	8	8	8	8	8	8	8	8	8	8	8	8	8	-1	-1	-1	-1	-1	-1	-1	-1	-1	-1
XMTQwNTQ4NTUyMA==	1564	1680	1818	1960	2000	2032	2081	2093	2117	2116	2127	2129	2134	-1	-1	-1	-1	-1	-1	-1	-1	-1	-1	-1	-1	-1	-1	-1	-1	-1
XMTQwNTY4NDQ0OA==	10	12	12	12	-1	-1	-1	-1	-1	-1	-1	-1	-1	-1	-1	-1	-1	-1	-1	-1	-1	-1	-1	-1	-1	-1	-1	-1	-1	-1
XMTQwNjIwMDc4MA==	6	8	8	8	8	8	8	8	12	12	-1	-1	-1	-1	-1	-1	-1	-1	-1	-1	-1	-1	-1	-1	-1	-1	-1	-1	-1	-1
XMTQwNTUwMzAxMg==	242	305	325	331	333	341	348	351	351	361	-1	-1	-1	-1	-1	-1	-1	-1	-1	-1	-1	-1	-1	-1	-1	-1	-1	-1	-1	-1
XMTQwNjI2NzU5Ng==	202	319	322	304	-1	-1	-1	-1	-1	-1	-1	-1	-1	-1	-1	-1	-1	-1	-1	-1	-1	-1	-1	-1	-1	-1	-1	-1	-1	-1
XMTQwNTkwNjYzNg==	409	1499	2008	2396	2512	2718	2879	2979	3109	3225	3326	3492	3571	3688	3774	3863	3927	4068	-1	-1	-1	-1	-1	-1	-1	-1	-1	-1	-1	-1
XMTQwNTkxMjYzMg==	12	13	17	18	20	21	-1	-1	-1	-1	-1	-1	-1	-1	-1	-1	-1	-1	-1	-1	-1	-1	-1	-1	-1	-1	-1	-1	-1	-1
XMTQwNjA0MDUxNg==	8	13	13	11	-1	-1	-1	-1	-1	-1	-1	-1	-1	-1	-1	-1	-1	-1	-1	-1	-1	-1	-1	-1	-1	-1	-1	-1	-1	-1
XMTQwNTcwNjc2MA==	51	51	51	57	58	58	58	58	-1	-1	-1	-1	-1	-1	-1	-1	-1	-1	-1	-1	-1	-1	-1	-1	-1	-1	-1	-1	-1	-1
XMTQwNTU1MTE4OA==	5	12	13	12	13	14	17	17	17	17	17	17	17	17	17	17	17	17	17	17	17	17	17	18	18	18	18	-1	-1	-1
XMTQwNjAzMzk4NA==	574	-1	-1	-1	-1	-1	-1	-1	-1	-1	-1	-1	-1	-1	-1	-1	-1	-1	-1	-1	-1	-1	-1	-1	-1	-1	-1	-1	-1	-1
XMTQwNTc2MTgwOA==	11	17	17	16	-1	-1	-1	-1	-1	-1	-1	-1	-1	-1	-1	-1	-1	-1	-1	-1	-1	-1	-1	-1	-1	-1	-1	-1	-1	-1
XMTQwNTc5ODM4OA==	17	19	20	20	23	29	32	32	32	32	32	33	33	33	33	33	33	33	35	35	35	35	35	35	35	35	-1	-1	-1	-1
XMTQwNTY2MzA0MA==	107	118	122	128	129	-1	-1	-1	-1	-1	-1	-1	-1	-1	-1	-1	-1	-1	-1	-1	-1	-1	-1	-1	-1	-1	-1	-1	-1	-1
XMTQwNjQ1NzQ1Mg==	2	6	6	6	6	7	7	6	6	6	6	6	6	6	6	6	6	6	6	6	-1	-1	-1	-1	-1	-1	-1	-1	-1	-1
XMTQwNjA2NDMyMA==	4	4	4	4	4	4	6	6	6	5	5	5	-1	-1	-1	-1	-1	-1	-1	-1	-1	-1	-1	-1	-1	-1	-1	-1	-1	-1
XMTQwNTg5MTY0NA==	34	43	50	55	58	62	63	64	65	65	65	65	-1	-1	-1	-1	-1	-1	-1	-1	-1	-1	-1	-1	-1	-1	-1	-1	-1	-1
XMTQwNjY0MzcwNA==	21	33	-1	-1	-1	-1	-1	-1	-1	-1	-1	-1	-1	-1	-1	-1	-1	-1	-1	-1	-1	-1	-1	-1	-1	-1	-1	-1	-1	-1
XMTQwNTc0NzEwMA==	43	48	51	53	52	53	53	54	55	55	57	57	57	58	59	59	59	59	59	59	59	59	59	60	-1	-1	-1	-1	-1	-1
XMTQwNTcxOTU4OA==	121	139	148	155	156	158	171	172	-1	-1	-1	-1	-1	-1	-1	-1	-1	-1	-1	-1	-1	-1	-1	-1	-1	-1	-1	-1	-1	-1
XMTQwNTgxODAzNg==	13	14	14	-1	-1	-1	-1	-1	-1	-1	-1	-1	-1	-1	-1	-1	-1	-1	-1	-1	-1	-1	-1	-1	-1	-1	-1	-1	-1	-1
XMTQwNTgxMzY5Ng==	5	5	5	5	11	13	14	14	14	14	23	23	23	25	25	25	25	-1	-1	-1	-1	-1	-1	-1	-1	-1	-1	-1	-1	-1
XMTQwNTYwMjY4MA==	30	30	28	28	29	31	32	32	32	32	32	32	35	35	35	35	35	35	35	35	35	35	35	-1	-1	-1	-1	-1	-1	-1
XMTQwNTk2ODIxNg==	7	15	16	15	16	16	18	19	19	19	-1	-1	-1	-1	-1	-1	-1	-1	-1	-1	-1	-1	-1	-1	-1	-1	-1	-1	-1	-1
XMTQwNTc5Mjg1Ng==	53	61	61	58	62	68	69	70	72	74	75	74	75	77	79	80	-1	-1	-1	-1	-1	-1	-1	-1	-1	-1	-1	-1	-1	-1
XMTQwNTM1ODgzNg==	8	8	7	7	7	7	7	7	7	7	7	7	7	7	7	7	7	7	7	7	7	8	8	8	-1	-1	-1	-1	-1	-1
XMTQwNTM1MzkwMA==	17	19	19	19	19	19	19	19	19	21	21	21	21	21	21	21	21	23	23	23	23	23	23	23	-1	-1	-1	-1	-1	-1
XMTQwNjA1NDE2MA==	36	-1	-1	-1	-1	-1	-1	-1	-1	-1	-1	-1	-1	-1	-1	-1	-1	-1	-1	-1	-1	-1	-1	-1	-1	-1	-1	-1	-1	-1
XMTQwNTQzODE0OA==	2	2	2	3	3	3	3	3	3	3	3	3	3	3	3	3	3	3	3	3	3	3	3	-1	-1	-1	-1	-1	-1	-1
XMTQwNjIwMDY1Ng==	-1	-1	-1	-1	-1	-1	-1	-1	-1	-1	-1	-1	-1	-1	-1	-1	-1	-1	-1	-1	-1	-1	-1	-1	-1	-1	-1	-1	-1	-1
XMTQwNTkzNzIzNg==	28	-1	-1	-1	-1	-1	-1	-1	-1	-1	-1	-1	-1	-1	-1	-1	-1	-1	-1	-1	-1	-1	-1	-1	-1	-1	-1	-1	-1	-1
XMTQwNTk3MjkyNA==	2	2	3	-1	-1	-1	-1	-1	-1	-1	-1	-1	-1	-1	-1	-1	-1	-1	-1	-1	-1	-1	-1	-1	-1	-1	-1	-1	-1	-1
XMTQwNTY2MDc3Ng==	14	15	15	-1	-1	-1	-1	-1	-1	-1	-1	-1	-1	-1	-1	-1	-1	-1	-1	-1	-1	-1	-1	-1	-1	-1	-1	-1	-1	-1
XMTQwNjEwNDAwNA==	10	12	15	15	14	-1	-1	-1	-1	-1	-1	-1	-1	-1	-1	-1	-1	-1	-1	-1	-1	-1	-1	-1	-1	-1	-1	-1	-1	-1
XMTQwNjMxNDE2MA==	9	11	12	11	12	12	13	13	13	13	13	13	13	13	13	-1	-1	-1	-1	-1	-1	-1	-1	-1	-1	-1	-1	-1	-1	-1
XMTQwNTM5MDc5Ng==	16	-1	-1	-1	-1	-1	-1	-1	-1	-1	-1	-1	-1	-1	-1	-1	-1	-1	-1	-1	-1	-1	-1	-1	-1	-1	-1	-1	-1	-1
XMTQwNjA1ODY2MA==	8	8	-1	-1	-1	-1	-1	-1	-1	-1	-1	-1	-1	-1	-1	-1	-1	-1	-1	-1	-1	-1	-1	-1	-1	-1	-1	-1	-1	-1
XMTQwNTQwODY4MA==	629	679	697	730	739	772	783	793	820	-1	-1	-1	-1	-1	-1	-1	-1	-1	-1	-1	-1	-1	-1	-1	-1	-1	-1	-1	-1	-1
XMTQwNTQ0OTc4OA==	174	191	202	262	278	285	279	278	287	287	292	292	294	294	294	294	295	297	299	299	301	304	303	304	307	-1	-1	-1	-1	-1
XMTQwNjEwMDA0MA==	11	14	14	14	14	-1	-1	-1	-1	-1	-1	-1	-1	-1	-1	-1	-1	-1	-1	-1	-1	-1	-1	-1	-1	-1	-1	-1	-1	-1
XMTQwNjA1MjA4OA==	4	-1	-1	-1	-1	-1	-1	-1	-1	-1	-1	-1	-1	-1	-1	-1	-1	-1	-1	-1	-1	-1	-1	-1	-1	-1	-1	-1	-1	-1
XMTQwNTk5MDY0NA==	12	49	87	109	116	128	144	149	156	162	169	-1	-1	-1	-1	-1	-1	-1	-1	-1	-1	-1	-1	-1	-1	-1	-1	-1	-1	-1
XMTQwNTU2NDIyOA==	13	13	11	11	11	13	13	13	13	13	13	13	-1	-1	-1	-1	-1	-1	-1	-1	-1	-1	-1	-1	-1	-1	-1	-1	-1	-1
XMTQwNjM0MjU4MA==	982	1652	1783	1760	1807	1852	1894	1947	1999	2059	2098	2158	2205	2248	2296	2327	2384	2425	2516	2551	2600	2640	2684	2724	2766	2806	2887	-1	-1	-1
XMTQwNTgxMzc4NA==	8	8	8	8	8	8	8	8	8	8	8	8	8	8	8	8	8	8	8	8	-1	-1	-1	-1	-1	-1	-1	-1	-1	-1
XMTQwNTg0Mzk1Ng==	16	17	19	22	23	26	28	31	30	30	30	30	31	31	33	33	33	-1	-1	-1	-1	-1	-1	-1	-1	-1	-1	-1	-1	-1
XMTQwNTkxMDYzMg==	33	40	44	46	49	50	51	54	54	55	55	57	57	57	65	65	67	72	-1	-1	-1	-1	-1	-1	-1	-1	-1	-1	-1	-1
XMTQwNTYzMjI2MA==	116	143	150	158	164	174	181	183	184	186	191	195	198	201	202	204	204	206	207	207	209	211	211	214	214	-1	-1	-1	-1	-1
XMTQwNjE2NzY2NA==	13	-1	-1	-1	-1	-1	-1	-1	-1	-1	-1	-1	-1	-1	-1	-1	-1	-1	-1	-1	-1	-1	-1	-1	-1	-1	-1	-1	-1	-1
XMTQwNjM4OTk4OA==	15	-1	-1	-1	-1	-1	-1	-1	-1	-1	-1	-1	-1	-1	-1	-1	-1	-1	-1	-1	-1	-1	-1	-1	-1	-1	-1	-1	-1	-1
XMTQwNjY3MzUzMg==	3	-1	-1	-1	-1	-1	-1	-1	-1	-1	-1	-1	-1	-1	-1	-1	-1	-1	-1	-1	-1	-1	-1	-1	-1	-1	-1	-1	-1	-1
XMTQwNTM1ODY2OA==	3037	3168	3199	3351	3386	3405	3428	3435	3441	3443	3448	3478	3500	3511	3524	-1	-1	-1	-1	-1	-1	-1	-1	-1	-1	-1	-1	-1	-1	-1
XMTQwNjA2MzQwNA==	30	-1	-1	-1	-1	-1	-1	-1	-1	-1	-1	-1	-1	-1	-1	-1	-1	-1	-1	-1	-1	-1	-1	-1	-1	-1	-1	-1	-1	-1
XMTQwNjM0NDU0OA==	40	125	166	166	-1	-1	-1	-1	-1	-1	-1	-1	-1	-1	-1	-1	-1	-1	-1	-1	-1	-1	-1	-1	-1	-1	-1	-1	-1	-1
XMTQwNjM5ODgzNg==	13	18	20	18	18	18	21	-1	-1	-1	-1	-1	-1	-1	-1	-1	-1	-1	-1	-1	-1	-1	-1	-1	-1	-1	-1	-1	-1	-1
XMTQwNTQ1MDY4NA==	16	21	21	20	20	-1	-1	-1	-1	-1	-1	-1	-1	-1	-1	-1	-1	-1	-1	-1	-1	-1	-1	-1	-1	-1	-1	-1	-1	-1
XMTQwNjc0MzY1Mg==	2	10	11	14	16	17	20	-1	-1	-1	-1	-1	-1	-1	-1	-1	-1	-1	-1	-1	-1	-1	-1	-1	-1	-1	-1	-1	-1	-1
XMTQwNTQxMDgwMA==	253	313	325	322	325	332	342	344	344	344	344	344	345	348	-1	-1	-1	-1	-1	-1	-1	-1	-1	-1	-1	-1	-1	-1	-1	-1
XMTQwNjA2NjI0NA==	129	179	253	329	435	511	573	596	622	646	696	711	724	753	770	783	814	825	850	856	870	877	887	-1	-1	-1	-1	-1	-1	-1
XMTQwNTgxMzY4OA==	3	3	3	3	3	3	3	3	3	4	5	5	5	5	5	5	5	-1	-1	-1	-1	-1	-1	-1	-1	-1	-1	-1	-1	-1
XMTQwNTUzODMxNg==	-1	-1	-1	-1	-1	-1	-1	-1	-1	-1	-1	-1	-1	-1	-1	-1	-1	-1	-1	-1	-1	-1	-1	-1	-1	-1	-1	-1	-1	-1
XMTQwNTc4MDE2MA==	-1	-1	-1	-1	-1	-1	-1	-1	-1	-1	-1	-1	-1	-1	-1	-1	-1	-1	-1	-1	-1	-1	-1	-1	-1	-1	-1	-1	-1	-1
XMTQwNjI4NTY2MA==	89	144	209	213	213	-1	-1	-1	-1	-1	-1	-1	-1	-1	-1	-1	-1	-1	-1	-1	-1	-1	-1	-1	-1	-1	-1	-1	-1	-1
XMTQwNjc1OTE1Ng==	2	-1	-1	-1	-1	-1	-1	-1	-1	-1	-1	-1	-1	-1	-1	-1	-1	-1	-1	-1	-1	-1	-1	-1	-1	-1	-1	-1	-1	-1
XMTQwNTE2NzQ0MA==	31	-1	-1	-1	-1	-1	-1	-1	-1	-1	-1	-1	-1	-1	-1	-1	-1	-1	-1	-1	-1	-1	-1	-1	-1	-1	-1	-1	-1	-1
XMTQwNTUxMzM3Mg==	40	44	44	46	46	46	46	47	47	-1	-1	-1	-1	-1	-1	-1	-1	-1	-1	-1	-1	-1	-1	-1	-1	-1	-1	-1	-1	-1
XMTQwNTU0MjgzMg==	22	27	-1	-1	-1	-1	-1	-1	-1	-1	-1	-1	-1	-1	-1	-1	-1	-1	-1	-1	-1	-1	-1	-1	-1	-1	-1	-1	-1	-1
XMTQwNjU1NTU4NA==	3	5	5	5	5	6	7	8	8	-1	-1	-1	-1	-1	-1	-1	-1	-1	-1	-1	-1	-1	-1	-1	-1	-1	-1	-1	-1	-1
XMTQwNTY2MzM3Ng==	226	242	240	250	254	256	252	252	252	255	259	260	260	261	266	268	268	268	269	269	272	272	-1	-1	-1	-1	-1	-1	-1	-1
XMTQwNTMzMDg4NA==	709	738	735	801	813	820	831	878	884	889	869	877	879	881	883	898	904	909	930	932	940	941	940	941	941	948	-1	-1	-1	-1
XMTQwNjM3MjM5Mg==	76	134	147	155	164	176	187	188	195	204	210	212	222	233	251	257	264	270	284	296	305	314	324	334	336	353	360	364	-1	-1
XMTQwNjA2NjQxNg==	14	27	50	65	75	84	95	103	114	127	137	145	152	159	170	180	192	203	225	232	259	275	300	326	334	342	353	-1	-1	-1
XMTQwNTc5NDAyOA==	61	-1	-1	-1	-1	-1	-1	-1	-1	-1	-1	-1	-1	-1	-1	-1	-1	-1	-1	-1	-1	-1	-1	-1	-1	-1	-1	-1	-1	-1
XMTQwNTU4NDI4NA==	71	80	85	86	99	102	105	105	106	106	108	109	110	110	110	111	111	112	113	119	119	119	120	120	120	120	-1	-1	-1	-1
XMTQwNjMxMzU0NA==	19	-1	-1	-1	-1	-1	-1	-1	-1	-1	-1	-1	-1	-1	-1	-1	-1	-1	-1	-1	-1	-1	-1	-1	-1	-1	-1	-1	-1	-1
XMTQwNTQ2MjcyOA==	154	157	-1	-1	-1	-1	-1	-1	-1	-1	-1	-1	-1	-1	-1	-1	-1	-1	-1	-1	-1	-1	-1	-1	-1	-1	-1	-1	-1	-1
XMTQwNjM2NzEwOA==	4	4	5	11	11	13	13	16	17	17	-1	-1	-1	-1	-1	-1	-1	-1	-1	-1	-1	-1	-1	-1	-1	-1	-1	-1	-1	-1
XMTQwNTkwMjYzNg==	8	8	10	13	15	16	-1	-1	-1	-1	-1	-1	-1	-1	-1	-1	-1	-1	-1	-1	-1	-1	-1	-1	-1	-1	-1	-1	-1	-1
XMTQwNTcxMDU5Ng==	335	381	-1	-1	-1	-1	-1	-1	-1	-1	-1	-1	-1	-1	-1	-1	-1	-1	-1	-1	-1	-1	-1	-1	-1	-1	-1	-1	-1	-1
XMTQwNTQ1MTMzNg==	56	57	56	59	62	63	66	66	67	67	68	70	70	70	72	72	74	74	74	74	75	77	78	81	82	-1	-1	-1	-1	-1
XMTQwNTg4OTc3Mg==	27	28	28	32	32	32	33	34	34	34	34	34	-1	-1	-1	-1	-1	-1	-1	-1	-1	-1	-1	-1	-1	-1	-1	-1	-1	-1
XMTQwNTgyNTc1Ng==	11	-1	-1	-1	-1	-1	-1	-1	-1	-1	-1	-1	-1	-1	-1	-1	-1	-1	-1	-1	-1	-1	-1	-1	-1	-1	-1	-1	-1	-1
XMTQwNTQ4ODEyMA==	4	5	6	5	-1	-1	-1	-1	-1	-1	-1	-1	-1	-1	-1	-1	-1	-1	-1	-1	-1	-1	-1	-1	-1	-1	-1	-1	-1	-1
XMTQwNTk2NjAwNA==	200654	201173	216034	20984	21540	21819	21975	22051	22213	22293	22402	22459	22583	22659	22709	22773	22900	23022	23120	23136	23162	23169	23182	23190	23202	23218	23237	23241	23241	-1
XMTQwNTMyODE3Mg==	10	10	8	8	8	8	8	8	8	8	8	8	8	8	-1	-1	-1	-1	-1	-1	-1	-1	-1	-1	-1	-1	-1	-1	-1	-1
XMTQwNTgzMjQwOA==	5	8	9	-1	-1	-1	-1	-1	-1	-1	-1	-1	-1	-1	-1	-1	-1	-1	-1	-1	-1	-1	-1	-1	-1	-1	-1	-1	-1	-1
XMTQwNjIwNzg5Mg==	173	280	293	-1	-1	-1	-1	-1	-1	-1	-1	-1	-1	-1	-1	-1	-1	-1	-1	-1	-1	-1	-1	-1	-1	-1	-1	-1	-1	-1
XMTQwNjE2MzQ2NA==	14	-1	-1	-1	-1	-1	-1	-1	-1	-1	-1	-1	-1	-1	-1	-1	-1	-1	-1	-1	-1	-1	-1	-1	-1	-1	-1	-1	-1	-1
XMTQwNTc0ODIyNA==	117	131	134	137	141	171	359	404	430	463	476	482	502	-1	-1	-1	-1	-1	-1	-1	-1	-1	-1	-1	-1	-1	-1	-1	-1	-1
XMTQwNTI1MTAxNg==	85	109	111	114	119	119	-1	-1	-1	-1	-1	-1	-1	-1	-1	-1	-1	-1	-1	-1	-1	-1	-1	-1	-1	-1	-1	-1	-1	-1
XMTQwNjY3ODY4MA==	9	12	12	12	12	12	-1	-1	-1	-1	-1	-1	-1	-1	-1	-1	-1	-1	-1	-1	-1	-1	-1	-1	-1	-1	-1	-1	-1	-1
XMTQwNTg2OTIwOA==	23	-1	-1	-1	-1	-1	-1	-1	-1	-1	-1	-1	-1	-1	-1	-1	-1	-1	-1	-1	-1	-1	-1	-1	-1	-1	-1	-1	-1	-1
XMTQwNjY1ODAzNg==	1150	2990	3122	3086	3098	3134	3165	3192	3206	3217	3223	3228	3247	-1	-1	-1	-1	-1	-1	-1	-1	-1	-1	-1	-1	-1	-1	-1	-1	-1
XMTQwNjY2NDY4NA==	2	27	28	29	32	33	33	-1	-1	-1	-1	-1	-1	-1	-1	-1	-1	-1	-1	-1	-1	-1	-1	-1	-1	-1	-1	-1	-1	-1
XMTQwNTY5ODg2MA==	241	259	271	316	333	-1	-1	-1	-1	-1	-1	-1	-1	-1	-1	-1	-1	-1	-1	-1	-1	-1	-1	-1	-1	-1	-1	-1	-1	-1
XMTQwNTk0NzY5Ng==	63658	64264	64457	-1	-1	-1	-1	-1	-1	-1	-1	-1	-1	-1	-1	-1	-1	-1	-1	-1	-1	-1	-1	-1	-1	-1	-1	-1	-1	-1
XMTQwNTk5Mzg2OA==	4	4	4	4	4	5	5	5	5	5	5	5	5	5	5	5	5	5	-1	-1	-1	-1	-1	-1	-1	-1	-1	-1	-1	-1
XMTQwNjM3MTA0MA==	6	6	6	7	9	9	12	12	12	11	11	11	11	11	11	11	11	11	11	11	11	11	11	11	11	11	11	-1	-1	-1
XMTQwNTQ0OTA3Ng==	278	294	234	237	240	253	253	260	261	263	267	269	276	285	289	301	310	314	319	326	327	332	336	341	350	355	359	359	-1	-1
XMTQwNTY0MjE4OA==	9	10	10	9	10	10	11	11	10	10	10	10	10	10	10	-1	-1	-1	-1	-1	-1	-1	-1	-1	-1	-1	-1	-1	-1	-1
XMTQwNTkzNDQzNg==	151	352	356	358	359	360	363	363	363	362	362	-1	-1	-1	-1	-1	-1	-1	-1	-1	-1	-1	-1	-1	-1	-1	-1	-1	-1	-1
XMTQwNTg4MDg5Ng==	5	5	5	5	5	-1	-1	-1	-1	-1	-1	-1	-1	-1	-1	-1	-1	-1	-1	-1	-1	-1	-1	-1	-1	-1	-1	-1	-1	-1
XMTQwNTUyNjkyMA==	341	372	397	449	472	505	543	562	571	585	596	608	627	644	654	658	671	678	691	699	716	724	732	739	765	775	-1	-1	-1	-1
XMTQwNTI3Njc2OA==	556	558	535	538	541	544	551	555	557	560	559	559	560	-1	-1	-1	-1	-1	-1	-1	-1	-1	-1	-1	-1	-1	-1	-1	-1	-1
XMTQwNjc2NDUwNA==	4	16	17	17	16	16	17	18	18	19	19	19	19	19	-1	-1	-1	-1	-1	-1	-1	-1	-1	-1	-1	-1	-1	-1	-1	-1
XMTQwNjQ0MzkzMg==	10	-1	-1	-1	-1	-1	-1	-1	-1	-1	-1	-1	-1	-1	-1	-1	-1	-1	-1	-1	-1	-1	-1	-1	-1	-1	-1	-1	-1	-1
XMTQwNTM0ODYwNA==	122	123	129	131	133	-1	-1	-1	-1	-1	-1	-1	-1	-1	-1	-1	-1	-1	-1	-1	-1	-1	-1	-1	-1	-1	-1	-1	-1	-1
XMTQwNTM3NDQwOA==	1629	2347	3433	4040	4692	5205	5500	-1	-1	-1	-1	-1	-1	-1	-1	-1	-1	-1	-1	-1	-1	-1	-1	-1	-1	-1	-1	-1	-1	-1
XMTQwNTM3OTMyMA==	9	11	16	16	15	15	15	15	15	15	15	15	15	15	15	-1	-1	-1	-1	-1	-1	-1	-1	-1	-1	-1	-1	-1	-1	-1
XMTQwNTgxNTQyMA==	13	15	15	15	14	14	14	14	14	14	14	14	14	14	14	14	14	14	14	14	-1	-1	-1	-1	-1	-1	-1	-1	-1	-1
XMTQwNjMwNTUyOA==	7	10	10	8	11	11	-1	-1	-1	-1	-1	-1	-1	-1	-1	-1	-1	-1	-1	-1	-1	-1	-1	-1	-1	-1	-1	-1	-1	-1
XMTQwNTQzMTE4MA==	10	10	11	-1	-1	-1	-1	-1	-1	-1	-1	-1	-1	-1	-1	-1	-1	-1	-1	-1	-1	-1	-1	-1	-1	-1	-1	-1	-1	-1
XMTQwNTI1NDY0OA==	85	128	134	134	103	103	103	105	108	108	105	105	105	105	105	105	105	105	106	106	106	-1	-1	-1	-1	-1	-1	-1	-1	-1
XMTQwNjY0NTU2OA==	2	-1	-1	-1	-1	-1	-1	-1	-1	-1	-1	-1	-1	-1	-1	-1	-1	-1	-1	-1	-1	-1	-1	-1	-1	-1	-1	-1	-1	-1
XMTQwNTY2MzE0NA==	28	32	33	41	-1	-1	-1	-1	-1	-1	-1	-1	-1	-1	-1	-1	-1	-1	-1	-1	-1	-1	-1	-1	-1	-1	-1	-1	-1	-1
XMTQwNTk0MzQ5Ng==	13	15	15	15	15	15	15	15	15	15	15	15	15	15	-1	-1	-1	-1	-1	-1	-1	-1	-1	-1	-1	-1	-1	-1	-1	-1
XMTQwNTg4MzA5Ng==	50	-1	-1	-1	-1	-1	-1	-1	-1	-1	-1	-1	-1	-1	-1	-1	-1	-1	-1	-1	-1	-1	-1	-1	-1	-1	-1	-1	-1	-1
XMTQwNTkwOTk0NA==	249	-1	-1	-1	-1	-1	-1	-1	-1	-1	-1	-1	-1	-1	-1	-1	-1	-1	-1	-1	-1	-1	-1	-1	-1	-1	-1	-1	-1	-1
XMTQwNjQwOTU2OA==	4	7	7	6	4	9	14	14	14	14	14	15	16	16	16	16	16	16	16	16	16	16	17	17	17	17	17	17	-1	-1
XMTQwNTYzODA3Mg==	6	7	10	10	10	12	13	15	14	13	13	14	15	16	16	16	16	16	18	19	24	-1	-1	-1	-1	-1	-1	-1	-1	-1
XMTQwNTUzOTUwNA==	77	80	80	-1	-1	-1	-1	-1	-1	-1	-1	-1	-1	-1	-1	-1	-1	-1	-1	-1	-1	-1	-1	-1	-1	-1	-1	-1	-1	-1
XMTQwNTc3ODkxMg==	23	26	26	-1	-1	-1	-1	-1	-1	-1	-1	-1	-1	-1	-1	-1	-1	-1	-1	-1	-1	-1	-1	-1	-1	-1	-1	-1	-1	-1
XMTQwNTg2NjMwOA==	5	5	5	5	5	5	5	5	5	5	5	5	5	6	6	6	6	6	7	7	7	7	7	7	7	7	7	-1	-1	-1
XMTQwNTc5ODY4OA==	22	29	31	30	-1	-1	-1	-1	-1	-1	-1	-1	-1	-1	-1	-1	-1	-1	-1	-1	-1	-1	-1	-1	-1	-1	-1	-1	-1	-1
XMTQwNTQ3MTU3Mg==	90	125	-1	-1	-1	-1	-1	-1	-1	-1	-1	-1	-1	-1	-1	-1	-1	-1	-1	-1	-1	-1	-1	-1	-1	-1	-1	-1	-1	-1
XMTQwNTc2NDM1Mg==	32	43	48	52	53	-1	-1	-1	-1	-1	-1	-1	-1	-1	-1	-1	-1	-1	-1	-1	-1	-1	-1	-1	-1	-1	-1	-1	-1	-1
XMTQwNTY2MDkzMg==	18	21	20	20	21	22	27	29	29	29	29	29	29	29	29	29	29	29	30	30	30	30	30	30	30	30	30	30	30	-1
XMTQwNTQ5NTEzNg==	127	-1	-1	-1	-1	-1	-1	-1	-1	-1	-1	-1	-1	-1	-1	-1	-1	-1	-1	-1	-1	-1	-1	-1	-1	-1	-1	-1	-1	-1
XMTQwNTM2NjI0NA==	-1	-1	-1	-1	-1	-1	-1	-1	-1	-1	-1	-1	-1	-1	-1	-1	-1	-1	-1	-1	-1	-1	-1	-1	-1	-1	-1	-1	-1	-1
XMTQwNTgxNDUxMg==	60	72	-1	-1	-1	-1	-1	-1	-1	-1	-1	-1	-1	-1	-1	-1	-1	-1	-1	-1	-1	-1	-1	-1	-1	-1	-1	-1	-1	-1
XMTQwNjI2MzMzMg==	-1	-1	-1	-1	-1	-1	-1	-1	-1	-1	-1	-1	-1	-1	-1	-1	-1	-1	-1	-1	-1	-1	-1	-1	-1	-1	-1	-1	-1	-1
XMTQwNjEwMDc3Ng==	12	15	15	12	12	-1	-1	-1	-1	-1	-1	-1	-1	-1	-1	-1	-1	-1	-1	-1	-1	-1	-1	-1	-1	-1	-1	-1	-1	-1
XMTQwNjIyMTkyMA==	4	4	8	9	8	8	7	9	9	9	9	-1	-1	-1	-1	-1	-1	-1	-1	-1	-1	-1	-1	-1	-1	-1	-1	-1	-1	-1
XMTQwNjA5OTc3Ng==	11	13	13	13	13	-1	-1	-1	-1	-1	-1	-1	-1	-1	-1	-1	-1	-1	-1	-1	-1	-1	-1	-1	-1	-1	-1	-1	-1	-1
XMTQwNTQ0ODg3Mg==	20	28	36	41	40	42	45	47	50	51	59	65	62	63	64	66	66	66	66	66	66	66	71	-1	-1	-1	-1	-1	-1	-1
XMTQwNjQ2MzYyMA==	4	6	13	14	14	13	12	12	12	12	13	13	13	13	13	13	-1	-1	-1	-1	-1	-1	-1	-1	-1	-1	-1	-1	-1	-1
XMTQwNTczNzQ0OA==	205	207	201	204	206	212	221	224	224	224	225	-1	-1	-1	-1	-1	-1	-1	-1	-1	-1	-1	-1	-1	-1	-1	-1	-1	-1	-1
XMTQwNjIxNjUwMA==	20	27	29	28	27	27	27	27	28	28	28	28	28	28	28	28	28	28	28	28	28	28	-1	-1	-1	-1	-1	-1	-1	-1
XMTQwNTY1MTMyMA==	109	137	156	176	186	203	222	224	229	234	237	242	248	259	259	260	262	264	-1	-1	-1	-1	-1	-1	-1	-1	-1	-1	-1	-1
XMTQwNTk0NzcwOA==	66004	66394	66708	-1	-1	-1	-1	-1	-1	-1	-1	-1	-1	-1	-1	-1	-1	-1	-1	-1	-1	-1	-1	-1	-1	-1	-1	-1	-1	-1
XMTQwNTczMzgxNg==	12	-1	-1	-1	-1	-1	-1	-1	-1	-1	-1	-1	-1	-1	-1	-1	-1	-1	-1	-1	-1	-1	-1	-1	-1	-1	-1	-1	-1	-1
XMTQwNTY3NzYxMg==	1069	1257	1390	1595	1779	1958	2103	2157	2206	2235	2266	2288	2321	-1	-1	-1	-1	-1	-1	-1	-1	-1	-1	-1	-1	-1	-1	-1	-1	-1
XMTQwNjA0ODA1Mg==	18	20	23	23	22	22	23	23	23	23	24	24	24	25	25	25	26	26	26	-1	-1	-1	-1	-1	-1	-1	-1	-1	-1	-1
XMTQwNTIzMzUzMg==	11	11	11	11	11	11	11	11	11	11	11	11	11	11	11	11	11	11	11	11	11	11	11	11	11	-1	-1	-1	-1	-1
XMTQwNTk5OTE2MA==	8	9	9	-1	-1	-1	-1	-1	-1	-1	-1	-1	-1	-1	-1	-1	-1	-1	-1	-1	-1	-1	-1	-1	-1	-1	-1	-1	-1	-1
XMTQwNjA2MjAyNA==	27	-1	-1	-1	-1	-1	-1	-1	-1	-1	-1	-1	-1	-1	-1	-1	-1	-1	-1	-1	-1	-1	-1	-1	-1	-1	-1	-1	-1	-1
XMTQwNTgxNjk0MA==	43	78	91	105	108	111	118	122	134	141	144	150	172	189	194	195	212	222	237	243	251	-1	-1	-1	-1	-1	-1	-1	-1	-1
XMTQwNjQzNDE4MA==	16019	16339	16528	990	1120	1292	1418	1440	1454	1475	1497	1513	1550	1583	1592	1609	1637	1660	1667	1681	1703	1738	1760	1770	1791	1838	1858	1895	1901	-1
XMTQwNjExMzI0OA==	9	10	11	11	10	10	10	10	10	10	10	10	10	10	-1	-1	-1	-1	-1	-1	-1	-1	-1	-1	-1	-1	-1	-1	-1	-1
XMTQwNjM1MzI1Mg==	9	10	10	9	9	9	12	12	15	-1	-1	-1	-1	-1	-1	-1	-1	-1	-1	-1	-1	-1	-1	-1	-1	-1	-1	-1	-1	-1
XMTQwNTQyMjY0MA==	10	10	9	9	9	-1	-1	-1	-1	-1	-1	-1	-1	-1	-1	-1	-1	-1	-1	-1	-1	-1	-1	-1	-1	-1	-1	-1	-1	-1
XMTQwNTkxMDU1Mg==	63997	64270	64349	64395	-1	-1	-1	-1	-1	-1	-1	-1	-1	-1	-1	-1	-1	-1	-1	-1	-1	-1	-1	-1	-1	-1	-1	-1	-1	-1
XMTQwNTg0MjA2NA==	26	26	23	-1	-1	-1	-1	-1	-1	-1	-1	-1	-1	-1	-1	-1	-1	-1	-1	-1	-1	-1	-1	-1	-1	-1	-1	-1	-1	-1
XMTQwNTM0NzAxMg==	1079	1195	1314	1493	1517	1552	1615	1645	1662	1672	1688	-1	-1	-1	-1	-1	-1	-1	-1	-1	-1	-1	-1	-1	-1	-1	-1	-1	-1	-1
XMTQwNjIyNjY1Ng==	281	398	406	348	-1	-1	-1	-1	-1	-1	-1	-1	-1	-1	-1	-1	-1	-1	-1	-1	-1	-1	-1	-1	-1	-1	-1	-1	-1	-1
XMTQwNTE4NDA2OA==	23	-1	-1	-1	-1	-1	-1	-1	-1	-1	-1	-1	-1	-1	-1	-1	-1	-1	-1	-1	-1	-1	-1	-1	-1	-1	-1	-1	-1	-1
XMTQwNTcxODEwMA==	36	36	36	35	35	35	35	36	36	37	37	37	37	37	37	37	37	-1	-1	-1	-1	-1	-1	-1	-1	-1	-1	-1	-1	-1
XMTQwNjQ3OTMzMg==	27	39	39	37	37	-1	-1	-1	-1	-1	-1	-1	-1	-1	-1	-1	-1	-1	-1	-1	-1	-1	-1	-1	-1	-1	-1	-1	-1	-1
XMTQwNTkwNjk4OA==	7	7	7	7	7	7	7	-1	-1	-1	-1	-1	-1	-1	-1	-1	-1	-1	-1	-1	-1	-1	-1	-1	-1	-1	-1	-1	-1	-1
XMTQwNTQ4NTkyOA==	8	8	-1	-1	-1	-1	-1	-1	-1	-1	-1	-1	-1	-1	-1	-1	-1	-1	-1	-1	-1	-1	-1	-1	-1	-1	-1	-1	-1	-1
XMTQwNjUxNjg1Mg==	5	-1	-1	-1	-1	-1	-1	-1	-1	-1	-1	-1	-1	-1	-1	-1	-1	-1	-1	-1	-1	-1	-1	-1	-1	-1	-1	-1	-1	-1
XMTQwNjAzNzcwOA==	7	-1	-1	-1	-1	-1	-1	-1	-1	-1	-1	-1	-1	-1	-1	-1	-1	-1	-1	-1	-1	-1	-1	-1	-1	-1	-1	-1	-1	-1
XMTQwNTczOTM4OA==	72	81	92	97	97	-1	-1	-1	-1	-1	-1	-1	-1	-1	-1	-1	-1	-1	-1	-1	-1	-1	-1	-1	-1	-1	-1	-1	-1	-1
XMTQwNTg4Nzc1Ng==	153	-1	-1	-1	-1	-1	-1	-1	-1	-1	-1	-1	-1	-1	-1	-1	-1	-1	-1	-1	-1	-1	-1	-1	-1	-1	-1	-1	-1	-1
XMTQwNTQyNzQ0OA==	38	40	28	28	30	29	28	29	28	28	28	28	28	28	28	28	28	28	28	28	-1	-1	-1	-1	-1	-1	-1	-1	-1	-1
XMTQwNTU1NzUzMg==	153	175	185	199	202	213	219	220	222	224	225	230	233	235	247	248	249	250	253	255	256	257	260	262	262	-1	-1	-1	-1	-1
XMTQwNTkxMDA0OA==	42	43	43	43	43	43	43	47	47	47	47	47	48	48	48	48	48	48	48	48	48	48	48	48	48	-1	-1	-1	-1	-1
XMTQwNjI2MjAzNg==	13	18	18	-1	-1	-1	-1	-1	-1	-1	-1	-1	-1	-1	-1	-1	-1	-1	-1	-1	-1	-1	-1	-1	-1	-1	-1	-1	-1	-1
XMTQwNTYwODQ2NA==	16	27	38	41	42	44	44	46	47	-1	-1	-1	-1	-1	-1	-1	-1	-1	-1	-1	-1	-1	-1	-1	-1	-1	-1	-1	-1	-1
XMTQwNjExMjY1Ng==	196	236	244	232	233	238	243	243	244	245	245	246	247	249	249	249	-1	-1	-1	-1	-1	-1	-1	-1	-1	-1	-1	-1	-1	-1
XMTQwNTY0NjQ4OA==	35	37	38	38	38	46	51	55	55	57	60	62	65	67	67	68	71	71	72	74	76	76	76	76	77	79	-1	-1	-1	-1
XMTQwNTQ4MjAwNA==	107	143	156	162	168	-1	-1	-1	-1	-1	-1	-1	-1	-1	-1	-1	-1	-1	-1	-1	-1	-1	-1	-1	-1	-1	-1	-1	-1	-1
XMTQwNTk1NDkzMg==	33	36	-1	-1	-1	-1	-1	-1	-1	-1	-1	-1	-1	-1	-1	-1	-1	-1	-1	-1	-1	-1	-1	-1	-1	-1	-1	-1	-1	-1
XMTQwNTQ1ODY2OA==	15	-1	-1	-1	-1	-1	-1	-1	-1	-1	-1	-1	-1	-1	-1	-1	-1	-1	-1	-1	-1	-1	-1	-1	-1	-1	-1	-1	-1	-1
XMTQwNTM3MzEzMg==	9	16	17	23	-1	-1	-1	-1	-1	-1	-1	-1	-1	-1	-1	-1	-1	-1	-1	-1	-1	-1	-1	-1	-1	-1	-1	-1	-1	-1
XMTQwNjU2OTAwNA==	1302	1605	1826	1852	1853	1836	1837	1835	1835	1835	1835	1835	1836	1836	1836	1836	1836	1836	1836	1836	1836	1836	1836	1836	1836	1840	-1	-1	-1	-1
XMTQwNjExNTUwMA==	9	10	12	16	19	23	25	25	25	27	29	31	31	32	33	34	-1	-1	-1	-1	-1	-1	-1	-1	-1	-1	-1	-1	-1	-1
XMTQwNjczOTYyOA==	2	-1	-1	-1	-1	-1	-1	-1	-1	-1	-1	-1	-1	-1	-1	-1	-1	-1	-1	-1	-1	-1	-1	-1	-1	-1	-1	-1	-1	-1
XMTQwNTQxMTAzMg==	53	74	77	80	82	85	-1	-1	-1	-1	-1	-1	-1	-1	-1	-1	-1	-1	-1	-1	-1	-1	-1	-1	-1	-1	-1	-1	-1	-1
XMTQwNTQ1MjE4OA==	69	77	-1	-1	-1	-1	-1	-1	-1	-1	-1	-1	-1	-1	-1	-1	-1	-1	-1	-1	-1	-1	-1	-1	-1	-1	-1	-1	-1	-1
XMTQwNTQ0MTMwMA==	79	92	143	151	155	162	172	174	175	178	179	179	181	183	189	191	191	192	195	195	197	199	199	201	203	203	-1	-1	-1	-1
XMTQwNjAzMDk4NA==	6	-1	-1	-1	-1	-1	-1	-1	-1	-1	-1	-1	-1	-1	-1	-1	-1	-1	-1	-1	-1	-1	-1	-1	-1	-1	-1	-1	-1	-1
XMTQwNTE2NDg2NA==	9	9	8	8	8	8	8	8	8	8	8	8	8	8	8	8	8	8	8	8	-1	-1	-1	-1	-1	-1	-1	-1	-1	-1
XMTQwNjI4OTQwNA==	2	2	3	3	3	3	3	-1	-1	-1	-1	-1	-1	-1	-1	-1	-1	-1	-1	-1	-1	-1	-1	-1	-1	-1	-1	-1	-1	-1
XMTQwNTU1NzU0MA==	212	231	231	238	242	250	324	329	331	266	268	275	276	277	279	279	279	280	284	284	289	289	292	293	294	-1	-1	-1	-1	-1
XMTQwNTQwMjkwNA==	630	701	774	798	831	840	849	850	851	854	855	874	879	-1	-1	-1	-1	-1	-1	-1	-1	-1	-1	-1	-1	-1	-1	-1	-1	-1
XMTQwNTk4NzgzMg==	14	-1	-1	-1	-1	-1	-1	-1	-1	-1	-1	-1	-1	-1	-1	-1	-1	-1	-1	-1	-1	-1	-1	-1	-1	-1	-1	-1	-1	-1
XMTQwNjQ1NzQzMg==	8	10	11	9	9	9	9	9	9	9	9	9	9	9	9	9	9	9	9	9	-1	-1	-1	-1	-1	-1	-1	-1	-1	-1
XMTQwNTgxOTc0OA==	97	123	142	148	157	159	160	165	171	-1	178	188	196	206	211	215	219	221	249	255	266	274	276	277	277	280	281	284	284	284
XMTQwNTk3NTU4NA==	9	10	-1	-1	-1	-1	-1	-1	-1	-1	-1	-1	-1	-1	-1	-1	-1	-1	-1	-1	-1	-1	-1	-1	-1	-1	-1	-1	-1	-1
XMTQwNTQ2OTkwOA==	58	60	-1	-1	-1	-1	-1	-1	-1	-1	-1	-1	-1	-1	-1	-1	-1	-1	-1	-1	-1	-1	-1	-1	-1	-1	-1	-1	-1	-1
XMTQwNTYxMzA4OA==	9	-1	-1	-1	-1	-1	-1	-1	-1	-1	-1	-1	-1	-1	-1	-1	-1	-1	-1	-1	-1	-1	-1	-1	-1	-1	-1	-1	-1	-1
XMTQwNTU3OTAwNA==	976	1069	1119	488	473	404	408	412	417	421	424	422	420	422	422	425	425	424	-1	-1	-1	-1	-1	-1	-1	-1	-1	-1	-1	-1
XMTQwNjM5MTI0MA==	123	187	219	220	221	226	227	234	236	237	239	238	247	249	249	251	253	257	258	258	261	263	264	264	268	270	272	274	-1	-1
XMTQwNjYyNzE2MA==	4	4	4	-1	-1	-1	-1	-1	-1	-1	-1	-1	-1	-1	-1	-1	-1	-1	-1	-1	-1	-1	-1	-1	-1	-1	-1	-1	-1	-1
XMTQwNjQ4NTYyNA==	2	6	6	5	7	7	8	8	8	7	7	7	8	8	8	8	8	8	8	8	-1	-1	-1	-1	-1	-1	-1	-1	-1	-1
XMTQwNTI0NjkwOA==	100	103	100	107	111	-1	-1	-1	-1	-1	-1	-1	-1	-1	-1	-1	-1	-1	-1	-1	-1	-1	-1	-1	-1	-1	-1	-1	-1	-1
XMTQwNTM3NjU4NA==	2	2	2	2	2	-1	-1	-1	-1	-1	-1	-1	-1	-1	-1	-1	-1	-1	-1	-1	-1	-1	-1	-1	-1	-1	-1	-1	-1	-1
XMTQwNTg3Mzk0OA==	3	6	6	6	6	6	6	6	6	6	6	6	6	7	7	7	7	7	-1	-1	-1	-1	-1	-1	-1	-1	-1	-1	-1	-1
XMTQwNjI5MDMwMA==	3	5	-1	-1	-1	-1	-1	-1	-1	-1	-1	-1	-1	-1	-1	-1	-1	-1	-1	-1	-1	-1	-1	-1	-1	-1	-1	-1	-1	-1
XMTQwNTk5MTI4MA==	3	-1	-1	-1	-1	-1	-1	-1	-1	-1	-1	-1	-1	-1	-1	-1	-1	-1	-1	-1	-1	-1	-1	-1	-1	-1	-1	-1	-1	-1
XMTQwNjI1MzM2OA==	5	-1	-1	-1	-1	-1	-1	-1	-1	-1	-1	-1	-1	-1	-1	-1	-1	-1	-1	-1	-1	-1	-1	-1	-1	-1	-1	-1	-1	-1
XMTQwNjAxNjIyNA==	7	7	8	7	7	7	9	9	9	9	9	9	9	9	9	9	9	9	-1	-1	-1	-1	-1	-1	-1	-1	-1	-1	-1	-1
XMTQwNTE5NjI2OA==	34	38	38	38	38	38	38	38	-1	-1	-1	-1	-1	-1	-1	-1	-1	-1	-1	-1	-1	-1	-1	-1	-1	-1	-1	-1	-1	-1
XMTQwNjI3MDU1Mg==	7	9	-1	-1	-1	-1	-1	-1	-1	-1	-1	-1	-1	-1	-1	-1	-1	-1	-1	-1	-1	-1	-1	-1	-1	-1	-1	-1	-1	-1
XMTQwNjEwMTQ3Ng==	11	15	15	14	14	-1	-1	-1	-1	-1	-1	-1	-1	-1	-1	-1	-1	-1	-1	-1	-1	-1	-1	-1	-1	-1	-1	-1	-1	-1
XMTQwNTM2NTgwMA==	18	18	17	17	17	17	17	-1	-1	-1	-1	-1	-1	-1	-1	-1	-1	-1	-1	-1	-1	-1	-1	-1	-1	-1	-1	-1	-1	-1
XMTQwNTM5MDc3Ng==	14	19	22	26	29	36	-1	-1	-1	-1	-1	-1	-1	-1	-1	-1	-1	-1	-1	-1	-1	-1	-1	-1	-1	-1	-1	-1	-1	-1
XMTQwNjAzODQ4NA==	10	-1	-1	-1	-1	-1	-1	-1	-1	-1	-1	-1	-1	-1	-1	-1	-1	-1	-1	-1	-1	-1	-1	-1	-1	-1	-1	-1	-1	-1
XMTQwNjAzODExMg==	16	-1	-1	-1	-1	-1	-1	-1	-1	-1	-1	-1	-1	-1	-1	-1	-1	-1	-1	-1	-1	-1	-1	-1	-1	-1	-1	-1	-1	-1
XMTQwNjYyNjk1Mg==	8	8	8	-1	-1	-1	-1	-1	-1	-1	-1	-1	-1	-1	-1	-1	-1	-1	-1	-1	-1	-1	-1	-1	-1	-1	-1	-1	-1	-1
XMTQwNjAwNzU4OA==	2	2	2	2	2	-1	-1	-1	-1	-1	-1	-1	-1	-1	-1	-1	-1	-1	-1	-1	-1	-1	-1	-1	-1	-1	-1	-1	-1	-1
XMTQwNTkzNDA0OA==	13	19	20	19	19	19	20	-1	-1	-1	-1	-1	-1	-1	-1	-1	-1	-1	-1	-1	-1	-1	-1	-1	-1	-1	-1	-1	-1	-1
XMTQwNTYxNzkyOA==	300	353	364	383	387	400	408	417	421	422	427	431	433	436	437	444	447	448	451	452	-1	-1	-1	-1	-1	-1	-1	-1	-1	-1
XMTQwNjA1MDU0MA==	77	88	97	95	97	98	101	103	103	104	105	105	106	107	107	107	107	109	110	110	111	111	112	-1	-1	-1	-1	-1	-1	-1
XMTQwNTYzNTQ2OA==	10	11	12	12	12	12	12	12	12	12	13	13	13	13	17	17	17	17	-1	-1	-1	-1	-1	-1	-1	-1	-1	-1	-1	-1
XMTQwNTgyMDY3Mg==	9	11	9	-1	-1	-1	-1	-1	-1	-1	-1	-1	-1	-1	-1	-1	-1	-1	-1	-1	-1	-1	-1	-1	-1	-1	-1	-1	-1	-1
XMTQwNTM3MzAxNg==	13	13	14	14	14	14	14	14	14	14	14	14	14	14	14	14	14	14	14	14	14	14	14	14	-1	-1	-1	-1	-1	-1
XMTQwNjcwNzUyMA==	3	-1	-1	-1	-1	-1	-1	-1	-1	-1	-1	-1	-1	-1	-1	-1	-1	-1	-1	-1	-1	-1	-1	-1	-1	-1	-1	-1	-1	-1
XMTQwNTM1ODE5Mg==	130	133	28	-1	-1	-1	-1	-1	-1	-1	-1	-1	-1	-1	-1	-1	-1	-1	-1	-1	-1	-1	-1	-1	-1	-1	-1	-1	-1	-1
XMTQwNTgxMzY5Mg==	5	5	5	6	6	6	6	6	6	6	6	6	6	6	6	6	6	-1	-1	-1	-1	-1	-1	-1	-1	-1	-1	-1	-1	-1
XMTQwNTcxODg2MA==	56	67	73	73	75	77	77	78	77	77	77	77	77	77	-1	-1	-1	-1	-1	-1	-1	-1	-1	-1	-1	-1	-1	-1	-1	-1
XMTQwNTYzODU4NA==	207	227	238	255	271	300	330	341	353	360	376	389	412	418	425	429	432	432	-1	-1	-1	-1	-1	-1	-1	-1	-1	-1	-1	-1
XMTQwNTIxODQ4OA==	126	-1	-1	-1	-1	-1	-1	-1	-1	-1	-1	-1	-1	-1	-1	-1	-1	-1	-1	-1	-1	-1	-1	-1	-1	-1	-1	-1	-1	-1
XMTQwNTM0MDc4OA==	54	73	75	77	77	82	82	82	83	83	-1	-1	-1	-1	-1	-1	-1	-1	-1	-1	-1	-1	-1	-1	-1	-1	-1	-1	-1	-1
XMTQwNTc0OTU4NA==	16	27	28	30	31	32	38	40	41	41	42	47	-1	-1	-1	-1	-1	-1	-1	-1	-1	-1	-1	-1	-1	-1	-1	-1	-1	-1
XMTQwNjA0Mjk4MA==	4	4	4	4	4	4	4	4	4	4	4	4	4	4	4	4	4	4	-1	-1	-1	-1	-1	-1	-1	-1	-1	-1	-1	-1
XMTQwNTU1MTM0OA==	320	330	332	342	352	378	418	422	430	434	439	442	459	486	495	501	511	520	538	549	576	587	593	-1	-1	-1	-1	-1	-1	-1
XMTQwNTg4NjgyNA==	6	7	7	-1	-1	-1	-1	-1	-1	-1	-1	-1	-1	-1	-1	-1	-1	-1	-1	-1	-1	-1	-1	-1	-1	-1	-1	-1	-1	-1
XMTQwNTUyNDg1Ng==	2214	2821	2963	3020	3129	3183	3233	3262	3283	3300	3308	3313	3319	3323	-1	-1	-1	-1	-1	-1	-1	-1	-1	-1	-1	-1	-1	-1	-1	-1
XMTQwNTUxOTY3Ng==	6	9	13	16	17	20	25	27	27	29	-1	-1	-1	-1	-1	-1	-1	-1	-1	-1	-1	-1	-1	-1	-1	-1	-1	-1	-1	-1
XMTQwNTgyMTk2MA==	9	12	11	-1	-1	-1	-1	-1	-1	-1	-1	-1	-1	-1	-1	-1	-1	-1	-1	-1	-1	-1	-1	-1	-1	-1	-1	-1	-1	-1
XMTQwNTgxNDg3Ng==	8	8	5	5	5	5	5	5	5	5	5	5	5	5	5	5	5	5	5	5	-1	-1	-1	-1	-1	-1	-1	-1	-1	-1
XMTQwNTQ1NTAxNg==	59	65	-1	-1	-1	-1	-1	-1	-1	-1	-1	-1	-1	-1	-1	-1	-1	-1	-1	-1	-1	-1	-1	-1	-1	-1	-1	-1	-1	-1
XMTQwNTE4NDU0MA==	335	343	322	328	328	334	337	339	340	341	346	349	351	352	353	356	356	357	358	359	360	360	362	362	364	366	368	372	-1	-1
XMTQwNTU1NDU1Ng==	21	23	24	25	26	26	26	27	27	-1	-1	-1	-1	-1	-1	-1	-1	-1	-1	-1	-1	-1	-1	-1	-1	-1	-1	-1	-1	-1
XMTQwNjU2NTM3Ng==	6	7	7	6	6	6	8	8	8	7	7	7	7	7	7	7	7	7	7	7	7	7	7	7	7	7	7	7	-1	-1
XMTQwNTc2Nzk2OA==	27	48	97	129	158	208	263	306	345	388	430	480	536	619	736	-1	-1	-1	-1	-1	-1	-1	-1	-1	-1	-1	-1	-1	-1	-1
XMTQwNTgwODMzNg==	9	-1	-1	-1	-1	-1	-1	-1	-1	-1	-1	-1	-1	-1	-1	-1	-1	-1	-1	-1	-1	-1	-1	-1	-1	-1	-1	-1	-1	-1
XMTQwNTYxODY3Mg==	14	14	14	17	18	18	18	18	18	18	18	18	19	19	19	19	19	19	19	19	-1	-1	-1	-1	-1	-1	-1	-1	-1	-1
XMTQwNjY4NzEyOA==	12	16	-1	-1	-1	-1	-1	-1	-1	-1	-1	-1	-1	-1	-1	-1	-1	-1	-1	-1	-1	-1	-1	-1	-1	-1	-1	-1	-1	-1
XMTQwNjM1NDQ2OA==	12	24	31	32	32	34	41	43	49	-1	-1	-1	-1	-1	-1	-1	-1	-1	-1	-1	-1	-1	-1	-1	-1	-1	-1	-1	-1	-1
XMTQwNTk2MTA2MA==	16	17	-1	-1	-1	-1	-1	-1	-1	-1	-1	-1	-1	-1	-1	-1	-1	-1	-1	-1	-1	-1	-1	-1	-1	-1	-1	-1	-1	-1
XMTQwNjA1MzkyNA==	36	40	40	39	-1	-1	-1	-1	-1	-1	-1	-1	-1	-1	-1	-1	-1	-1	-1	-1	-1	-1	-1	-1	-1	-1	-1	-1	-1	-1
XMTQwNTQ0OTYyOA==	9	9	9	9	9	9	9	9	9	9	9	9	9	9	-1	-1	-1	-1	-1	-1	-1	-1	-1	-1	-1	-1	-1	-1	-1	-1
XMTQwNTMwODk5Ng==	26	40	49	66	76	-1	-1	-1	-1	-1	-1	-1	-1	-1	-1	-1	-1	-1	-1	-1	-1	-1	-1	-1	-1	-1	-1	-1	-1	-1
XMTQwNTc4MjY2NA==	89	113	127	134	136	141	-1	-1	-1	-1	-1	-1	-1	-1	-1	-1	-1	-1	-1	-1	-1	-1	-1	-1	-1	-1	-1	-1	-1	-1
XMTQwNjE4NzczNg==	8	12	14	14	14	15	15	15	15	15	15	15	15	15	15	15	15	15	15	15	15	15	15	-1	-1	-1	-1	-1	-1	-1
XMTQwNjM1NjY3Mg==	17	30	32	33	156	160	163	39	40	-1	-1	-1	-1	-1	-1	-1	-1	-1	-1	-1	-1	-1	-1	-1	-1	-1	-1	-1	-1	-1
XMTQwNTkzMTE1Mg==	2	2	2	-1	-1	-1	-1	-1	-1	-1	-1	-1	-1	-1	-1	-1	-1	-1	-1	-1	-1	-1	-1	-1	-1	-1	-1	-1	-1	-1
XMTQwNjEyMTA4MA==	74	100	109	109	112	113	114	115	116	116	117	119	120	120	120	120	-1	-1	-1	-1	-1	-1	-1	-1	-1	-1	-1	-1	-1	-1
XMTQwNTY4NzQyOA==	-1	-1	-1	-1	-1	-1	-1	-1	-1	-1	-1	-1	-1	-1	-1	-1	-1	-1	-1	-1	-1	-1	-1	-1	-1	-1	-1	-1	-1	-1
XMTQwNTY2NTI0NA==	201	-1	-1	-1	-1	-1	-1	-1	-1	-1	-1	-1	-1	-1	-1	-1	-1	-1	-1	-1	-1	-1	-1	-1	-1	-1	-1	-1	-1	-1
XMTQwNTQyNzIyNA==	138	159	194	203	209	215	221	225	228	233	233	233	232	234	236	237	239	241	-1	-1	-1	-1	-1	-1	-1	-1	-1	-1	-1	-1
XMTQwNjEwMjE2OA==	11	14	14	12	12	-1	-1	-1	-1	-1	-1	-1	-1	-1	-1	-1	-1	-1	-1	-1	-1	-1	-1	-1	-1	-1	-1	-1	-1	-1
XMTQwNjI2NjAwOA==	3	5	6	6	-1	-1	-1	-1	-1	-1	-1	-1	-1	-1	-1	-1	-1	-1	-1	-1	-1	-1	-1	-1	-1	-1	-1	-1	-1	-1
XMTQwNjA5MTM2MA==	23	53	68	67	61	62	-1	-1	-1	-1	-1	-1	-1	-1	-1	-1	-1	-1	-1	-1	-1	-1	-1	-1	-1	-1	-1	-1	-1	-1
XMTQwNjU3ODg4MA==	3	8	10	10	10	10	10	9	9	9	9	9	9	10	11	11	11	11	12	12	12	14	-1	-1	-1	-1	-1	-1	-1	-1
XMTQwNTM0Mjk3Ng==	776	842	916	975	1033	1078	1124	1168	1213	1259	1281	1306	1319	1350	-1	-1	-1	-1	-1	-1	-1	-1	-1	-1	-1	-1	-1	-1	-1	-1
XMTQwNjM5MTIyNA==	2239	5215	5572	5967	10879	14937	19751	-1	-1	-1	-1	-1	-1	-1	-1	-1	-1	-1	-1	-1	-1	-1	-1	-1	-1	-1	-1	-1	-1	-1
XMTQwNTYzMTEyMA==	15	15	15	15	17	18	18	18	18	18	18	18	18	18	18	18	18	-1	-1	-1	-1	-1	-1	-1	-1	-1	-1	-1	-1	-1
XMTQwNjIzNzQ3Mg==	7	-1	-1	-1	-1	-1	-1	-1	-1	-1	-1	-1	-1	-1	-1	-1	-1	-1	-1	-1	-1	-1	-1	-1	-1	-1	-1	-1	-1	-1
XMTQwNjQ1MTQ0OA==	302	400	423	454	473	506	534	559	581	618	652	680	702	732	754	782	-1	-1	-1	-1	-1	-1	-1	-1	-1	-1	-1	-1	-1	-1
XMTQwNjA0NDgzNg==	11	12	12	-1	-1	-1	-1	-1	-1	-1	-1	-1	-1	-1	-1	-1	-1	-1	-1	-1	-1	-1	-1	-1	-1	-1	-1	-1	-1	-1
XMTQwNjI1Nzc2NA==	7	10	-1	-1	-1	-1	-1	-1	-1	-1	-1	-1	-1	-1	-1	-1	-1	-1	-1	-1	-1	-1	-1	-1	-1	-1	-1	-1	-1	-1
XMTQwNTQ1NTg5Ng==	78	111	175	282	318	-1	-1	-1	-1	-1	-1	-1	-1	-1	-1	-1	-1	-1	-1	-1	-1	-1	-1	-1	-1	-1	-1	-1	-1	-1
XMTQwNTg0MjUwOA==	17	-1	-1	-1	-1	-1	-1	-1	-1	-1	-1	-1	-1	-1	-1	-1	-1	-1	-1	-1	-1	-1	-1	-1	-1	-1	-1	-1	-1	-1
XMTQwNTM0MDA4MA==	175	183	190	197	207	227	241	242	245	249	255	262	-1	-1	-1	-1	-1	-1	-1	-1	-1	-1	-1	-1	-1	-1	-1	-1	-1	-1
XMTQwNjQ2MzM4NA==	1	2	2	2	2	2	2	2	2	2	2	2	2	2	2	2	2	2	2	2	-1	-1	-1	-1	-1	-1	-1	-1	-1	-1
XMTQwNjMwOTk4NA==	71	163	169	174	175	177	184	-1	-1	-1	-1	-1	-1	-1	-1	-1	-1	-1	-1	-1	-1	-1	-1	-1	-1	-1	-1	-1	-1	-1
XMTQwNTc3Mjk1Mg==	16	28	33	37	38	38	38	40	40	40	40	40	40	40	40	40	41	42	42	42	42	42	43	44	44	-1	-1	-1	-1	-1
XMTQwNjAxNjQxMg==	376	1447	2802	3623	4257	-1	-1	-1	-1	-1	-1	-1	-1	-1	-1	-1	-1	-1	-1	-1	-1	-1	-1	-1	-1	-1	-1	-1	-1	-1
XMTQwNjAzNDk5Ng==	7	8	8	5	5	5	5	5	5	5	5	5	5	5	6	6	6	-1	-1	-1	-1	-1	-1	-1	-1	-1	-1	-1	-1	-1
XMTQwNjIzODMzNg==	41	-1	-1	-1	-1	-1	-1	-1	-1	-1	-1	-1	-1	-1	-1	-1	-1	-1	-1	-1	-1	-1	-1	-1	-1	-1	-1	-1	-1	-1
XMTQwNTkyNDI5Ng==	26	37	37	37	37	37	40	40	40	40	40	-1	-1	-1	-1	-1	-1	-1	-1	-1	-1	-1	-1	-1	-1	-1	-1	-1	-1	-1
XMTQwNjc0NzIyOA==	2	-1	-1	-1	-1	-1	-1	-1	-1	-1	-1	-1	-1	-1	-1	-1	-1	-1	-1	-1	-1	-1	-1	-1	-1	-1	-1	-1	-1	-1
XMTQwNTU3NDUyOA==	344	363	376	393	401	447	487	498	509	519	524	530	543	568	586	596	601	605	616	622	639	641	645	650	662	-1	-1	-1	-1	-1
XMTQwNTY5NTEwOA==	824	971	1085	1207	1291	1579	1906	1985	-1	-1	-1	-1	-1	-1	-1	-1	-1	-1	-1	-1	-1	-1	-1	-1	-1	-1	-1	-1	-1	-1
XMTQwNTU4Mzk0NA==	74	-1	-1	-1	-1	-1	-1	-1	-1	-1	-1	-1	-1	-1	-1	-1	-1	-1	-1	-1	-1	-1	-1	-1	-1	-1	-1	-1	-1	-1
XMTQwNTg5NDEwOA==	6	-1	-1	-1	-1	-1	-1	-1	-1	-1	-1	-1	-1	-1	-1	-1	-1	-1	-1	-1	-1	-1	-1	-1	-1	-1	-1	-1	-1	-1
XMTQwNTM5MTgzMg==	12	14	12	12	13	18	-1	-1	-1	-1	-1	-1	-1	-1	-1	-1	-1	-1	-1	-1	-1	-1	-1	-1	-1	-1	-1	-1	-1	-1
XMTQwNjA2NjQyOA==	6	-1	-1	-1	-1	-1	-1	-1	-1	-1	-1	-1	-1	-1	-1	-1	-1	-1	-1	-1	-1	-1	-1	-1	-1	-1	-1	-1	-1	-1
XMTQwNTU2MTQxNg==	39	40	39	39	38	40	40	40	40	40	40	40	41	43	43	43	44	44	44	45	-1	-1	-1	-1	-1	-1	-1	-1	-1	-1
XMTQwNjYxODAxNg==	1218	-1	-1	-1	-1	-1	-1	-1	-1	-1	-1	-1	-1	-1	-1	-1	-1	-1	-1	-1	-1	-1	-1	-1	-1	-1	-1	-1	-1	-1
XMTQwNTk2NTg3Mg==	30	36	37	38	38	38	38	38	38	38	38	-1	-1	-1	-1	-1	-1	-1	-1	-1	-1	-1	-1	-1	-1	-1	-1	-1	-1	-1
XMTQwNTkwMjY2OA==	6	6	7	11	13	13	-1	-1	-1	-1	-1	-1	-1	-1	-1	-1	-1	-1	-1	-1	-1	-1	-1	-1	-1	-1	-1	-1	-1	-1
XMTQwNTM1MjgwNA==	248	323	347	368	384	403	426	439	455	455	459	463	477	485	489	496	508	520	-1	-1	-1	-1	-1	-1	-1	-1	-1	-1	-1	-1
XMTQwNTM2Mjc2OA==	80	-1	-1	-1	-1	-1	-1	-1	-1	-1	-1	-1	-1	-1	-1	-1	-1	-1	-1	-1	-1	-1	-1	-1	-1	-1	-1	-1	-1	-1
XMTQwNjQ5MDg2NA==	2920	24744	48387	66938	85829	101386	119096	138591	155791	186544	209784	235090	260254	284315	318933	355018	391448	429362	-1	-1	-1	-1	-1	-1	-1	-1	-1	-1	-1	-1
XMTQwNTgwMjgxNg==	6	-1	-1	-1	-1	-1	-1	-1	-1	-1	-1	-1	-1	-1	-1	-1	-1	-1	-1	-1	-1	-1	-1	-1	-1	-1	-1	-1	-1	-1
XMTQwNTg1NTg4OA==	-1	-1	-1	-1	-1	-1	-1	-1	-1	-1	-1	-1	-1	-1	-1	-1	-1	-1	-1	-1	-1	-1	-1	-1	-1	-1	-1	-1	-1	-1
XMTQwNjEwMDU5Mg==	8	9	9	9	9	-1	-1	-1	-1	-1	-1	-1	-1	-1	-1	-1	-1	-1	-1	-1	-1	-1	-1	-1	-1	-1	-1	-1	-1	-1
XMTQwNTQyMjk3Ng==	17	29	29	28	29	29	-1	-1	-1	-1	-1	-1	-1	-1	-1	-1	-1	-1	-1	-1	-1	-1	-1	-1	-1	-1	-1	-1	-1	-1
XMTQwNjM1MjU0OA==	49	133	141	143	150	157	163	-1	-1	-1	-1	-1	-1	-1	-1	-1	-1	-1	-1	-1	-1	-1	-1	-1	-1	-1	-1	-1	-1	-1
XMTQwNTQwNzM0MA==	9	9	11	11	11	11	11	11	11	11	11	11	-1	-1	-1	-1	-1	-1	-1	-1	-1	-1	-1	-1	-1	-1	-1	-1	-1	-1
XMTQwNjM0NTU2NA==	227	359	359	347	-1	-1	-1	-1	-1	-1	-1	-1	-1	-1	-1	-1	-1	-1	-1	-1	-1	-1	-1	-1	-1	-1	-1	-1	-1	-1
XMTQwNTYzMjY3Ng==	71	81	89	91	93	94	-1	-1	-1	-1	-1	-1	-1	-1	-1	-1	-1	-1	-1	-1	-1	-1	-1	-1	-1	-1	-1	-1	-1	-1
XMTQwNjEwNDEzMg==	8	10	10	9	9	9	9	9	9	-1	-1	-1	-1	-1	-1	-1	-1	-1	-1	-1	-1	-1	-1	-1	-1	-1	-1	-1	-1	-1
XMTQwNTkzMTI2NA==	133	329	368	396	405	422	433	443	447	450	456	466	473	476	479	484	486	487	492	493	497	500	500	504	508	-1	-1	-1	-1	-1
XMTQwNTY3NjAxNg==	88	89	91	92	98	99	101	-1	-1	-1	-1	-1	-1	-1	-1	-1	-1	-1	-1	-1	-1	-1	-1	-1	-1	-1	-1	-1	-1	-1
XMTQwNTQ5Mjc1Ng==	256	366	446	527	-1	-1	-1	-1	-1	-1	-1	-1	-1	-1	-1	-1	-1	-1	-1	-1	-1	-1	-1	-1	-1	-1	-1	-1	-1	-1
XMTQwNjM1MzA5Mg==	4	8	8	7	7	7	11	11	14	-1	-1	-1	-1	-1	-1	-1	-1	-1	-1	-1	-1	-1	-1	-1	-1	-1	-1	-1	-1	-1
XMTQwNTQ3NTM5Mg==	338	-1	-1	-1	-1	-1	-1	-1	-1	-1	-1	-1	-1	-1	-1	-1	-1	-1	-1	-1	-1	-1	-1	-1	-1	-1	-1	-1	-1	-1
XMTQwNTQzOTY1Ng==	22	24	27	28	28	28	28	29	29	-1	-1	-1	-1	-1	-1	-1	-1	-1	-1	-1	-1	-1	-1	-1	-1	-1	-1	-1	-1	-1
XMTQwNTUzNTkwOA==	68	72	63	68	72	78	78	75	68	68	68	68	68	68	68	68	68	68	68	68	-1	-1	-1	-1	-1	-1	-1	-1	-1	-1
XMTQwNTgzNDQxMg==	6	6	8	-1	-1	-1	-1	-1	-1	-1	-1	-1	-1	-1	-1	-1	-1	-1	-1	-1	-1	-1	-1	-1	-1	-1	-1	-1	-1	-1
XMTQwNjA4MTI0NA==	16	16	16	15	15	15	16	17	17	17	17	17	17	17	17	17	17	17	17	17	17	17	17	17	17	-1	-1	-1	-1	-1
XMTQwNTgxMTUyOA==	5	8	13	-1	-1	-1	-1	-1	-1	-1	-1	-1	-1	-1	-1	-1	-1	-1	-1	-1	-1	-1	-1	-1	-1	-1	-1	-1	-1	-1
XMTQwNTY3NTkwNA==	103	106	105	108	109	113	123	128	129	131	136	140	148	176	190	194	197	194	194	194	194	200	209	212	213	215	217	218	-1	-1
XMTQwNjc0MzMxMg==	4	13	13	14	14	14	17	17	17	16	16	16	16	16	16	16	16	16	16	16	-1	-1	-1	-1	-1	-1	-1	-1	-1	-1
XMTQwNTQ2NDE1Ng==	46	50	50	62	63	65	66	67	67	68	68	68	68	68	68	68	68	-1	-1	-1	-1	-1	-1	-1	-1	-1	-1	-1	-1	-1
XMTQwNTU3ODUxNg==	27	29	26	-1	-1	-1	-1	-1	-1	-1	-1	-1	-1	-1	-1	-1	-1	-1	-1	-1	-1	-1	-1	-1	-1	-1	-1	-1	-1	-1
XMTQwNjI5NjAzMg==	25	50	53	49	50	51	52	-1	-1	-1	-1	-1	-1	-1	-1	-1	-1	-1	-1	-1	-1	-1	-1	-1	-1	-1	-1	-1	-1	-1
XMTQwNjQwODI1Mg==	-1	-1	-1	-1	-1	-1	-1	-1	-1	-1	-1	-1	-1	-1	-1	-1	-1	-1	-1	-1	-1	-1	-1	-1	-1	-1	-1	-1	-1	-1
XMTQwNTM2NTU0NA==	701	711	716	723	726	730	732	-1	-1	-1	-1	-1	-1	-1	-1	-1	-1	-1	-1	-1	-1	-1	-1	-1	-1	-1	-1	-1	-1	-1
XMTQwNTY2NDA3Ng==	179	189	191	190	190	198	208	209	209	216	217	219	219	221	225	228	229	229	230	230	232	232	-1	-1	-1	-1	-1	-1	-1	-1
XMTQwNTkwNjE4NA==	674	700	687	722	729	741	745	752	755	759	-1	-1	-1	-1	-1	-1	-1	-1	-1	-1	-1	-1	-1	-1	-1	-1	-1	-1	-1	-1
XMTQwMjcxMDk5Mg==	51	86	88	88	93	99	105	109	112	114	113	115	117	-1	-1	-1	-1	-1	-1	-1	-1	-1	-1	-1	-1	-1	-1	-1	-1	-1
XMTQwNTU4MTQwOA==	65	65	60	60	60	62	63	63	63	63	63	63	65	65	66	66	66	67	67	67	-1	-1	-1	-1	-1	-1	-1	-1	-1	-1
XMTQwNTUxNzYxNg==	91	98	-1	-1	-1	-1	-1	-1	-1	-1	-1	-1	-1	-1	-1	-1	-1	-1	-1	-1	-1	-1	-1	-1	-1	-1	-1	-1	-1	-1
XMTQwNTM2NzMyMA==	12	12	12	12	12	12	12	12	12	12	12	12	12	12	12	12	12	12	12	12	12	12	12	12	-1	-1	-1	-1	-1	-1
XMTQwNTU5MjIzMg==	59	65	76	78	79	79	83	83	83	84	84	84	84	85	85	86	88	88	88	88	-1	-1	-1	-1	-1	-1	-1	-1	-1	-1
XMTQwNjA5MTYxMg==	50	59	70	73	73	73	74	75	75	76	80	81	81	79	79	80	80	82	84	84	84	84	86	87	87	90	89	89	-1	-1
XMTQwNTM0MDYwMA==	18	21	23	25	26	27	33	-1	-1	-1	-1	-1	-1	-1	-1	-1	-1	-1	-1	-1	-1	-1	-1	-1	-1	-1	-1	-1	-1	-1
XMTQwNTY5NDQ2NA==	977	-1	-1	-1	-1	-1	-1	-1	-1	-1	-1	-1	-1	-1	-1	-1	-1	-1	-1	-1	-1	-1	-1	-1	-1	-1	-1	-1	-1	-1
XMTQwNjA1ODYwMA==	109	238	419	621	843	991	1190	1316	1421	1477	1526	1558	1641	1718	1798	1859	1886	1966	1995	2007	2058	2084	2092	-1	-1	-1	-1	-1	-1	-1
XMTQwNTc5OTA1Mg==	23	30	33	47	49	58	-1	-1	-1	-1	-1	-1	-1	-1	-1	-1	-1	-1	-1	-1	-1	-1	-1	-1	-1	-1	-1	-1	-1	-1
XMTQwNTI4NzI1Ng==	95	98	105	109	-1	-1	-1	-1	-1	-1	-1	-1	-1	-1	-1	-1	-1	-1	-1	-1	-1	-1	-1	-1	-1	-1	-1	-1	-1	-1
XMTQwNTY3NjQyMA==	5	6	6	6	6	-1	-1	-1	-1	-1	-1	-1	-1	-1	-1	-1	-1	-1	-1	-1	-1	-1	-1	-1	-1	-1	-1	-1	-1	-1
XMTQwNTk2Mzk0NA==	71	87	93	93	95	99	107	110	112	114	116	116	117	-1	-1	-1	-1	-1	-1	-1	-1	-1	-1	-1	-1	-1	-1	-1	-1	-1
XMTQwNTM3ODIyOA==	1128	-1	-1	-1	-1	-1	-1	-1	-1	-1	-1	-1	-1	-1	-1	-1	-1	-1	-1	-1	-1	-1	-1	-1	-1	-1	-1	-1	-1	-1
XMTQwNjEwMjYyMA==	7	14	18	18	19	-1	-1	-1	-1	-1	-1	-1	-1	-1	-1	-1	-1	-1	-1	-1	-1	-1	-1	-1	-1	-1	-1	-1	-1	-1
XMTQwNTM1MDU3Ng==	81	-1	-1	-1	-1	-1	-1	-1	-1	-1	-1	-1	-1	-1	-1	-1	-1	-1	-1	-1	-1	-1	-1	-1	-1	-1	-1	-1	-1	-1
XMTQwNjAxMjYwNA==	7	7	-1	-1	-1	-1	-1	-1	-1	-1	-1	-1	-1	-1	-1	-1	-1	-1	-1	-1	-1	-1	-1	-1	-1	-1	-1	-1	-1	-1
XMTQwNTkzODg0OA==	6	6	6	6	6	6	6	6	6	6	6	6	6	7	8	8	8	8	-1	-1	-1	-1	-1	-1	-1	-1	-1	-1	-1	-1
XMTQwNTkxNzE5Mg==	73	85	97	97	98	100	103	109	109	110	110	110	110	110	110	110	110	110	110	110	110	110	111	111	111	111	-1	-1	-1	-1
XMTQwNjExODA4OA==	53	57	58	56	55	55	55	58	59	59	61	-1	-1	-1	-1	-1	-1	-1	-1	-1	-1	-1	-1	-1	-1	-1	-1	-1	-1	-1
XMTQwNjQyNTE5Mg==	3174	10690	15985	20151	22396	24146	25564	26204	26634	26984	27279	27474	27727	28059	28276	28492	-1	-1	-1	-1	-1	-1	-1	-1	-1	-1	-1	-1	-1	-1
XMTQwNTc2OTI3Mg==	185	236	239	243	252	-1	-1	-1	-1	-1	-1	-1	-1	-1	-1	-1	-1	-1	-1	-1	-1	-1	-1	-1	-1	-1	-1	-1	-1	-1
XMTQwNTY5NTU0NA==	10	10	10	10	10	10	10	10	10	10	10	10	10	10	10	10	10	10	10	10	10	10	10	-1	-1	-1	-1	-1	-1	-1
XMTQwNTg0NjgwMA==	33	43	45	47	47	47	47	47	47	47	47	47	47	47	-1	-1	-1	-1	-1	-1	-1	-1	-1	-1	-1	-1	-1	-1	-1	-1
XMTQwNTgwMjQ1Ng==	49	53	56	62	62	65	-1	-1	-1	-1	-1	-1	-1	-1	-1	-1	-1	-1	-1	-1	-1	-1	-1	-1	-1	-1	-1	-1	-1	-1
XMTQwNjIyNjY2MA==	167	279	283	265	-1	-1	-1	-1	-1	-1	-1	-1	-1	-1	-1	-1	-1	-1	-1	-1	-1	-1	-1	-1	-1	-1	-1	-1	-1	-1
XMTQwNTc4NTI3Ng==	9	19	28	42	58	68	93	-1	-1	-1	-1	-1	-1	-1	-1	-1	-1	-1	-1	-1	-1	-1	-1	-1	-1	-1	-1	-1	-1	-1
XMTQwNTgxMTc1Mg==	1886	1997	2050	2332	2392	2445	2497	2555	2599	2650	2707	2745	2807	2851	2904	2976	3007	3042	3124	3140	3175	3197	3229	3245	3267	3292	-1	-1	-1	-1
XMTQwNjE4NTMxMg==	33	56	63	64	64	64	67	69	70	70	72	72	75	75	75	92	97	-1	-1	-1	-1	-1	-1	-1	-1	-1	-1	-1	-1	-1
XMTQwNTY1NDcyOA==	73	83	98	-1	-1	-1	-1	-1	-1	-1	-1	-1	-1	-1	-1	-1	-1	-1	-1	-1	-1	-1	-1	-1	-1	-1	-1	-1	-1	-1
XMTQwNjI1MTczMg==	7	13	14	-1	-1	-1	-1	-1	-1	-1	-1	-1	-1	-1	-1	-1	-1	-1	-1	-1	-1	-1	-1	-1	-1	-1	-1	-1	-1	-1
XMTQwNjQ1MzA0MA==	2	3	4	4	5	5	6	6	6	7	7	7	7	7	7	7	7	7	7	7	-1	-1	-1	-1	-1	-1	-1	-1	-1	-1
XMTQwNjIyNDk5Mg==	2	9	-1	-1	-1	-1	-1	-1	-1	-1	-1	-1	-1	-1	-1	-1	-1	-1	-1	-1	-1	-1	-1	-1	-1	-1	-1	-1	-1	-1
XMTQwNTQ3MzMyMA==	81	91	-1	-1	-1	-1	-1	-1	-1	-1	-1	-1	-1	-1	-1	-1	-1	-1	-1	-1	-1	-1	-1	-1	-1	-1	-1	-1	-1	-1
XMTQwNjMwODUyNA==	4	8	8	-1	-1	-1	-1	-1	-1	-1	-1	-1	-1	-1	-1	-1	-1	-1	-1	-1	-1	-1	-1	-1	-1	-1	-1	-1	-1	-1
XMTQwNjM0MTUxMg==	40	92	107	116	125	134	136	136	137	137	137	140	141	142	140	142	142	143	143	143	143	143	143	143	-1	-1	-1	-1	-1	-1
XMTQwNTg0MTAwMA==	2	2	3	3	3	3	3	3	3	3	3	3	-1	-1	-1	-1	-1	-1	-1	-1	-1	-1	-1	-1	-1	-1	-1	-1	-1	-1
XMTQwNTkzMzQ3Ng==	106	125	-1	-1	-1	-1	-1	-1	-1	-1	-1	-1	-1	-1	-1	-1	-1	-1	-1	-1	-1	-1	-1	-1	-1	-1	-1	-1	-1	-1
XMTQwNTk4MjQ3Ng==	21	-1	-1	-1	-1	-1	-1	-1	-1	-1	-1	-1	-1	-1	-1	-1	-1	-1	-1	-1	-1	-1	-1	-1	-1	-1	-1	-1	-1	-1
XMTQwNTMzMjczNg==	67	73	61	60	62	65	65	65	65	65	66	66	66	-1	-1	-1	-1	-1	-1	-1	-1	-1	-1	-1	-1	-1	-1	-1	-1	-1
XMTQwNjI4ODc1Mg==	-1	-1	-1	-1	-1	-1	-1	-1	-1	-1	-1	-1	-1	-1	-1	-1	-1	-1	-1	-1	-1	-1	-1	-1	-1	-1	-1	-1	-1	-1
XMTQwNTU4MzgwOA==	17	-1	-1	-1	-1	-1	-1	-1	-1	-1	-1	-1	-1	-1	-1	-1	-1	-1	-1	-1	-1	-1	-1	-1	-1	-1	-1	-1	-1	-1
XMTQwNTMzNzQ4MA==	29	29	30	31	-1	-1	-1	-1	-1	-1	-1	-1	-1	-1	-1	-1	-1	-1	-1	-1	-1	-1	-1	-1	-1	-1	-1	-1	-1	-1
XMTQwNTk0NTQyMA==	7	15	16	17	17	18	19	27	27	27	-1	-1	-1	-1	-1	-1	-1	-1	-1	-1	-1	-1	-1	-1	-1	-1	-1	-1	-1	-1
XMTQwNTc4ODc0NA==	79	85	-1	-1	-1	-1	-1	-1	-1	-1	-1	-1	-1	-1	-1	-1	-1	-1	-1	-1	-1	-1	-1	-1	-1	-1	-1	-1	-1	-1
XMTQwNTU5MTgwMA==	8	-1	-1	-1	-1	-1	-1	-1	-1	-1	-1	-1	-1	-1	-1	-1	-1	-1	-1	-1	-1	-1	-1	-1	-1	-1	-1	-1	-1	-1
XMTQwNjczMDk0OA==	3	4	-1	-1	-1	-1	-1	-1	-1	-1	-1	-1	-1	-1	-1	-1	-1	-1	-1	-1	-1	-1	-1	-1	-1	-1	-1	-1	-1	-1
XMTQwNTg1NjA0OA==	145	221	264	282	288	295	301	312	319	322	325	330	336	341	-1	-1	-1	-1	-1	-1	-1	-1	-1	-1	-1	-1	-1	-1	-1	-1
XMTQwNjIyNjY4MA==	238	363	372	348	-1	-1	-1	-1	-1	-1	-1	-1	-1	-1	-1	-1	-1	-1	-1	-1	-1	-1	-1	-1	-1	-1	-1	-1	-1	-1
XMTQwNTY2Mjc3Ng==	45	45	45	45	45	45	45	45	-1	-1	-1	-1	-1	-1	-1	-1	-1	-1	-1	-1	-1	-1	-1	-1	-1	-1	-1	-1	-1	-1
XMTQwNjYzNDc2MA==	10	-1	-1	-1	-1	-1	-1	-1	-1	-1	-1	-1	-1	-1	-1	-1	-1	-1	-1	-1	-1	-1	-1	-1	-1	-1	-1	-1	-1	-1
XMTQwNjAxNzg2OA==	52	72	87	88	-1	-1	-1	-1	-1	-1	-1	-1	-1	-1	-1	-1	-1	-1	-1	-1	-1	-1	-1	-1	-1	-1	-1	-1	-1	-1
XMTQwNjA5OTEzMg==	11	-1	-1	-1	-1	-1	-1	-1	-1	-1	-1	-1	-1	-1	-1	-1	-1	-1	-1	-1	-1	-1	-1	-1	-1	-1	-1	-1	-1	-1
XMTQwNjMwMTgzMg==	6	7	12	-1	-1	-1	-1	-1	-1	-1	-1	-1	-1	-1	-1	-1	-1	-1	-1	-1	-1	-1	-1	-1	-1	-1	-1	-1	-1	-1
XMTQwNTk1NDYzMg==	-1	-1	-1	-1	-1	-1	-1	-1	-1	-1	-1	-1	-1	-1	-1	-1	-1	-1	-1	-1	-1	-1	-1	-1	-1	-1	-1	-1	-1	-1
XMTQwNTM2OTM1Ng==	10	10	10	10	10	10	10	10	10	-1	-1	-1	-1	-1	-1	-1	-1	-1	-1	-1	-1	-1	-1	-1	-1	-1	-1	-1	-1	-1
XMTQwNTYzMjI2OA==	168	215	241	262	271	287	295	301	305	309	313	319	325	331	334	342	350	363	378	379	380	383	384	396	397	-1	-1	-1	-1	-1
XMTQwNTMwODYyOA==	150	156	154	149	149	150	151	151	151	151	-1	-1	-1	-1	-1	-1	-1	-1	-1	-1	-1	-1	-1	-1	-1	-1	-1	-1	-1	-1
XMTQwNTU4ODcxNg==	20	22	23	23	24	24	30	30	30	31	35	35	35	36	37	37	36	36	39	39	39	39	39	39	39	39	-1	-1	-1	-1
XMTQwNjAzODUzNg==	10	-1	-1	-1	-1	-1	-1	-1	-1	-1	-1	-1	-1	-1	-1	-1	-1	-1	-1	-1	-1	-1	-1	-1	-1	-1	-1	-1	-1	-1
XMTQwNjE4ODY5Mg==	52	91	92	102	105	110	113	115	120	128	132	146	148	156	166	181	205	206	-1	-1	-1	-1	-1	-1	-1	-1	-1	-1	-1	-1
XMTQwNTMyMjE4OA==	112	154	164	164	164	164	166	167	167	167	167	167	167	167	167	-1	-1	-1	-1	-1	-1	-1	-1	-1	-1	-1	-1	-1	-1	-1
XMTQwNjE4NTU2NA==	46	47	48	-1	-1	-1	-1	-1	-1	-1	-1	-1	-1	-1	-1	-1	-1	-1	-1	-1	-1	-1	-1	-1	-1	-1	-1	-1	-1	-1
XMTQwNTQxMzEyNA==	131	138	135	136	136	136	136	139	140	140	141	141	141	141	-1	-1	-1	-1	-1	-1	-1	-1	-1	-1	-1	-1	-1	-1	-1	-1
XMTQwNTkzNTcxNg==	6	6	6	6	6	6	-1	-1	-1	-1	-1	-1	-1	-1	-1	-1	-1	-1	-1	-1	-1	-1	-1	-1	-1	-1	-1	-1	-1	-1
XMTQwNjE2ODE1Mg==	4	5	6	6	6	6	7	7	-1	-1	-1	-1	-1	-1	-1	-1	-1	-1	-1	-1	-1	-1	-1	-1	-1	-1	-1	-1	-1	-1
XMTQwNTM4NDg3Mg==	4	4	4	4	4	4	4	4	4	4	4	4	-1	-1	-1	-1	-1	-1	-1	-1	-1	-1	-1	-1	-1	-1	-1	-1	-1	-1
XMTQwNTQzNzYyMA==	15	17	19	23	23	22	22	22	22	22	24	28	28	29	29	29	29	29	29	29	29	36	38	41	43	-1	-1	-1	-1	-1
XMTQwNTc4NTI2OA==	21	23	23	23	23	23	23	23	23	23	23	23	23	23	23	23	23	23	23	23	-1	-1	-1	-1	-1	-1	-1	-1	-1	-1
XMTQwNjAzNDQxNg==	69	74	80	79	79	80	82	82	82	82	82	82	83	84	86	88	88	89	93	93	95	95	95	-1	-1	-1	-1	-1	-1	-1
XMTQwNTM4MTQ2OA==	29	29	29	29	29	29	29	30	30	30	30	30	30	30	-1	-1	-1	-1	-1	-1	-1	-1	-1	-1	-1	-1	-1	-1	-1	-1
XMTQwNTQ1OTE4OA==	112	135	142	158	160	168	178	187	197	199	204	228	242	267	276	287	300	303	308	331	337	343	356	-1	-1	-1	-1	-1	-1	-1
XMTQwNTg3NzcyOA==	14	24	25	26	27	28	28	29	29	32	33	33	33	33	33	33	33	33	33	33	33	33	33	33	33	33	33	34	35	-1
XMTQwNTc4NzA1Ng==	151	226	238	241	-1	-1	-1	-1	-1	-1	-1	-1	-1	-1	-1	-1	-1	-1	-1	-1	-1	-1	-1	-1	-1	-1	-1	-1	-1	-1
XMTQwNTU3MjQ2NA==	40	-1	-1	-1	-1	-1	-1	-1	-1	-1	-1	-1	-1	-1	-1	-1	-1	-1	-1	-1	-1	-1	-1	-1	-1	-1	-1	-1	-1	-1
XMTQwNjU5MTE4OA==	8	10	-1	-1	-1	-1	-1	-1	-1	-1	-1	-1	-1	-1	-1	-1	-1	-1	-1	-1	-1	-1	-1	-1	-1	-1	-1	-1	-1	-1
XMTQwNTgzMTA4MA==	43	65	66	67	67	-1	-1	-1	-1	-1	-1	-1	-1	-1	-1	-1	-1	-1	-1	-1	-1	-1	-1	-1	-1	-1	-1	-1	-1	-1
XMTQwNjA4MjAzMg==	90	104	107	109	114	115	115	111	112	112	112	-1	-1	-1	-1	-1	-1	-1	-1	-1	-1	-1	-1	-1	-1	-1	-1	-1	-1	-1
XMTQwNjIyMDM3Ng==	7	13	14	11	10	10	10	10	10	10	10	-1	-1	-1	-1	-1	-1	-1	-1	-1	-1	-1	-1	-1	-1	-1	-1	-1	-1	-1
XMTQwNjMzNjM4MA==	6	8	8	-1	-1	-1	-1	-1	-1	-1	-1	-1	-1	-1	-1	-1	-1	-1	-1	-1	-1	-1	-1	-1	-1	-1	-1	-1	-1	-1
XMTQwNjEwMzIyMA==	8	9	9	7	7	-1	-1	-1	-1	-1	-1	-1	-1	-1	-1	-1	-1	-1	-1	-1	-1	-1	-1	-1	-1	-1	-1	-1	-1	-1
XMTQwNjE4MjczMg==	4	13	23	23	25	27	27	27	-1	-1	-1	-1	-1	-1	-1	-1	-1	-1	-1	-1	-1	-1	-1	-1	-1	-1	-1	-1	-1	-1
XMTQwNjY0OTIwOA==	8	10	-1	-1	-1	-1	-1	-1	-1	-1	-1	-1	-1	-1	-1	-1	-1	-1	-1	-1	-1	-1	-1	-1	-1	-1	-1	-1	-1	-1
XMTQwNTY4ODM5Mg==	108	-1	-1	-1	-1	-1	-1	-1	-1	-1	-1	-1	-1	-1	-1	-1	-1	-1	-1	-1	-1	-1	-1	-1	-1	-1	-1	-1	-1	-1
XMTQwNTkzMjgxNg==	14	17	18	15	15	-1	-1	-1	-1	-1	-1	-1	-1	-1	-1	-1	-1	-1	-1	-1	-1	-1	-1	-1	-1	-1	-1	-1	-1	-1
XMTQwNTc2MjgwOA==	7	13	18	19	25	27	27	27	27	29	29	29	29	-1	-1	-1	-1	-1	-1	-1	-1	-1	-1	-1	-1	-1	-1	-1	-1	-1
XMTQwNTgzMzQ0OA==	48	435	583	623	602	604	609	612	614	615	615	616	618	618	622	-1	-1	-1	-1	-1	-1	-1	-1	-1	-1	-1	-1	-1	-1	-1
XMTQwNjAwNTc3Ng==	11	15	20	19	19	36	58	68	72	73	75	81	83	90	93	94	96	-1	-1	-1	-1	-1	-1	-1	-1	-1	-1	-1	-1	-1
XMTQwNDczNDY2OA==	99	123	126	131	133	139	140	140	141	142	144	145	146	146	146	147	148	148	-1	-1	-1	-1	-1	-1	-1	-1	-1	-1	-1	-1
XMTQwNjA1OTQyOA==	14	-1	-1	-1	-1	-1	-1	-1	-1	-1	-1	-1	-1	-1	-1	-1	-1	-1	-1	-1	-1	-1	-1	-1	-1	-1	-1	-1	-1	-1
XMTQwNTMzMDEwNA==	19	20	19	19	22	22	22	-1	-1	-1	-1	-1	-1	-1	-1	-1	-1	-1	-1	-1	-1	-1	-1	-1	-1	-1	-1	-1	-1	-1
XMTQwNTY2MjE3Mg==	175	182	179	185	188	200	208	214	215	216	216	217	218	220	220	221	222	222	223	226	226	230	-1	-1	-1	-1	-1	-1	-1	-1
XMTQwNTE0Njg1Mg==	17	-1	-1	-1	-1	-1	-1	-1	-1	-1	-1	-1	-1	-1	-1	-1	-1	-1	-1	-1	-1	-1	-1	-1	-1	-1	-1	-1	-1	-1
XMTQwNTU0NTQ0MA==	28	37	38	40	40	41	40	42	44	46	46	46	46	50	50	50	50	50	50	50	50	50	50	50	50	51	51	-1	-1	-1
XMTQwNjAzNDM2OA==	20	49	56	58	63	63	66	68	68	-1	-1	-1	-1	-1	-1	-1	-1	-1	-1	-1	-1	-1	-1	-1	-1	-1	-1	-1	-1	-1
XMTQwNTQzNzI5Ng==	6	6	6	7	7	7	8	8	8	8	8	8	8	8	-1	-1	-1	-1	-1	-1	-1	-1	-1	-1	-1	-1	-1	-1	-1	-1
XMTQwNTAzMzQ4MA==	103	107	105	104	106	109	112	112	113	113	115	115	-1	-1	-1	-1	-1	-1	-1	-1	-1	-1	-1	-1	-1	-1	-1	-1	-1	-1
XMTQwNjE5MTY2OA==	56	73	77	83	86	87	91	143	165	183	-1	-1	-1	-1	-1	-1	-1	-1	-1	-1	-1	-1	-1	-1	-1	-1	-1	-1	-1	-1
XMTQwNjM2NTU0NA==	6	10	11	12	14	15	15	14	13	13	13	13	13	13	13	14	14	14	-1	-1	-1	-1	-1	-1	-1	-1	-1	-1	-1	-1
XMTQwNTI1NDI3Ng==	102	144	175	182	188	201	209	210	212	215	218	218	218	219	219	224	224	227	230	230	231	-1	-1	-1	-1	-1	-1	-1	-1	-1
XMTQwNTY2NzEwOA==	788	807	766	775	783	801	814	816	-1	-1	-1	-1	-1	-1	-1	-1	-1	-1	-1	-1	-1	-1	-1	-1	-1	-1	-1	-1	-1	-1
XMTQwNTczOTQ5Mg==	75	97	113	121	123	124	129	131	133	134	136	138	140	140	143	-1	-1	-1	-1	-1	-1	-1	-1	-1	-1	-1	-1	-1	-1	-1
XMTQwNjQ0ODU3Ng==	103	153	159	159	168	174	185	188	189	189	190	190	195	198	201	204	-1	-1	-1	-1	-1	-1	-1	-1	-1	-1	-1	-1	-1	-1
XMTQwNTUzOTg2OA==	42	44	47	-1	-1	-1	-1	-1	-1	-1	-1	-1	-1	-1	-1	-1	-1	-1	-1	-1	-1	-1	-1	-1	-1	-1	-1	-1	-1	-1
XMTQwNTc4MDEzMg==	374	463	499	509	535	541	-1	-1	-1	-1	-1	-1	-1	-1	-1	-1	-1	-1	-1	-1	-1	-1	-1	-1	-1	-1	-1	-1	-1	-1
XMTQwNTY2MjUzNg==	240	248	246	255	256	261	269	271	272	276	277	278	280	285	286	287	287	290	296	296	300	302	-1	-1	-1	-1	-1	-1	-1	-1
XMTQwNTg2NDYwOA==	1206	1267	1334	1425	1485	1535	1611	1645	1685	1709	1737	1884	1956	1997	2034	2072	2108	2132	2181	2198	2234	2272	2308	2349	2367	2394	-1	-1	-1	-1
XMTQwNTM2NTMyMA==	7	7	7	6	6	6	6	6	6	6	6	6	6	6	6	6	6	6	6	6	6	6	6	6	-1	-1	-1	-1	-1	-1
XMTQwNTUyMzIzMg==	17	18	18	21	23	24	27	30	34	-1	-1	-1	-1	-1	-1	-1	-1	-1	-1	-1	-1	-1	-1	-1	-1	-1	-1	-1	-1	-1
XMTQwNjEwMDMxMg==	11	16	17	14	13	-1	-1	-1	-1	-1	-1	-1	-1	-1	-1	-1	-1	-1	-1	-1	-1	-1	-1	-1	-1	-1	-1	-1	-1	-1
XMTQwNTk1NjgxNg==	21	-1	-1	-1	-1	-1	-1	-1	-1	-1	-1	-1	-1	-1	-1	-1	-1	-1	-1	-1	-1	-1	-1	-1	-1	-1	-1	-1	-1	-1
XMTQwNTI1MDI5Ng==	8	9	9	9	9	9	9	9	9	9	9	9	9	9	9	9	9	9	9	9	9	9	9	9	-1	-1	-1	-1	-1	-1
XMTQwNTcyMjMwOA==	8	9	6	6	5	5	5	5	5	5	5	5	5	5	5	6	6	6	6	6	6	6	6	-1	-1	-1	-1	-1	-1	-1
XMTQwNjI5Mjk5Mg==	-1	-1	-1	-1	-1	-1	-1	-1	-1	-1	-1	-1	-1	-1	-1	-1	-1	-1	-1	-1	-1	-1	-1	-1	-1	-1	-1	-1	-1	-1
XMTQwNTk2NTM3Ng==	456	671	905	1137	1175	1205	1248	1290	1315	1327	1349	-1	-1	-1	-1	-1	-1	-1	-1	-1	-1	-1	-1	-1	-1	-1	-1	-1	-1	-1
XMTQwNjA0NjU1Ng==	4	4	4	3	3	3	3	3	3	3	3	-1	-1	-1	-1	-1	-1	-1	-1	-1	-1	-1	-1	-1	-1	-1	-1	-1	-1	-1
XMTQwNTUxODYyOA==	278	285	300	314	313	316	322	327	329	332	334	336	-1	-1	-1	-1	-1	-1	-1	-1	-1	-1	-1	-1	-1	-1	-1	-1	-1	-1
XMTQwNjU3ODAyNA==	37	57	58	-1	-1	-1	-1	-1	-1	-1	-1	-1	-1	-1	-1	-1	-1	-1	-1	-1	-1	-1	-1	-1	-1	-1	-1	-1	-1	-1
XMTQwNjMyMzc2MA==	111	150	155	142	-1	-1	-1	-1	-1	-1	-1	-1	-1	-1	-1	-1	-1	-1	-1	-1	-1	-1	-1	-1	-1	-1	-1	-1	-1	-1
XMTQwNTczMTQ0NA==	230	291	351	366	370	383	385	-1	-1	-1	-1	-1	-1	-1	-1	-1	-1	-1	-1	-1	-1	-1	-1	-1	-1	-1	-1	-1	-1	-1
XMTQwNTI1NDI4MA==	165	177	172	190	189	192	199	201	201	202	202	202	202	204	204	204	204	205	205	205	205	-1	-1	-1	-1	-1	-1	-1	-1	-1
XMTQwNTczMDA1Ng==	500	603	655	680	705	726	-1	-1	-1	-1	-1	-1	-1	-1	-1	-1	-1	-1	-1	-1	-1	-1	-1	-1	-1	-1	-1	-1	-1	-1
XMTQwNjAzMjk2MA==	8	13	17	20	26	29	33	40	-1	-1	-1	-1	-1	-1	-1	-1	-1	-1	-1	-1	-1	-1	-1	-1	-1	-1	-1	-1	-1	-1
XMTQwNTU3OTE3Mg==	40	52	-1	-1	-1	-1	-1	-1	-1	-1	-1	-1	-1	-1	-1	-1	-1	-1	-1	-1	-1	-1	-1	-1	-1	-1	-1	-1	-1	-1
XMTQwNjE1MDkwNA==	5	6	6	10	10	10	11	10	10	12	12	18	18	18	18	21	-1	-1	-1	-1	-1	-1	-1	-1	-1	-1	-1	-1	-1	-1
XMTQwNTY5MzgwNA==	86	94	103	109	-1	-1	-1	-1	-1	-1	-1	-1	-1	-1	-1	-1	-1	-1	-1	-1	-1	-1	-1	-1	-1	-1	-1	-1	-1	-1
XMTQwNTUyMjgzNg==	36	38	-1	-1	-1	-1	-1	-1	-1	-1	-1	-1	-1	-1	-1	-1	-1	-1	-1	-1	-1	-1	-1	-1	-1	-1	-1	-1	-1	-1
XMTQwNTQ1MzQzMg==	5	5	6	7	8	8	8	10	13	14	14	17	17	17	17	17	17	17	17	17	17	17	17	-1	-1	-1	-1	-1	-1	-1
XMTQwNTkwNzE5Ng==	11	13	14	15	18	18	-1	-1	-1	-1	-1	-1	-1	-1	-1	-1	-1	-1	-1	-1	-1	-1	-1	-1	-1	-1	-1	-1	-1	-1
XMTQwNjM3Mjk4NA==	2	2	2	2	2	2	2	2	2	2	2	2	2	2	2	2	2	2	-1	-1	-1	-1	-1	-1	-1	-1	-1	-1	-1	-1
XMTQwNTgyMTk1Ng==	11	12	13	-1	-1	-1	-1	-1	-1	-1	-1	-1	-1	-1	-1	-1	-1	-1	-1	-1	-1	-1	-1	-1	-1	-1	-1	-1	-1	-1
XMTQwNTU4NTAyOA==	155	159	163	164	167	168	169	-1	-1	-1	-1	-1	-1	-1	-1	-1	-1	-1	-1	-1	-1	-1	-1	-1	-1	-1	-1	-1	-1	-1
XMTQwNTk3MzUyOA==	7	7	9	-1	-1	-1	-1	-1	-1	-1	-1	-1	-1	-1	-1	-1	-1	-1	-1	-1	-1	-1	-1	-1	-1	-1	-1	-1	-1	-1
XMTQwNTQ3MDY3Mg==	153	171	-1	-1	-1	-1	-1	-1	-1	-1	-1	-1	-1	-1	-1	-1	-1	-1	-1	-1	-1	-1	-1	-1	-1	-1	-1	-1	-1	-1
XMTQwNTgxNTc1Ng==	139	195	226	239	256	271	-1	-1	-1	-1	-1	-1	-1	-1	-1	-1	-1	-1	-1	-1	-1	-1	-1	-1	-1	-1	-1	-1	-1	-1
XMTQwNjIxNDk1Mg==	9	-1	-1	-1	-1	-1	-1	-1	-1	-1	-1	-1	-1	-1	-1	-1	-1	-1	-1	-1	-1	-1	-1	-1	-1	-1	-1	-1	-1	-1
XMTQwNTYzMDI2OA==	137	144	149	157	156	162	164	164	166	167	167	167	168	169	173	-1	-1	-1	-1	-1	-1	-1	-1	-1	-1	-1	-1	-1	-1	-1
XMTQwNTkzMTI1Ng==	211	281	322	347	368	393	420	433	449	458	464	484	497	509	523	533	543	557	579	584	589	604	619	628	635	-1	-1	-1	-1	-1
XMTQwNjE4MjQwNA==	53	75	76	74	76	77	-1	-1	-1	-1	-1	-1	-1	-1	-1	-1	-1	-1	-1	-1	-1	-1	-1	-1	-1	-1	-1	-1	-1	-1
XMTQwNTc2OTI2NA==	246	297	361	411	432	453	470	481	490	518	526	535	542	-1	-1	-1	-1	-1	-1	-1	-1	564	571	582	596	600	602	606	610	613
XMTQwNTk0NDU5Mg==	108	121	124	134	135	147	151	155	155	159	160	160	160	162	164	164	164	165	166	167	167	167	-1	-1	-1	-1	-1	-1	-1	-1
XMTQwNTMyNzQ1Mg==	658	667	618	619	630	641	646	649	651	657	656	656	661	667	667	669	671	672	-1	-1	-1	-1	-1	-1	-1	-1	-1	-1	-1	-1
XMTQwNTkwMjY0MA==	7	7	11	14	19	19	-1	-1	-1	-1	-1	-1	-1	-1	-1	-1	-1	-1	-1	-1	-1	-1	-1	-1	-1	-1	-1	-1	-1	-1
XMTQwNTQ1MTQwMA==	101	118	-1	-1	-1	-1	-1	-1	-1	-1	-1	-1	-1	-1	-1	-1	-1	-1	-1	-1	-1	-1	-1	-1	-1	-1	-1	-1	-1	-1
XMTQwNTYwODk5Ng==	5464	8589	9612	9989	10298	10444	10557	10613	10678	10748	10814	10876	10966	11024	11054	11087	11136	-1	-1	-1	-1	-1	-1	-1	-1	-1	-1	-1	-1	-1
XMTQwNTkxNDA0NA==	21	25	28	31	31	32	-1	-1	-1	-1	-1	-1	-1	-1	-1	-1	-1	-1	-1	-1	-1	-1	-1	-1	-1	-1	-1	-1	-1	-1
XMTQwNTkxNTUzMg==	2	2	2	2	2	2	2	2	2	2	2	2	2	2	2	2	3	3	3	3	3	4	4	-1	-1	-1	-1	-1	-1	-1
XMTQwNTI4OTc5Ng==	104	130	166	204	-1	-1	-1	-1	-1	-1	-1	-1	-1	-1	-1	-1	-1	-1	-1	-1	-1	-1	-1	-1	-1	-1	-1	-1	-1	-1
XMTQwNTg1NDU3Ng==	407	414	391	396	407	407	410	414	416	417	-1	-1	-1	-1	-1	-1	-1	-1	-1	-1	-1	-1	-1	-1	-1	-1	-1	-1	-1	-1
XMTQwNTM1MDcyNA==	11	11	10	11	11	11	11	12	12	13	13	13	16	16	16	-1	-1	-1	-1	-1	-1	-1	-1	-1	-1	-1	-1	-1	-1	-1
XMTQwNTY1MzkwNA==	1159	1639	2187	2746	3593	4770	4864	-1	-1	-1	-1	-1	-1	-1	-1	-1	-1	-1	-1	-1	-1	-1	-1	-1	-1	-1	-1	-1	-1	-1
XMTQwNTU5NDUyNA==	30	30	30	33	36	36	37	44	44	44	44	44	44	44	44	44	44	44	45	45	45	45	45	45	45	45	45	45	45	-1
XMTQwNTkyNDM5Mg==	66	90	113	115	115	115	115	115	-1	-1	-1	-1	-1	-1	-1	-1	-1	-1	-1	-1	-1	-1	-1	-1	-1	-1	-1	-1	-1	-1
XMTQwNjM5OTExMg==	13	27	30	29	28	28	28	28	30	30	30	30	30	30	30	31	-1	-1	-1	-1	-1	-1	-1	-1	-1	-1	-1	-1	-1	-1
XMTQwNjQ5MzY4NA==	350	535	552	561	-1	-1	-1	-1	-1	-1	-1	-1	-1	-1	-1	-1	-1	-1	-1	-1	-1	-1	-1	-1	-1	-1	-1	-1	-1	-1
XMTQwNjAwNTc3Mg==	208	252	285	309	324	343	358	373	378	384	388	389	390	392	394	400	403	404	406	406	406	409	412	413	413	413	-1	-1	-1	-1
XMTQwNjQ0NDE5Mg==	11	20	20	20	19	19	19	19	19	19	19	19	19	19	20	-1	-1	-1	-1	-1	-1	-1	-1	-1	-1	-1	-1	-1	-1	-1
XMTQwNTE2Nzg4MA==	222	256	275	323	346	366	398	413	-1	-1	-1	-1	-1	-1	-1	-1	-1	-1	-1	-1	-1	-1	-1	-1	-1	-1	-1	-1	-1	-1
XMTQwNTMzODMyOA==	5	-1	-1	-1	-1	-1	-1	-1	-1	-1	-1	-1	-1	-1	-1	-1	-1	-1	-1	-1	-1	-1	-1	-1	-1	-1	-1	-1	-1	-1
XMTQwNTkwNjU0MA==	8	11	12	13	14	15	-1	-1	-1	-1	-1	-1	-1	-1	-1	-1	-1	-1	-1	-1	-1	-1	-1	-1	-1	-1	-1	-1	-1	-1
XMTQwNTU2OTYwOA==	149	-1	-1	-1	-1	-1	-1	-1	-1	-1	-1	-1	-1	-1	-1	-1	-1	-1	-1	-1	-1	-1	-1	-1	-1	-1	-1	-1	-1	-1
XMTQwNTQ5MTE4NA==	6	11	11	11	11	11	-1	-1	-1	-1	-1	-1	-1	-1	-1	-1	-1	-1	-1	-1	-1	-1	-1	-1	-1	-1	-1	-1	-1	-1
XMTQwNTcxNDkyNA==	18	20	20	20	20	20	-1	-1	-1	-1	-1	-1	-1	-1	-1	-1	-1	-1	-1	-1	-1	-1	-1	-1	-1	-1	-1	-1	-1	-1
XMTQwNjE2ODQyNA==	7	13	13	13	13	13	14	14	14	14	14	14	14	14	14	14	14	14	14	14	14	14	15	15	14	16	-1	-1	-1	-1
XMTQwNTQ2MDg2NA==	30	39	50	55	59	61	69	72	74	77	81	86	-1	-1	-1	-1	-1	-1	-1	-1	-1	-1	-1	-1	-1	-1	-1	-1	-1	-1
XMTQwNTY0NzQxNg==	130	131	-1	-1	-1	-1	-1	-1	-1	-1	-1	-1	-1	-1	-1	-1	-1	-1	-1	-1	-1	-1	-1	-1	-1	-1	-1	-1	-1	-1
XMTQwNjE5MDA4OA==	27	32	32	29	28	28	30	30	30	30	31	31	31	31	31	33	33	33	33	33	33	34	34	35	35	35	-1	-1	-1	-1
XMTQwNTk5OTU1Mg==	25	32	-1	-1	-1	-1	-1	-1	-1	-1	-1	-1	-1	-1	-1	-1	-1	-1	-1	-1	-1	-1	-1	-1	-1	-1	-1	-1	-1	-1
XMTQwNjQzMjYwOA==	6	17	18	19	18	19	19	35	42	42	40	40	41	43	43	45	-1	-1	-1	-1	-1	-1	-1	-1	-1	-1	-1	-1	-1	-1
XMTQwNTc3NTY0MA==	17	17	-1	-1	-1	-1	-1	-1	-1	-1	-1	-1	-1	-1	-1	-1	-1	-1	-1	-1	-1	-1	-1	-1	-1	-1	-1	-1	-1	-1
XMTQwNTg1NTQ4NA==	18	-1	-1	-1	-1	-1	-1	-1	-1	-1	-1	-1	-1	-1	-1	-1	-1	-1	-1	-1	-1	-1	-1	-1	-1	-1	-1	-1	-1	-1
XMTQwNTk5ODU1Mg==	10	11	11	14	14	14	14	14	14	14	14	14	15	15	16	-1	-1	-1	-1	-1	-1	-1	-1	-1	-1	-1	-1	-1	-1	-1
XMTQwNjA2MzY3Mg==	101	200	238	249	245	253	257	259	260	259	260	263	264	265	268	269	-1	-1	-1	-1	-1	-1	-1	-1	-1	-1	-1	-1	-1	-1
XMTQwNjA5MjI0NA==	1001	2158	2167	2097	2040	-1	-1	-1	-1	-1	-1	-1	-1	-1	-1	-1	-1	-1	-1	-1	-1	-1	-1	-1	-1	-1	-1	-1	-1	-1
XMTQwNTkzMDMyMA==	3	11	11	11	11	11	11	12	12	12	12	12	12	17	19	19	19	19	-1	-1	-1	-1	-1	-1	-1	-1	-1	-1	-1	-1
XMTQwNTg1OTcwMA==	15	17	20	20	20	22	22	22	22	23	23	23	23	23	30	30	30	31	31	31	31	31	31	31	31	31	31	31	-1	-1
XMTQwNTgwOTY5Mg==	11	12	-1	-1	-1	-1	-1	-1	-1	-1	-1	-1	-1	-1	-1	-1	-1	-1	-1	-1	-1	-1	-1	-1	-1	-1	-1	-1	-1	-1
XMTQwNTM1OTM1Mg==	6	6	6	6	6	6	6	6	6	6	6	6	6	6	6	6	6	6	6	6	6	6	6	6	-1	-1	-1	-1	-1	-1
XMTQwNjAwMTYwNA==	24	24	26	28	28	28	28	28	28	28	28	29	29	29	29	30	-1	-1	-1	-1	-1	-1	-1	-1	-1	-1	-1	-1	-1	-1
XMTQwNjA5NzEzMg==	7	-1	-1	-1	-1	-1	-1	-1	-1	-1	-1	-1	-1	-1	-1	-1	-1	-1	-1	-1	-1	-1	-1	-1	-1	-1	-1	-1	-1	-1
XMTQwNjA2OTkzNg==	21	30	31	32	32	34	39	39	-1	-1	-1	-1	-1	-1	-1	-1	-1	-1	-1	-1	-1	-1	-1	-1	-1	-1	-1	-1	-1	-1
XMTQwNTQ3MDQ2NA==	15	16	-1	-1	-1	-1	-1	-1	-1	-1	-1	-1	-1	-1	-1	-1	-1	-1	-1	-1	-1	-1	-1	-1	-1	-1	-1	-1	-1	-1
XMTQwNjI5OTYwMA==	23	-1	-1	-1	-1	-1	-1	-1	-1	-1	-1	-1	-1	-1	-1	-1	-1	-1	-1	-1	-1	-1	-1	-1	-1	-1	-1	-1	-1	-1
XMTQwNTY5MDgyOA==	13	14	15	18	18	18	18	18	18	18	18	18	18	18	19	19	19	19	19	19	19	19	20	-1	-1	-1	-1	-1	-1	-1
XMTQwNTY4ODM2MA==	-1	-1	-1	-1	-1	-1	-1	-1	-1	-1	-1	-1	-1	-1	-1	-1	-1	-1	-1	-1	-1	-1	-1	-1	-1	-1	-1	-1	-1	-1
XMTQwNjQ4OTc4NA==	81	143	143	135	134	-1	-1	-1	-1	-1	-1	-1	-1	-1	-1	-1	-1	-1	-1	-1	-1	-1	-1	-1	-1	-1	-1	-1	-1	-1
XMTQwNTAzOTYzMg==	7	7	8	10	10	12	14	14	15	15	16	16	17	18	18	19	19	19	19	19	22	22	22	22	22	-1	-1	-1	-1	-1
XMTQwNjIzODA3Mg==	29	47	47	45	45	-1	-1	-1	-1	-1	-1	-1	-1	-1	-1	-1	-1	-1	-1	-1	-1	-1	-1	-1	-1	-1	-1	-1	-1	-1
XMTQwNTQyMzExMg==	28	32	31	31	31	32	-1	-1	-1	-1	-1	-1	-1	-1	-1	-1	-1	-1	-1	-1	-1	-1	-1	-1	-1	-1	-1	-1	-1	-1
XMTQwNTQzMzk2OA==	346	370	360	376	385	399	415	420	422	424	425	424	425	425	430	432	432	-1	-1	-1	-1	-1	-1	-1	-1	-1	-1	-1	-1	-1
XMTQwNTQyODcyMA==	2142	2705	3661	4198	4571	4951	5186	5289	5454	5565	5677	5750	5787	5815	5828	-1	-1	-1	-1	-1	-1	-1	-1	-1	-1	-1	-1	-1	-1	-1
XMTQwNjA2MzQyOA==	60	152	174	181	174	179	184	190	195	199	202	206	212	219	223	225	229	231	242	-1	-1	-1	-1	-1	-1	-1	-1	-1	-1	-1
XMTQwNTU3OTM2OA==	33	35	40	42	51	51	57	58	60	62	-1	-1	-1	-1	-1	-1	-1	-1	-1	-1	-1	-1	-1	-1	-1	-1	-1	-1	-1	-1
XMTQwNTgwMDcyMA==	95	130	142	155	164	169	171	173	184	-1	192	196	199	203	204	206	209	209	218	219	223	226	227	228	228	230	230	232	233	233
XMTQwNTc5Mjg5Ng==	18	19	22	24	26	26	26	-1	-1	-1	-1	-1	-1	-1	-1	-1	-1	-1	-1	-1	-1	-1	-1	-1	-1	-1	-1	-1	-1	-1
XMTQwNTU3NDE3Ng==	791	978	1196	-1	-1	-1	-1	-1	-1	-1	-1	-1	-1	-1	-1	-1	-1	-1	-1	-1	-1	-1	-1	-1	-1	-1	-1	-1	-1	-1
XMTQwNTM0NTk4NA==	13	17	21	23	26	25	28	32	32	-1	-1	-1	-1	-1	-1	-1	-1	-1	-1	-1	-1	-1	-1	-1	-1	-1	-1	-1	-1	-1
XMTQwNTcwMzk2OA==	86	92	95	97	99	101	103	104	104	105	-1	-1	-1	-1	-1	-1	-1	-1	-1	-1	-1	-1	-1	-1	-1	-1	-1	-1	-1	-1
XMTQwNjM0NzM1Mg==	3804	5057	5238	5101	5197	5361	5512	5585	5618	5675	5722	5765	5857	-1	-1	-1	-1	-1	-1	-1	-1	-1	-1	-1	-1	-1	-1	-1	-1	-1
XMTQwNjMwNjYyNA==	175	290	-1	-1	-1	-1	-1	-1	-1	-1	-1	-1	-1	-1	-1	-1	-1	-1	-1	-1	-1	-1	-1	-1	-1	-1	-1	-1	-1	-1
XMTQwNTc3Nzk4OA==	97	114	123	131	138	148	-1	-1	-1	-1	-1	-1	-1	-1	-1	-1	-1	-1	-1	-1	-1	-1	-1	-1	-1	-1	-1	-1	-1	-1
XMTQwNTU0ODcyNA==	1525	2872	4032	4291	4532	4621	4687	4736	4794	4850	4901	4951	4998	5046	5074	5095	5119	-1	-1	-1	-1	-1	-1	-1	-1	-1	-1	-1	-1	-1
XMTQwNjA5NjkyNA==	87	96	109	48	52	49	49	50	50	51	52	55	57	58	59	61	68	-1	-1	-1	-1	-1	-1	-1	-1	-1	-1	-1	-1	-1
XMTQwNTQ2OTgwOA==	-1	-1	-1	-1	-1	-1	-1	-1	-1	-1	-1	-1	-1	-1	-1	-1	-1	-1	-1	-1	-1	-1	-1	-1	-1	-1	-1	-1	-1	-1
XMTQwNjMxMDkwMA==	24	26	29	29	33	34	34	34	33	33	33	33	33	33	33	33	-1	-1	-1	-1	-1	-1	-1	-1	-1	-1	-1	-1	-1	-1
XMTQwNTM4NTMwNA==	524	-1	-1	-1	-1	-1	-1	-1	-1	-1	-1	-1	-1	-1	-1	-1	-1	-1	-1	-1	-1	-1	-1	-1	-1	-1	-1	-1	-1	-1
XMTQwNTM4ODY5Ng==	51	68	90	99	104	111	114	120	121	127	127	128	131	136	-1	-1	-1	-1	-1	-1	-1	-1	-1	-1	-1	-1	-1	-1	-1	-1
XMTQwNTkwNzY3Ng==	32	42	45	51	58	60	82	91	85	94	102	106	106	107	113	118	120	122	-1	-1	-1	-1	-1	-1	-1	-1	-1	-1	-1	-1
XMTQwNTUxODk5Mg==	57	64	60	61	62	62	62	62	62	62	64	64	64	73	-1	-1	-1	-1	-1	-1	-1	-1	-1	-1	-1	-1	-1	-1	-1	-1
XMTQwNjY0ODE4OA==	1001	-1	-1	-1	-1	-1	-1	-1	-1	-1	-1	-1	-1	-1	-1	-1	-1	-1	-1	-1	-1	-1	-1	-1	-1	-1	-1	-1	-1	-1
XMTQwNTcxMzg3Mg==	2219	3378	4335	5571	6614	7011	7252	7336	7545	7722	7858	7986	8177	8281	8425	8522	8625	-1	-1	-1	-1	-1	-1	-1	-1	-1	-1	-1	-1	-1
XMTQwNTM5OTgyMA==	39	44	43	43	-1	-1	-1	-1	-1	-1	-1	-1	-1	-1	-1	-1	-1	-1	-1	-1	-1	-1	-1	-1	-1	-1	-1	-1	-1	-1
XMTQwNTMxNzYwNA==	246	251	254	256	257	-1	-1	-1	-1	-1	-1	-1	-1	-1	-1	-1	-1	-1	-1	-1	-1	-1	-1	-1	-1	-1	-1	-1	-1	-1
XMTQwNTYxNTk3Ng==	31	34	35	36	39	42	-1	-1	-1	-1	-1	-1	-1	-1	-1	-1	-1	-1	-1	-1	-1	-1	-1	-1	-1	-1	-1	-1	-1	-1
XMTQwNTM2ODQ4NA==	158	169	219	223	227	228	230	230	231	232	234	-1	-1	-1	-1	-1	-1	-1	-1	-1	-1	-1	-1	-1	-1	-1	-1	-1	-1	-1
XMTQwNTQzODgzNg==	16	20	21	27	28	32	33	35	35	-1	-1	-1	-1	-1	-1	-1	-1	-1	-1	-1	-1	-1	-1	-1	-1	-1	-1	-1	-1	-1
XMTQwNTgxMTgyNA==	342	-1	-1	-1	-1	-1	-1	-1	-1	-1	-1	-1	-1	-1	-1	-1	-1	-1	-1	-1	-1	-1	-1	-1	-1	-1	-1	-1	-1	-1
XMTQwNjIyOTU4NA==	9	16	-1	-1	-1	-1	-1	-1	-1	-1	-1	-1	-1	-1	-1	-1	-1	-1	-1	-1	-1	-1	-1	-1	-1	-1	-1	-1	-1	-1
XMTQwNjEwMTgxNg==	11	13	14	14	14	-1	-1	-1	-1	-1	-1	-1	-1	-1	-1	-1	-1	-1	-1	-1	-1	-1	-1	-1	-1	-1	-1	-1	-1	-1
XMTQwNjE3NTQxMg==	9	-1	-1	-1	-1	-1	-1	-1	-1	-1	-1	-1	-1	-1	-1	-1	-1	-1	-1	-1	-1	-1	-1	-1	-1	-1	-1	-1	-1	-1
XMTQwNTU5NDE3Ng==	23	29	32	34	36	39	40	41	41	42	43	44	45	46	47	48	49	49	52	53	55	55	55	57	57	59	60	-1	-1	-1
XMTQwNTk0NTQxMg==	7	9	10	11	11	11	11	11	11	11	-1	-1	-1	-1	-1	-1	-1	-1	-1	-1	-1	-1	-1	-1	-1	-1	-1	-1	-1	-1
XMTQwMjYwMDc4OA==	26	29	32	42	43	46	49	49	51	-1	-1	-1	-1	-1	-1	-1	-1	-1	-1	-1	-1	-1	-1	-1	-1	-1	-1	-1	-1	-1
XMTQwNTk2OTgyNA==	11	-1	-1	-1	-1	-1	-1	-1	-1	-1	-1	-1	-1	-1	-1	-1	-1	-1	-1	-1	-1	-1	-1	-1	-1	-1	-1	-1	-1	-1
XMTQwNjM1NjY1Mg==	26	-1	-1	-1	-1	-1	-1	-1	-1	-1	-1	-1	-1	-1	-1	-1	-1	-1	-1	-1	-1	-1	-1	-1	-1	-1	-1	-1	-1	-1
XMTQwNjA3NDE3Ng==	15	22	27	25	26	26	26	26	26	26	-1	-1	-1	-1	-1	-1	-1	-1	-1	-1	-1	-1	-1	-1	-1	-1	-1	-1	-1	-1
XMTQwNTYzNjc2MA==	9	10	10	10	10	11	11	11	11	11	11	11	11	13	13	13	13	13	14	14	17	-1	-1	-1	-1	-1	-1	-1	-1	-1
XMTQwNTc5NzMwOA==	65623	65907	65979	66024	-1	-1	-1	-1	-1	-1	-1	-1	-1	-1	-1	-1	-1	-1	-1	-1	-1	-1	-1	-1	-1	-1	-1	-1	-1	-1
XMTQwNTMxMjE5Ng==	143	147	149	153	153	154	159	159	159	160	160	160	160	160	161	161	162	163	-1	-1	-1	-1	-1	-1	-1	-1	-1	-1	-1	-1
