XMTQxNzcyNTUzNg==	232	-1	-1	-1	-1	-1	-1	-1	-1	-1	-1	-1	-1	-1	-1	-1	-1	-1	-1	-1	-1	-1	-1	-1	-1	-1	-1	-1	-1	-1
XMTQxNzExMjM4OA==	14	14	14	14	14	15	15	16	16	16	17	-1	-1	-1	-1	-1	-1	-1	-1	-1	-1	-1	-1	-1	-1	-1	-1	-1	-1	-1
XMTQxNzEwNTkyNA==	48	54	57	-1	-1	-1	-1	-1	-1	-1	-1	-1	-1	-1	-1	-1	-1	-1	-1	-1	-1	-1	-1	-1	-1	-1	-1	-1	-1	-1
XMTQxNjY1OTQ3Ng==	24	25	25	26	30	32	-1	-1	-1	-1	-1	-1	-1	-1	-1	-1	-1	-1	-1	-1	-1	-1	-1	-1	-1	-1	-1	-1	-1	-1
XMTQxNzA1NjUxMg==	26	-1	-1	-1	-1	-1	-1	-1	-1	-1	-1	-1	-1	-1	-1	-1	-1	-1	-1	-1	-1	-1	-1	-1	-1	-1	-1	-1	-1	-1
XMTQxNzIyMTU1Mg==	10	13	-1	-1	-1	-1	-1	-1	-1	-1	-1	-1	-1	-1	-1	-1	-1	-1	-1	-1	-1	-1	-1	-1	-1	-1	-1	-1	-1	-1
XMTQxNzM0NjgyNA==	-1	-1	-1	-1	-1	-1	-1	-1	-1	-1	-1	-1	-1	-1	-1	-1	-1	-1	-1	-1	-1	-1	-1	-1	-1	-1	-1	-1	-1	-1
XMTQxNzc3MjM5Mg==	7	14	14	15	15	15	15	15	-1	-1	-1	-1	-1	-1	-1	-1	-1	-1	-1	-1	-1	-1	-1	-1	-1	-1	-1	-1	-1	-1
XMTQxNzEwNjg3Mg==	1143	1667	1776	1849	1902	1976	2044	2066	2112	2158	2178	2191	2219	2238	2279	2306	2332	2363	-1	-1	-1	-1	-1	-1	-1	-1	-1	-1	-1	-1
XMTQxNjY3NTI5Ng==	14	14	13	-1	-1	-1	-1	-1	-1	-1	-1	-1	-1	-1	-1	-1	-1	-1	-1	-1	-1	-1	-1	-1	-1	-1	-1	-1	-1	-1
XMTQxNzA2NzQ1Mg==	1126	1377	1533	1603	1685	1730	1778	1783	1804	-1	-1	-1	-1	-1	-1	-1	-1	-1	-1	-1	-1	-1	-1	-1	-1	-1	-1	-1	-1	-1
XMTQxNzAxNzEwMA==	94	98	97	105	108	108	110	113	114	115	117	118	119	121	122	124	126	126	126	128	129	131	133	-1	-1	-1	-1	-1	-1	-1
XMTQxNzM2MDc1Mg==	7	7	7	7	7	7	7	-1	-1	-1	-1	-1	-1	-1	-1	-1	-1	-1	-1	-1	-1	-1	-1	-1	-1	-1	-1	-1	-1	-1
XMTQxNzE3NjI0OA==	10	11	-1	-1	-1	-1	-1	-1	-1	-1	-1	-1	-1	-1	-1	-1	-1	-1	-1	-1	-1	-1	-1	-1	-1	-1	-1	-1	-1	-1
XMTQxNjc3NTMwOA==	533	574	-1	-1	-1	-1	-1	-1	-1	-1	-1	-1	-1	-1	-1	-1	-1	-1	-1	-1	-1	-1	-1	-1	-1	-1	-1	-1	-1	-1
XMTQxNzEzMDIwOA==	847	929	947	964	983	998	1039	1058	1090	1103	1119	1129	1137	1151	1165	1181	1189	1192	1194	1196	1200	1213	1226	1228	1236	-1	-1	-1	-1	-1
XMTQxNjgxOTA4OA==	265	283	287	287	291	293	296	296	298	300	300	303	304	306	306	306	306	306	306	306	306	306	-1	-1	-1	-1	-1	-1	-1	-1
XMTQxNzc1NTE3Ng==	3	3	3	2	2	2	2	2	2	2	2	2	2	3	3	-1	-1	-1	-1	-1	-1	-1	-1	-1	-1	-1	-1	-1	-1	-1
XMTQxNzAyMDk3Mg==	62	68	-1	-1	-1	-1	-1	-1	-1	-1	-1	-1	-1	-1	-1	-1	-1	-1	-1	-1	-1	-1	-1	-1	-1	-1	-1	-1	-1	-1
XMTQxNzY0MDI1Mg==	5	9	9	9	9	9	9	9	9	9	9	9	9	9	9	9	9	9	9	9	9	10	10	10	10	-1	-1	-1	-1	-1
XMTQxNjYxODM1Mg==	94	100	104	105	106	106	107	108	108	108	109	110	111	111	112	112	-1	-1	-1	-1	-1	-1	-1	-1	-1	-1	-1	-1	-1	-1
XMTQxNjk1NjcxNg==	11	13	13	13	13	13	13	13	13	13	13	13	13	13	13	13	-1	-1	-1	-1	-1	-1	-1	-1	-1	-1	-1	-1	-1	-1
XMTQxNzkyODU4MA==	8	17	17	16	14	16	16	16	16	16	16	16	16	16	16	16	16	16	16	17	17	17	17	19	19	-1	-1	-1	-1	-1
XMTQxNjcxMDQ5Mg==	19	21	24	23	24	-1	-1	-1	-1	-1	-1	-1	-1	-1	-1	-1	-1	-1	-1	-1	-1	-1	-1	-1	-1	-1	-1	-1	-1	-1
XMTQxNzY0MDI0OA==	4	6	6	6	6	6	6	6	6	6	6	6	6	6	6	6	6	6	6	6	6	6	6	6	6	-1	-1	-1	-1	-1
XMTQxNzMzNDU0NA==	24	26	26	-1	-1	-1	-1	-1	-1	-1	-1	-1	-1	-1	-1	-1	-1	-1	-1	-1	-1	-1	-1	-1	-1	-1	-1	-1	-1	-1
XMTQxNzQzODE1Mg==	16	25	26	23	27	27	26	32	35	35	35	36	37	38	39	43	44	44	45	45	45	45	46	46	46	46	-1	-1	-1	-1
XMTQxNzQ1NzQyNA==	36	47	49	48	48	48	48	48	48	49	49	49	49	49	49	49	49	49	49	49	49	49	49	49	49	49	-1	-1	-1	-1
XMTQxNjk1NzMzNg==	72	74	75	76	76	77	77	77	79	80	82	82	83	83	83	83	85	86	86	86	87	88	88	-1	-1	-1	-1	-1	-1	-1
XMTQxODA1NzIzMg==	5	-1	-1	-1	-1	-1	-1	-1	-1	-1	-1	-1	-1	-1	-1	-1	-1	-1	-1	-1	-1	-1	-1	-1	-1	-1	-1	-1	-1	-1
XMTQxNzk0MDQxMg==	-1	-1	-1	-1	-1	-1	-1	-1	-1	-1	-1	-1	-1	-1	-1	-1	-1	-1	-1	-1	-1	-1	-1	-1	-1	-1	-1	-1	-1	-1
XMTQxNzU2Mzg2NA==	17	21	22	23	24	24	25	25	25	25	26	29	29	-1	-1	-1	-1	-1	-1	-1	-1	-1	-1	-1	-1	-1	-1	-1	-1	-1
XMTQxNzkzNTY4OA==	2	2	2	2	17	28	30	30	30	30	30	30	30	30	30	30	30	30	30	30	30	30	30	30	30	-1	-1	-1	-1	-1
XMTQxNzE2ODA4MA==	598	651	678	680	691	694	697	697	702	703	704	708	710	710	712	716	718	721	724	-1	-1	-1	-1	-1	-1	-1	-1	-1	-1	-1
XMTQxNzkyNDE3Mg==	3	4	4	4	4	4	4	4	4	-1	-1	-1	-1	-1	-1	-1	-1	-1	-1	-1	-1	-1	-1	-1	-1	-1	-1	-1	-1	-1
XMTQxNjc4MzMwNA==	52	57	57	54	54	54	54	54	54	54	54	54	54	54	54	58	62	64	69	69	69	69	69	69	69	69	74	74	-1	-1
XMTQxNzU2NTQ1Ng==	359	823	961	1053	1175	1255	-1	-1	-1	-1	-1	-1	-1	-1	-1	-1	-1	-1	-1	-1	-1	-1	-1	-1	-1	-1	-1	-1	-1	-1
XMTQxNzk1ODg1Mg==	72	514	920	1296	2235	2827	4062	4523	6568	8519	10551	12377	13980	15762	17867	20458	22499	24349	25856	27438	-1	-1	-1	-1	-1	-1	-1	-1	-1	-1
XMTQxNzIxNDQ2MA==	14	15	16	16	16	16	16	16	16	18	18	-1	-1	-1	-1	-1	-1	-1	-1	-1	-1	-1	-1	-1	-1	-1	-1	-1	-1	-1
XMTQxODAwMzQzMg==	2	3	-1	-1	-1	-1	-1	-1	-1	-1	-1	-1	-1	-1	-1	-1	-1	-1	-1	-1	-1	-1	-1	-1	-1	-1	-1	-1	-1	-1
XMTQxNzI0Mzk0OA==	617	688	996	-1	-1	-1	-1	-1	-1	-1	-1	-1	-1	-1	-1	-1	-1	-1	-1	-1	-1	-1	-1	-1	-1	-1	-1	-1	-1	-1
XMTQxNzkyMjczNg==	4	4	4	4	4	4	4	4	4	-1	-1	-1	-1	-1	-1	-1	-1	-1	-1	-1	-1	-1	-1	-1	-1	-1	-1	-1	-1	-1
XMTQxNzgyNTg2NA==	2	-1	-1	-1	-1	-1	-1	-1	-1	-1	-1	-1	-1	-1	-1	-1	-1	-1	-1	-1	-1	-1	-1	-1	-1	-1	-1	-1	-1	-1
XMTQxNzQ5NTcyMA==	24	33	33	31	31	31	-1	-1	-1	-1	-1	-1	-1	-1	-1	-1	-1	-1	-1	-1	-1	-1	-1	-1	-1	-1	-1	-1	-1	-1
XMTQxNjcyODc3Mg==	98	112	111	186	193	200	182	183	190	202	204	207	216	219	222	223	223	225	228	232	232	232	232	232	232	-1	-1	-1	-1	-1
XMTQxNjYzODAwOA==	24	24	24	24	25	26	26	26	26	26	-1	-1	-1	-1	-1	-1	-1	-1	-1	-1	-1	-1	-1	-1	-1	-1	-1	-1	-1	-1
XMTQxNzIzMjczNg==	1203	1358	1416	1409	1452	1460	-1	-1	-1	-1	-1	-1	-1	-1	-1	-1	-1	-1	-1	-1	-1	-1	-1	-1	-1	-1	-1	-1	-1	-1
XMTQxNzU0OTQ1Mg==	11	19	20	19	18	18	18	18	18	18	18	18	18	18	18	18	19	19	19	19	19	19	20	20	20	20	20	20	-1	-1
XMTQxNzQ0MTMwNA==	215	251	263	276	301	315	360	372	401	415	418	419	424	437	445	451	452	452	457	457	457	462	463	464	464	465	-1	-1	-1	-1
XMTQxNzg4Mjg4MA==	34	42	43	42	-1	-1	-1	-1	-1	-1	-1	-1	-1	-1	-1	-1	-1	-1	-1	-1	-1	-1	-1	-1	-1	-1	-1	-1	-1	-1
XMTQxNzE5MTEzMg==	80	-1	-1	-1	-1	-1	-1	-1	-1	-1	-1	-1	-1	-1	-1	-1	-1	-1	-1	-1	-1	-1	-1	-1	-1	-1	-1	-1	-1	-1
XMTQxNzk0ODE3Ng==	1474	1872	1910	-1	-1	-1	-1	-1	-1	-1	-1	-1	-1	-1	-1	-1	-1	-1	-1	-1	-1	-1	-1	-1	-1	-1	-1	-1	-1	-1
XMTQxNzk5OTUzNg==	60	124	-1	-1	-1	-1	-1	-1	-1	-1	-1	-1	-1	-1	-1	-1	-1	-1	-1	-1	-1	-1	-1	-1	-1	-1	-1	-1	-1	-1
XMTQxNzMzNDcyNA==	18	19	25	-1	-1	-1	-1	-1	-1	-1	-1	-1	-1	-1	-1	-1	-1	-1	-1	-1	-1	-1	-1	-1	-1	-1	-1	-1	-1	-1
XMTQxNjgwMzQ1Mg==	11	11	12	12	12	12	12	12	12	12	-1	-1	-1	-1	-1	-1	-1	-1	-1	-1	-1	-1	-1	-1	-1	-1	-1	-1	-1	-1
XMTQxNzkzMTQyOA==	27	87	102	108	123	141	151	165	177	188	195	205	211	227	232	245	251	268	298	318	326	339	351	380	399	-1	-1	-1	-1	-1
XMTQxNzMwMDEyNA==	668	1261	1625	1963	2343	2817	4126	4855	6487	-1	-1	-1	-1	-1	-1	-1	-1	-1	-1	-1	-1	-1	-1	-1	-1	-1	-1	-1	-1	-1
XMTQxNzM5Mjk2NA==	2300	3957	5210	6566	7377	7943	8684	8852	9264	9568	9802	10009	10221	10498	10727	10948	11108	11293	11403	11527	11640	11721	11826	11914	11988	12055	-1	-1	-1	-1
XMTQxNjU2NTkxMg==	-1	-1	-1	-1	-1	-1	-1	-1	-1	-1	-1	-1	-1	-1	-1	-1	-1	-1	-1	-1	-1	-1	-1	-1	-1	-1	-1	-1	-1	-1
XMTQxNzg0OTE4MA==	15	19	22	23	25	25	27	30	37	40	42	43	46	48	52	-1	-1	-1	-1	-1	-1	-1	-1	-1	-1	-1	-1	-1	-1	-1
XMTQxNjgxNjIwNA==	20	24	26	26	-1	-1	-1	-1	-1	-1	-1	-1	-1	-1	-1	-1	-1	-1	-1	-1	-1	-1	-1	-1	-1	-1	-1	-1	-1	-1
XMTQxNzMyNzk3Ng==	33	45	46	44	44	45	-1	-1	-1	-1	-1	-1	-1	-1	-1	-1	-1	-1	-1	-1	-1	-1	-1	-1	-1	-1	-1	-1	-1	-1
XMTQxNzIwNzk2NA==	122	139	164	179	180	183	183	184	207	215	221	223	225	226	227	232	233	234	237	238	238	239	239	239	239	240	-1	-1	-1	-1
XMTQxNjY2MzQ2OA==	14	14	10	-1	-1	-1	-1	-1	-1	-1	-1	-1	-1	-1	-1	-1	-1	-1	-1	-1	-1	-1	-1	-1	-1	-1	-1	-1	-1	-1
XMTQxNjkxMTI4NA==	501	527	564	573	581	584	587	587	590	591	592	593	-1	-1	-1	-1	-1	-1	-1	-1	-1	-1	-1	-1	-1	-1	-1	-1	-1	-1
XMTQxNzkzOTk1Mg==	3	5	5	5	5	5	5	5	5	5	5	5	5	5	5	7	7	7	7	7	7	7	7	7	7	-1	-1	-1	-1	-1
XMTQxNzI2OTQ2OA==	2	2	-1	-1	-1	-1	-1	-1	-1	-1	-1	-1	-1	-1	-1	-1	-1	-1	-1	-1	-1	-1	-1	-1	-1	-1	-1	-1	-1	-1
XMTQxNzQ1NjQ2MA==	17	20	20	17	17	17	18	18	18	18	18	18	18	18	18	-1	-1	-1	-1	-1	-1	-1	-1	-1	-1	-1	-1	-1	-1	-1
XMTQxNzQwNzg2MA==	16	17	17	16	16	16	18	18	18	18	18	18	18	-1	-1	-1	-1	-1	-1	-1	-1	-1	-1	-1	-1	-1	-1	-1	-1	-1
XMTQxNzEwOTQ4OA==	10	9	8	8	8	9	9	9	9	9	9	-1	-1	-1	-1	-1	-1	-1	-1	-1	-1	-1	-1	-1	-1	-1	-1	-1	-1	-1
XMTQxNzQxNTg4OA==	96	103	-1	-1	-1	-1	-1	-1	-1	-1	-1	-1	-1	-1	-1	-1	-1	-1	-1	-1	-1	-1	-1	-1	-1	-1	-1	-1	-1	-1
XMTQxNzgzNTY1Mg==	18	-1	-1	-1	-1	-1	-1	-1	-1	-1	-1	-1	-1	-1	-1	-1	-1	-1	-1	-1	-1	-1	-1	-1	-1	-1	-1	-1	-1	-1
XMTQxNzMxNDY2OA==	15	17	17	17	17	29	34	34	34	34	34	-1	-1	-1	-1	-1	-1	-1	-1	-1	-1	-1	-1	-1	-1	-1	-1	-1	-1	-1
XMTQxNjgxMjkyNA==	1013	2849	8713	11944	14841	17074	-1	-1	-1	-1	-1	-1	-1	-1	-1	-1	-1	-1	-1	-1	-1	-1	-1	-1	-1	-1	-1	-1	-1	-1
XMTQxODAyMTEyNA==	28	-1	-1	-1	-1	-1	-1	-1	-1	-1	-1	-1	-1	-1	-1	-1	-1	-1	-1	-1	-1	-1	-1	-1	-1	-1	-1	-1	-1	-1
XMTQxNjkyNTUwMA==	224	254	270	291	320	343	382	400	432	461	491	539	-1	-1	-1	-1	-1	-1	-1	-1	-1	-1	-1	-1	-1	-1	-1	-1	-1	-1
XMTQxNjUzOTMyMA==	27	27	26	25	25	25	25	25	25	25	25	28	-1	-1	-1	-1	-1	-1	-1	-1	-1	-1	-1	-1	-1	-1	-1	-1	-1	-1
XMTQxNjY3NTQ0MA==	24	27	28	-1	-1	-1	-1	-1	-1	-1	-1	-1	-1	-1	-1	-1	-1	-1	-1	-1	-1	-1	-1	-1	-1	-1	-1	-1	-1	-1
XMTQxNjQzNzgyNA==	10	17	26	35	40	63	77	107	200	300	408	496	560	643	719	-1	-1	-1	-1	-1	-1	-1	-1	-1	-1	-1	-1	-1	-1	-1
XMTQxNjgxODU5Mg==	49	52	53	53	55	55	57	57	57	57	57	57	57	57	57	57	57	57	57	60	61	61	61	61	62	63	-1	-1	-1	-1
XMTQxNzA3NTkyNA==	87	92	170	174	177	179	182	182	183	184	185	187	188	187	187	189	191	192	193	193	193	194	196	-1	-1	-1	-1	-1	-1	-1
XMTQxNjI3ODIwOA==	14	15	15	15	15	17	18	18	18	19	19	19	19	21	22	22	22	22	22	22	22	22	22	25	25	25	26	27	27	-1
XMTQxNzk5NTQyOA==	2	5	5	5	5	-1	-1	-1	-1	-1	-1	-1	-1	-1	-1	-1	-1	-1	-1	-1	-1	-1	-1	-1	-1	-1	-1	-1	-1	-1
XMTQxNzkzOTI0MA==	2	7	8	8	7	7	7	7	7	7	7	7	7	7	7	7	7	7	7	7	7	7	7	7	7	-1	-1	-1	-1	-1
XMTQxNzExMjA0MA==	3640	4870	5666	6257	6819	7414	7872	7982	8153	8306	8472	-1	-1	-1	-1	-1	-1	-1	-1	-1	-1	-1	-1	-1	-1	-1	-1	-1	-1	-1
XMTQxNjg2MTg4OA==	113	131	149	173	-1	-1	-1	-1	-1	-1	-1	-1	-1	-1	-1	-1	-1	-1	-1	-1	-1	-1	-1	-1	-1	-1	-1	-1	-1	-1
XMTQxNjk0MzMyOA==	98	112	118	124	134	167	173	174	176	-1	-1	-1	-1	-1	-1	-1	-1	-1	-1	-1	-1	-1	-1	-1	-1	-1	-1	-1	-1	-1
XMTQxNjg0MDgyOA==	540	613	657	660	662	666	669	678	678	827	845	851	851	851	852	854	854	854	856	857	858	858	858	858	860	860	860	860	-1	-1
XMTQxNzI1NDIyOA==	25	30	33	40	40	40	40	40	45	52	-1	-1	-1	-1	-1	-1	-1	-1	-1	-1	-1	-1	-1	-1	-1	-1	-1	-1	-1	-1
XMTQxNzMxMzM4NA==	230	519	595	667	746	821	936	957	1011	-1	-1	-1	-1	-1	-1	-1	-1	-1	-1	-1	-1	-1	-1	-1	-1	-1	-1	-1	-1	-1
XMTQxNjkzODk2MA==	43	52	-1	-1	-1	-1	-1	-1	-1	-1	-1	-1	-1	-1	-1	-1	-1	-1	-1	-1	-1	-1	-1	-1	-1	-1	-1	-1	-1	-1
XMTQxNTk2NDY3Mg==	6	6	6	6	6	6	6	6	6	-1	-1	-1	-1	-1	-1	-1	-1	-1	-1	-1	-1	-1	-1	-1	-1	-1	-1	-1	-1	-1
XMTQxNzYzODM2OA==	4	7	7	7	7	7	7	7	7	7	7	7	7	7	7	7	7	7	7	7	7	8	8	8	8	-1	-1	-1	-1	-1
XMTQxNjk5NzMzNg==	90	112	117	88	-1	-1	-1	-1	-1	-1	-1	-1	-1	-1	-1	-1	-1	-1	-1	-1	-1	-1	-1	-1	-1	-1	-1	-1	-1	-1
XMTQxNjcwMzk1Ng==	150	246	273	306	303	313	-1	-1	-1	-1	-1	-1	-1	-1	-1	-1	-1	-1	-1	-1	-1	-1	-1	-1	-1	-1	-1	-1	-1	-1
XMTQxNzM1NzQ0OA==	10	17	19	18	18	18	18	18	18	18	18	18	18	18	18	18	18	18	-1	-1	-1	-1	-1	-1	-1	-1	-1	-1	-1	-1
XMTQxNzkzOTE0OA==	2	6	7	7	6	6	6	6	6	6	6	6	6	6	6	6	6	6	6	6	6	6	6	6	6	-1	-1	-1	-1	-1
XMTQxNzYzODI1Ng==	8	17	17	17	16	16	16	16	16	16	16	16	16	16	16	16	16	16	16	16	16	16	16	16	16	-1	-1	-1	-1	-1
XMTQxNzM0MTc2MA==	122090	-1	-1	-1	-1	-1	-1	-1	-1	-1	-1	-1	-1	-1	-1	-1	-1	-1	-1	-1	-1	-1	-1	-1	-1	-1	-1	-1	-1	-1
XMTQxNjQ1MzMyMA==	2356	2358	2357	4682	7270	7274	-1	-1	-1	-1	-1	-1	-1	-1	-1	-1	-1	-1	-1	-1	-1	-1	-1	-1	-1	-1	-1	-1	-1	-1
XMTQxNjgxNTI4OA==	342	383	394	410	446	478	520	539	562	577	601	617	643	655	673	697	705	721	742	758	772	788	809	840	855	877	-1	-1	-1	-1
XMTQxNzk2MDA4NA==	25	-1	-1	-1	-1	-1	-1	-1	-1	-1	-1	-1	-1	-1	-1	-1	-1	-1	-1	-1	-1	-1	-1	-1	-1	-1	-1	-1	-1	-1
XMTQxNjk0OTE2NA==	441	-1	-1	-1	-1	-1	-1	-1	-1	-1	-1	-1	-1	-1	-1	-1	-1	-1	-1	-1	-1	-1	-1	-1	-1	-1	-1	-1	-1	-1
XMTQxNzA4MDY2NA==	118	134	150	183	196	210	229	237	244	-1	-1	-1	-1	-1	-1	-1	-1	-1	-1	-1	-1	-1	-1	-1	-1	-1	-1	-1	-1	-1
XMTQxNzE4NzkyMA==	114	-1	-1	-1	-1	-1	-1	-1	-1	-1	-1	-1	-1	-1	-1	-1	-1	-1	-1	-1	-1	-1	-1	-1	-1	-1	-1	-1	-1	-1
XMTQxNzIzNzIxNg==	27	35	36	35	36	37	-1	-1	-1	-1	-1	-1	-1	-1	-1	-1	-1	-1	-1	-1	-1	-1	-1	-1	-1	-1	-1	-1	-1	-1
XMTQxNjY3MDMxMg==	600	705	749	760	780	788	800	808	827	837	842	844	845	845	847	847	846	846	847	847	847	847	847	848	848	848	848	848	848	-1
XMTQxNjY1NTQyNA==	52	68	69	70	72	-1	-1	-1	-1	-1	-1	-1	-1	-1	-1	-1	-1	-1	-1	-1	-1	-1	-1	-1	-1	-1	-1	-1	-1	-1
XMTQxNzcwNTcyNA==	38	-1	-1	-1	-1	-1	-1	-1	-1	-1	-1	-1	-1	-1	-1	-1	-1	-1	-1	-1	-1	-1	-1	-1	-1	-1	-1	-1	-1	-1
XMTQxNzQ1MTE4NA==	32	37	40	36	36	37	37	37	37	42	42	38	38	38	38	38	-1	-1	-1	-1	-1	-1	-1	-1	-1	-1	-1	-1	-1	-1
XMTQxODAzMzA4MA==	3	6	-1	-1	-1	-1	-1	-1	-1	-1	-1	-1	-1	-1	-1	-1	-1	-1	-1	-1	-1	-1	-1	-1	-1	-1	-1	-1	-1	-1
XMTQxNjc3NTA4MA==	9	11	20	27	31	41	41	41	44	51	57	59	60	61	61	62	62	67	68	-1	-1	-1	-1	-1	-1	-1	-1	-1	-1	-1
XMTQxNjk2NjcyMA==	10	10	11	11	-1	-1	-1	-1	-1	-1	-1	-1	-1	-1	-1	-1	-1	-1	-1	-1	-1	-1	-1	-1	-1	-1	-1	-1	-1	-1
XMTQxNzQ1NDg2OA==	2	2	2	2	2	2	2	2	2	2	2	2	2	2	2	2	2	2	-1	-1	-1	-1	-1	-1	-1	-1	-1	-1	-1	-1
XMTQxNzQzMTE0OA==	278	386	423	-1	-1	-1	-1	-1	-1	-1	-1	-1	-1	-1	-1	-1	-1	-1	-1	-1	-1	-1	-1	-1	-1	-1	-1	-1	-1	-1
XMTQxNzkzOTU2MA==	4	7	7	5	4	4	5	5	5	5	5	5	5	5	5	5	5	5	5	5	5	5	5	5	5	-1	-1	-1	-1	-1
XMTQxNjk0MjExNg==	54	80	89	90	95	98	105	109	115	116	121	129	-1	-1	-1	-1	-1	-1	-1	-1	-1	-1	-1	-1	-1	-1	-1	-1	-1	-1
XMTQxNzkzNzk3Ng==	2	9	11	9	9	9	9	9	9	9	10	10	10	10	10	11	11	11	11	11	11	11	11	11	11	-1	-1	-1	-1	-1
XMTQxNzQ5NjUyMA==	28	-1	-1	-1	-1	-1	-1	-1	-1	-1	-1	-1	-1	-1	-1	-1	-1	-1	-1	-1	-1	-1	-1	-1	-1	-1	-1	-1	-1	-1
XMTQxODA2MzQ0NA==	33	-1	-1	-1	-1	-1	-1	-1	-1	-1	-1	-1	-1	-1	-1	-1	-1	-1	-1	-1	-1	-1	-1	-1	-1	-1	-1	-1	-1	-1
XMTQxNzI5MzI5Ng==	13	-1	-1	-1	-1	-1	-1	-1	-1	-1	-1	-1	-1	-1	-1	-1	-1	-1	-1	-1	-1	-1	-1	-1	-1	-1	-1	-1	-1	-1
XMTQxNzIzMjgwMA==	8248	12550	14501	15755	16592	17367	18651	19044	20061	20534	20850	21061	21429	21855	22184	22527	22735	-1	-1	-1	-1	-1	-1	-1	-1	-1	-1	-1	-1	-1
XMTQxNjY1MjQ4NA==	137	140	142	142	142	142	142	142	142	142	144	144	144	144	144	-1	-1	-1	-1	-1	-1	-1	-1	-1	-1	-1	-1	-1	-1	-1
XMTQxNjQ1MTcxNg==	115	120	119	120	120	120	121	121	122	122	122	122	122	122	122	-1	-1	-1	-1	-1	-1	-1	-1	-1	-1	-1	-1	-1	-1	-1
XMTQxNzc1NTAzMg==	14	15	16	12	12	12	12	12	12	12	12	12	12	-1	-1	-1	-1	-1	-1	-1	-1	-1	-1	-1	-1	-1	-1	-1	-1	-1
XMTQxNzIwODUyOA==	20	-1	-1	-1	-1	-1	-1	-1	-1	-1	-1	-1	-1	-1	-1	-1	-1	-1	-1	-1	-1	-1	-1	-1	-1	-1	-1	-1	-1	-1
XMTQxNzE1MzAwMA==	5624	-1	-1	-1	-1	-1	-1	-1	-1	-1	-1	-1	-1	-1	-1	-1	-1	-1	-1	-1	-1	-1	-1	-1	-1	-1	-1	-1	-1	-1
XMTQxNzkzNTY1Mg==	3	7	7	8	8	8	8	8	8	8	8	8	8	8	8	8	8	8	8	8	8	8	8	8	8	-1	-1	-1	-1	-1
XMTQxNjk1NTk4NA==	85	93	96	109	115	117	119	120	122	123	125	139	143	143	144	144	-1	-1	-1	-1	-1	-1	-1	-1	-1	-1	-1	-1	-1	-1
XMTQxNzM3MDA0OA==	109	143	148	149	157	162	173	175	177	179	189	191	195	196	199	199	199	201	204	205	205	210	212	-1	-1	-1	-1	-1	-1	-1
XMTQxNjkwMzI1Mg==	222	260	275	286	391	565	755	781	828	877	941	1019	1109	1260	-1	-1	-1	-1	-1	-1	-1	-1	-1	-1	-1	-1	-1	-1	-1	-1
XMTQxNzY5OTA0OA==	265	380	436	429	466	502	551	-1	-1	-1	-1	-1	-1	-1	-1	-1	-1	-1	-1	-1	-1	-1	-1	-1	-1	-1	-1	-1	-1	-1
XMTQxNzM5NTY2OA==	7	10	10	7	7	7	7	7	7	7	7	7	7	7	7	7	7	7	7	7	7	7	7	7	7	7	10	10	-1	-1
XMTQxNjUyOTIyNA==	22	22	22	-1	-1	-1	-1	-1	-1	-1	-1	-1	-1	-1	-1	-1	-1	-1	-1	-1	-1	-1	-1	-1	-1	-1	-1	-1	-1	-1
XMTQxNzY4NTcxNg==	7	-1	-1	-1	-1	-1	-1	-1	-1	-1	-1	-1	-1	-1	-1	-1	-1	-1	-1	-1	-1	-1	-1	-1	-1	-1	-1	-1	-1	-1
XMTQxNzUzNTU0MA==	30	56	61	62	64	64	-1	-1	-1	-1	-1	-1	-1	-1	-1	-1	-1	-1	-1	-1	-1	-1	-1	-1	-1	-1	-1	-1	-1	-1
XMTQxNjY0Mzg0MA==	22	22	33	35	35	35	40	40	40	40	40	40	-1	-1	-1	-1	-1	-1	-1	-1	-1	-1	-1	-1	-1	-1	-1	-1	-1	-1
XMTQxNzE1NTYyMA==	87	122	123	131	-1	-1	-1	-1	-1	-1	-1	-1	-1	-1	-1	-1	-1	-1	-1	-1	-1	-1	-1	-1	-1	-1	-1	-1	-1	-1
XMTQxNzQ5NjM2MA==	138	169	173	187	192	194	-1	-1	-1	-1	-1	-1	-1	-1	-1	-1	-1	-1	-1	-1	-1	-1	-1	-1	-1	-1	-1	-1	-1	-1
XMTQxNzUzOTc4MA==	-1	-1	-1	-1	-1	-1	-1	-1	-1	-1	-1	-1	-1	-1	-1	-1	-1	-1	-1	-1	-1	-1	-1	-1	-1	-1	-1	-1	-1	-1
XMTQxNzM2NTYyMA==	6	-1	-1	-1	-1	-1	-1	-1	-1	-1	-1	-1	-1	-1	-1	-1	-1	-1	-1	-1	-1	-1	-1	-1	-1	-1	-1	-1	-1	-1
XMTQxNzIzNzU5Mg==	1035	1076	1028	1030	1030	1030	1034	1045	1052	1053	1053	1056	1056	1059	1065	1065	1067	1069	1071	1072	1072	1075	1075	1075	1075	1076	1076	1076	1076	-1
XMTQxNjU4NDYzMg==	7	-1	-1	-1	-1	-1	-1	-1	-1	-1	-1	-1	-1	-1	-1	-1	-1	-1	-1	-1	-1	-1	-1	-1	-1	-1	-1	-1	-1	-1
XMTQxNjQ0Njk3Ng==	5	5	5	5	5	5	5	5	5	5	5	5	5	5	5	5	5	5	5	5	5	5	5	5	5	5	5	5	-1	-1
XMTQxNzE1MzA5Mg==	64	75	78	86	90	98	101	104	107	111	111	111	113	113	116	118	-1	-1	-1	-1	-1	-1	-1	-1	-1	-1	-1	-1	-1	-1
XMTQxNjYyNDUxMg==	185	200	214	-1	-1	-1	-1	-1	-1	-1	-1	-1	-1	-1	-1	-1	-1	-1	-1	-1	-1	-1	-1	-1	-1	-1	-1	-1	-1	-1
XMTQxNzExMjAwOA==	26	30	30	37	42	47	55	55	57	-1	-1	-1	-1	-1	-1	-1	-1	-1	-1	-1	-1	-1	-1	-1	-1	-1	-1	-1	-1	-1
XMTQxNzIwMDM3Ng==	36	44	48	49	50	52	53	53	53	55	55	56	59	60	61	63	-1	-1	-1	-1	-1	-1	-1	-1	-1	-1	-1	-1	-1	-1
XMTQxNzI0MzEwMA==	129	138	140	140	141	143	144	144	144	144	144	145	145	145	145	145	145	145	145	145	146	146	146	148	148	-1	-1	-1	-1	-1
XMTQxNjQ4MTI4MA==	65	91	116	116	117	112	112	112	113	113	113	113	113	113	113	113	113	113	113	113	-1	-1	-1	-1	-1	-1	-1	-1	-1	-1
XMTQxNzY0MDg0MA==	11	16	17	15	15	16	16	16	18	18	18	18	19	19	19	19	19	19	21	21	21	24	24	24	24	-1	-1	-1	-1	-1
XMTQxNjk5NTM0OA==	171	180	192	195	197	199	199	199	203	210	220	-1	-1	-1	-1	-1	-1	-1	-1	-1	-1	-1	-1	-1	-1	-1	-1	-1	-1	-1
XMTQxNzE4MTM5Mg==	352	1027	1319	-1	-1	-1	-1	-1	-1	-1	-1	-1	-1	-1	-1	-1	-1	-1	-1	-1	-1	-1	-1	-1	-1	-1	-1	-1	-1	-1
XMTQxNjU2OTU1Ng==	7	-1	-1	-1	-1	-1	-1	-1	-1	-1	-1	-1	-1	-1	-1	-1	-1	-1	-1	-1	-1	-1	-1	-1	-1	-1	-1	-1	-1	-1
XMTQxNzEzMTY3Ng==	96	109	110	111	113	115	121	121	122	122	125	129	129	-1	-1	-1	-1	-1	-1	-1	-1	-1	-1	-1	-1	-1	-1	-1	-1	-1
XMTQxNzExNzgyOA==	29	31	35	34	35	34	35	35	35	35	36	36	39	41	52	60	62	71	80	90	98	104	108	-1	-1	-1	-1	-1	-1	-1
XMTQxNjkxNTMzMg==	57	71	75	71	72	74	75	75	76	77	77	78	78	78	78	79	81	81	81	81	81	81	-1	-1	-1	-1	-1	-1	-1	-1
XMTQxNzIzNTM5Ng==	25	33	41	41	41	-1	-1	-1	-1	-1	-1	-1	-1	-1	-1	-1	-1	-1	-1	-1	-1	-1	-1	-1	-1	-1	-1	-1	-1	-1
XMTQxNjgxNDA5Ng==	10	11	10	9	11	13	16	16	16	19	-1	-1	-1	-1	-1	-1	-1	-1	-1	-1	-1	-1	-1	-1	-1	-1	-1	-1	-1	-1
XMTQxNjM4MDgyNA==	42	51	55	55	55	55	55	55	55	55	55	55	55	55	55	55	55	55	55	55	-1	-1	-1	-1	-1	-1	-1	-1	-1	-1
XMTQxNzM0OTgxNg==	13	16	17	-1	-1	-1	-1	-1	-1	-1	-1	-1	-1	-1	-1	-1	-1	-1	-1	-1	-1	-1	-1	-1	-1	-1	-1	-1	-1	-1
XMTQxNzIxMDQwOA==	20	23	23	22	21	21	22	24	24	24	24	24	24	26	26	26	27	27	26	-1	-1	-1	-1	-1	-1	-1	-1	-1	-1	-1
XMTQxNzMxMjg4MA==	19	21	22	66	-1	-1	-1	-1	-1	-1	-1	-1	-1	-1	-1	-1	-1	-1	-1	-1	-1	-1	-1	-1	-1	-1	-1	-1	-1	-1
XMTQxNzcyODI4NA==	81	153	183	194	193	195	198	198	198	198	199	199	199	199	199	199	199	199	199	199	199	199	199	-1	-1	-1	-1	-1	-1	-1
XMTQxODA3ODIyNA==	8	19	23	23	22	24	24	25	24	24	24	24	27	27	27	-1	-1	-1	-1	-1	-1	-1	-1	-1	-1	-1	-1	-1	-1	-1
XMTQxNjkyMzI0MA==	96	165	207	221	250	299	355	374	410	434	442	454	-1	-1	-1	-1	-1	-1	-1	-1	-1	-1	-1	-1	-1	-1	-1	-1	-1	-1
XMTQxNzkxMTkzMg==	6	17	17	17	-1	-1	-1	-1	-1	-1	-1	-1	-1	-1	-1	-1	-1	-1	-1	-1	-1	-1	-1	-1	-1	-1	-1	-1	-1	-1
XMTQxNjgxNDc5Mg==	181	211	212	203	203	206	207	207	209	209	209	209	209	211	211	211	211	211	212	212	213	213	213	214	214	214	-1	-1	-1	-1
XMTQxNzA1NTI1Ng==	11	11	11	12	12	12	12	12	12	12	-1	-1	-1	-1	-1	-1	-1	-1	-1	-1	-1	-1	-1	-1	-1	-1	-1	-1	-1	-1
XMTQxNjg4MDMwNA==	37	44	45	40	41	43	-1	-1	-1	-1	-1	-1	-1	-1	-1	-1	-1	-1	-1	-1	-1	-1	-1	-1	-1	-1	-1	-1	-1	-1
XMTQxNzAzODM0NA==	6	14	19	19	22	24	25	26	26	26	26	27	27	27	27	27	27	-1	-1	-1	-1	-1	-1	-1	-1	-1	-1	-1	-1	-1
XMTQxNzIyMDg3Mg==	57	60	66	66	65	65	65	66	66	66	65	65	65	65	65	65	65	65	66	66	66	66	-1	-1	-1	-1	-1	-1	-1	-1
XMTQxNzIzMzg0OA==	16	23	24	23	24	26	26	-1	-1	-1	-1	-1	-1	-1	-1	-1	-1	-1	-1	-1	-1	-1	-1	-1	-1	-1	-1	-1	-1	-1
XMTQxNjk2Nzg3Mg==	15	18	18	17	-1	-1	-1	-1	-1	-1	-1	-1	-1	-1	-1	-1	-1	-1	-1	-1	-1	-1	-1	-1	-1	-1	-1	-1	-1	-1
XMTQxODExMjcwNA==	2	-1	-1	-1	-1	-1	-1	-1	-1	-1	-1	-1	-1	-1	-1	-1	-1	-1	-1	-1	-1	-1	-1	-1	-1	-1	-1	-1	-1	-1
XMTQxNjUwODUzNg==	202	249	274	286	291	304	306	322	388	394	392	391	391	391	391	391	391	-1	-1	-1	-1	-1	-1	-1	-1	-1	-1	-1	-1	-1
XMTQxNzg3NzI1Mg==	3	6	7	7	7	6	6	6	6	6	6	6	6	6	6	6	6	-1	-1	-1	-1	-1	-1	-1	-1	-1	-1	-1	-1	-1
XMTQxNzE0NzEwNA==	91	93	-1	-1	-1	-1	-1	-1	-1	-1	-1	-1	-1	-1	-1	-1	-1	-1	-1	-1	-1	-1	-1	-1	-1	-1	-1	-1	-1	-1
XMTQxNzQzNDMzNg==	3	6	6	6	6	-1	-1	-1	-1	-1	-1	-1	-1	-1	-1	-1	-1	-1	-1	-1	-1	-1	-1	-1	-1	-1	-1	-1	-1	-1
XMTQxNzEwMTAwOA==	10	11	11	11	11	12	12	12	12	12	12	-1	-1	-1	-1	-1	-1	-1	-1	-1	-1	-1	-1	-1	-1	-1	-1	-1	-1	-1
XMTQxNzE5Njk0MA==	5	6	-1	-1	-1	-1	-1	-1	-1	-1	-1	-1	-1	-1	-1	-1	-1	-1	-1	-1	-1	-1	-1	-1	-1	-1	-1	-1	-1	-1
XMTQxNzM0MDEzMg==	80	108	115	-1	-1	-1	-1	-1	-1	-1	-1	-1	-1	-1	-1	-1	-1	-1	-1	-1	-1	-1	-1	-1	-1	-1	-1	-1	-1	-1
XMTQxNzkzMzk3Mg==	3	6	6	6	6	6	6	6	6	6	6	6	7	7	7	7	7	7	7	7	7	7	7	7	7	-1	-1	-1	-1	-1
XMTQxNzE0MDQ5Mg==	136	205	242	-1	-1	-1	-1	-1	-1	-1	-1	-1	-1	-1	-1	-1	-1	-1	-1	-1	-1	-1	-1	-1	-1	-1	-1	-1	-1	-1
XMTQxNzEwNzU1Ng==	18	19	22	26	28	33	35	35	34	34	34	-1	-1	-1	-1	-1	-1	-1	-1	-1	-1	-1	-1	-1	-1	-1	-1	-1	-1	-1
XMTQxNzYzNzE2NA==	8	15	15	14	14	14	14	15	15	15	15	15	15	15	15	16	17	17	17	17	17	17	17	17	17	-1	-1	-1	-1	-1
XMTQxNzc3OTI2MA==	4	10	11	-1	-1	-1	-1	-1	-1	-1	-1	-1	-1	-1	-1	-1	-1	-1	-1	-1	-1	-1	-1	-1	-1	-1	-1	-1	-1	-1
XMTQxNzExNDg5Mg==	1272	1488	1572	1610	1609	1628	1740	1750	1787	1805	1818	1826	1837	1861	1892	1923	1934	1940	1952	1964	1977	1980	1994	2004	2017	-1	-1	-1	-1	-1
XMTQxNjYwMDA2OA==	168	176	166	166	171	-1	-1	-1	-1	-1	-1	-1	-1	-1	-1	-1	-1	-1	-1	-1	-1	-1	-1	-1	-1	-1	-1	-1	-1	-1
XMTQxNjY3OTUwMA==	173	221	267	284	300	308	318	323	329	333	338	340	346	357	364	369	372	378	389	393	398	411	418	425	428	429	432	-1	-1	-1
XMTQxNzIwNTg2NA==	19	20	20	20	20	24	24	24	23	23	23	-1	-1	-1	-1	-1	-1	-1	-1	-1	-1	-1	-1	-1	-1	-1	-1	-1	-1	-1
XMTQxNzYzODYwMA==	6	9	9	8	7	7	8	8	8	8	8	8	8	8	9	10	10	10	10	11	22	24	27	27	28	-1	-1	-1	-1	-1
XMTQxNzMzOTE0OA==	14	15	19	-1	-1	-1	-1	-1	-1	-1	-1	-1	-1	-1	-1	-1	-1	-1	-1	-1	-1	-1	-1	-1	-1	-1	-1	-1	-1	-1
XMTQxNzM1MDI2OA==	9	12	12	-1	-1	-1	-1	-1	-1	-1	-1	-1	-1	-1	-1	-1	-1	-1	-1	-1	-1	-1	-1	-1	-1	-1	-1	-1	-1	-1
XMTQxNzA5MDAyMA==	29	41	42	42	43	43	44	44	44	44	44	44	44	44	44	44	44	44	44	44	44	44	44	-1	-1	-1	-1	-1	-1	-1
XMTQxNzA5MDM5Ng==	31	31	33	31	31	-1	-1	-1	-1	-1	-1	-1	-1	-1	-1	-1	-1	-1	-1	-1	-1	-1	-1	-1	-1	-1	-1	-1	-1	-1
XMTQxNzM1MDI2NA==	70	89	90	-1	-1	-1	-1	-1	-1	-1	-1	-1	-1	-1	-1	-1	-1	-1	-1	-1	-1	-1	-1	-1	-1	-1	-1	-1	-1	-1
XMTM5ODIxNjY2OA==	4	5	5	5	5	5	6	6	10	11	11	11	11	11	12	12	12	12	12	12	13	13	13	13	13	-1	-1	-1	-1	-1
XMTQxNzI1NDE5Ng==	227	392	-1	-1	-1	-1	-1	-1	-1	-1	-1	-1	-1	-1	-1	-1	-1	-1	-1	-1	-1	-1	-1	-1	-1	-1	-1	-1	-1	-1
XMTQxNzExNDgwOA==	1556	1703	1726	1743	1754	1772	1845	1856	1893	1896	1903	1907	1911	1927	1938	1950	1955	1963	1969	1971	1974	1976	1978	1979	1984	-1	-1	-1	-1	-1
XMTQxNzczNzk2MA==	9	10	12	10	8	9	10	10	10	10	10	10	10	10	11	11	11	-1	-1	-1	-1	-1	-1	-1	-1	-1	-1	-1	-1	-1
XMTQxNjg3MTI1Ng==	105	116	156	-1	-1	-1	-1	-1	-1	-1	-1	-1	-1	-1	-1	-1	-1	-1	-1	-1	-1	-1	-1	-1	-1	-1	-1	-1	-1	-1
XMTQxNzkyODMyOA==	3	10	11	10	10	10	10	10	10	10	10	10	10	10	10	10	10	10	10	10	10	10	10	10	10	-1	-1	-1	-1	-1
XMTQxNzE0MDMwMA==	14	16	-1	-1	-1	-1	-1	-1	-1	-1	-1	-1	-1	-1	-1	-1	-1	-1	-1	-1	-1	-1	-1	-1	-1	-1	-1	-1	-1	-1
XMTQxNzA5MjIyMA==	15	22	22	24	23	24	25	26	27	27	27	27	28	28	31	31	31	31	31	32	32	-1	-1	-1	-1	-1	-1	-1	-1	-1
XMTQxNzM1NDQ5Mg==	27	-1	-1	-1	-1	-1	-1	-1	-1	-1	-1	-1	-1	-1	-1	-1	-1	-1	-1	-1	-1	-1	-1	-1	-1	-1	-1	-1	-1	-1
XMTQxNzc3NTczNg==	55346	55361	55361	20	-1	-1	-1	-1	-1	-1	-1	-1	-1	-1	-1	-1	-1	-1	-1	-1	-1	-1	-1	-1	-1	-1	-1	-1	-1	-1
XMTQxNzAyMzc4OA==	22	23	24	24	24	24	24	24	24	24	24	24	24	-1	-1	-1	-1	-1	-1	-1	-1	-1	-1	-1	-1	-1	-1	-1	-1	-1
XMTQxNzE5NjkzNg==	9	10	-1	-1	-1	-1	-1	-1	-1	-1	-1	-1	-1	-1	-1	-1	-1	-1	-1	-1	-1	-1	-1	-1	-1	-1	-1	-1	-1	-1
XMTQxNzIwNDM1Mg==	9	13	13	12	11	-1	-1	-1	-1	-1	-1	-1	-1	-1	-1	-1	-1	-1	-1	-1	-1	-1	-1	-1	-1	-1	-1	-1	-1	-1
XMTQxNzk4Nzg4MA==	2	10	10	10	9	-1	-1	-1	-1	-1	-1	-1	-1	-1	-1	-1	-1	-1	-1	-1	-1	-1	-1	-1	-1	-1	-1	-1	-1	-1
XMTQxNzEyNjEyNA==	94	107	114	119	118	118	118	118	118	118	118	118	119	145	147	147	147	147	151	151	152	154	157	158	159	160	-1	-1	-1	-1
XMTQxNjY3NTkxNg==	190	205	-1	-1	-1	-1	-1	-1	-1	-1	-1	-1	-1	-1	-1	-1	-1	-1	-1	-1	-1	-1	-1	-1	-1	-1	-1	-1	-1	-1
XMTQxNzExMDE0MA==	32	39	41	40	41	41	40	40	41	41	41	42	42	43	43	-1	-1	-1	-1	-1	-1	-1	-1	-1	-1	-1	-1	-1	-1	-1
XMTQxNzExNDQ0OA==	622	648	622	624	626	628	631	631	633	633	636	636	638	638	638	640	641	641	641	641	641	641	641	644	644	-1	-1	-1	-1	-1
XMTQxNjY0OTA1Mg==	1347	1935	2163	2649	-1	2762	2791	2822	2855	2876	2902	2929	2953	2989	3019	3045	3049	3065	3092	3111	3128	3167	3193	3206	3214	3225	3233	3248	3261	3279
XMTQxODA4ODUyNA==	2	4	4	7	7	8	12	12	12	12	12	12	12	12	12	12	12	12	12	12	12	12	12	12	12	12	-1	-1	-1	-1
XMTQxNzMwNDQwNA==	95	213	244	255	267	279	323	340	367	-1	-1	-1	-1	-1	-1	-1	-1	-1	-1	-1	-1	-1	-1	-1	-1	-1	-1	-1	-1	-1
XMTQxNjgzNTMzMg==	19652	19763	19829	19979	20315	20614	20896	20988	21276	-1	-1	-1	-1	-1	-1	-1	-1	-1	-1	-1	-1	-1	-1	-1	-1	-1	-1	-1	-1	-1
XMTQxNzkzNTkwMA==	14	25	26	27	27	-1	-1	-1	-1	-1	-1	-1	-1	-1	-1	-1	-1	-1	-1	-1	-1	-1	-1	-1	-1	-1	-1	-1	-1	-1
XMTQxNzE3NjI1Mg==	7	8	-1	-1	-1	-1	-1	-1	-1	-1	-1	-1	-1	-1	-1	-1	-1	-1	-1	-1	-1	-1	-1	-1	-1	-1	-1	-1	-1	-1
XMTQxNzExNDgyNA==	1680	1775	1728	1743	1760	1768	1811	1825	1843	1847	1849	1849	1855	1859	1869	1876	1878	1879	1881	1884	1885	1895	1896	1899	1907	-1	-1	-1	-1	-1
XMTQxNjYxMzUzMg==	34	36	36	35	35	35	35	35	35	35	35	35	35	35	35	35	35	35	35	35	35	35	35	35	35	-1	-1	-1	-1	-1
XMTQxNzkzMDUxMg==	27	63	70	70	69	71	75	79	101	122	125	128	128	130	133	139	141	142	143	144	146	149	151	152	153	-1	-1	-1	-1	-1
XMTQxNzIyMzE2OA==	39	47	50	49	49	48	48	48	48	48	48	48	48	-1	-1	-1	-1	-1	-1	-1	-1	-1	-1	-1	-1	-1	-1	-1	-1	-1
XMTQxNjY2NDY4MA==	8	8	-1	-1	-1	-1	-1	-1	-1	-1	-1	-1	-1	-1	-1	-1	-1	-1	-1	-1	-1	-1	-1	-1	-1	-1	-1	-1	-1	-1
XMTQxNjYyNzk5Ng==	37	37	37	41	40	40	-1	-1	-1	-1	-1	-1	-1	-1	-1	-1	-1	-1	-1	-1	-1	-1	-1	-1	-1	-1	-1	-1	-1	-1
XMTQxNjczMTcyOA==	8	-1	-1	-1	-1	-1	-1	-1	-1	-1	-1	-1	-1	-1	-1	-1	-1	-1	-1	-1	-1	-1	-1	-1	-1	-1	-1	-1	-1	-1
XMTQxNjc0NTk2OA==	63	66	66	66	67	70	73	73	77	78	78	82	84	88	91	92	91	91	93	94	94	94	94	94	94	-1	-1	-1	-1	-1
XMTQxNzM0NjU0NA==	3	3	3	3	3	3	3	3	3	3	3	3	3	3	3	3	3	3	3	3	3	3	-1	-1	-1	-1	-1	-1	-1	-1
XMTQxNzQ2MjUwMA==	50	77	80	90	-1	-1	-1	-1	-1	-1	-1	-1	-1	-1	-1	-1	-1	-1	-1	-1	-1	-1	-1	-1	-1	-1	-1	-1	-1	-1
XMTQxNzczNzIyOA==	100	121	122	122	123	123	123	123	123	-1	-1	-1	-1	-1	-1	-1	-1	-1	-1	-1	-1	-1	-1	-1	-1	-1	-1	-1	-1	-1
XMTQxNzkyODkzMg==	45	93	124	146	169	190	230	244	270	286	299	308	338	355	376	403	421	435	454	468	494	508	527	539	548	-1	-1	-1	-1	-1
XMTQxNjg2OTczNg==	15	16	17	17	16	16	-1	-1	-1	-1	-1	-1	-1	-1	-1	-1	-1	-1	-1	-1	-1	-1	-1	-1	-1	-1	-1	-1	-1	-1
XMTQxNzYzOTE5Mg==	25	44	44	42	40	41	41	41	41	43	49	49	49	51	52	52	53	55	57	57	57	58	58	58	58	-1	-1	-1	-1	-1
XMTQxNzEwNzMyMA==	27	-1	-1	-1	-1	-1	-1	-1	-1	-1	-1	-1	-1	-1	-1	-1	-1	-1	-1	-1	-1	-1	-1	-1	-1	-1	-1	-1	-1	-1
XMTQxNzMzNTIxNg==	14	16	19	-1	-1	-1	-1	-1	-1	-1	-1	-1	-1	-1	-1	-1	-1	-1	-1	-1	-1	-1	-1	-1	-1	-1	-1	-1	-1	-1
XMTQxNjk1MDc4OA==	359	406	424	439	445	450	459	463	466	468	469	473	477	477	478	-1	-1	-1	-1	-1	-1	-1	-1	-1	-1	-1	-1	-1	-1	-1
XMTQxNjgzMjg0MA==	2503	2684	2789	2854	2913	-1	-1	-1	-1	-1	-1	-1	-1	-1	-1	-1	-1	-1	-1	-1	-1	-1	-1	-1	-1	-1	-1	-1	-1	-1
XMTQxNjkwMDEzMg==	140	160	-1	-1	-1	-1	-1	-1	-1	-1	-1	-1	-1	-1	-1	-1	-1	-1	-1	-1	-1	-1	-1	-1	-1	-1	-1	-1	-1	-1
XMTQxNzI0NzgwOA==	38	43	43	43	43	-1	-1	-1	-1	-1	-1	-1	-1	-1	-1	-1	-1	-1	-1	-1	-1	-1	-1	-1	-1	-1	-1	-1	-1	-1
XMTQxNzk0MzU3Ng==	69	126	129	-1	-1	-1	-1	-1	-1	-1	-1	-1	-1	-1	-1	-1	-1	-1	-1	-1	-1	-1	-1	-1	-1	-1	-1	-1	-1	-1
XMTQxNzkzNTMwNA==	4	7	8	6	6	7	7	7	7	7	7	7	7	7	7	7	7	7	7	7	7	7	7	7	7	-1	-1	-1	-1	-1
XMTQxNzMwNzAyOA==	9	12	12	12	12	-1	-1	-1	-1	-1	-1	-1	-1	-1	-1	-1	-1	-1	-1	-1	-1	-1	-1	-1	-1	-1	-1	-1	-1	-1
XMTQxODA3MzYyOA==	1	2	2	2	2	2	2	2	2	-1	-1	-1	-1	-1	-1	-1	-1	-1	-1	-1	-1	-1	-1	-1	-1	-1	-1	-1	-1	-1
XMTQxNzg0NDUxMg==	200	497	511	-1	-1	-1	-1	-1	-1	-1	-1	-1	-1	-1	-1	-1	-1	-1	-1	-1	-1	-1	-1	-1	-1	-1	-1	-1	-1	-1
XMTQxNzgzMjY2NA==	1115	2612	2954	2978	2966	3001	3057	3083	3110	3139	3159	3178	3200	3229	3258	3276	3302	3307	3309	3304	3305	3305	-1	-1	-1	-1	-1	-1	-1	-1
XMTQxNzQ5NTcxMg==	337	438	488	487	520	548	-1	-1	-1	-1	-1	-1	-1	-1	-1	-1	-1	-1	-1	-1	-1	-1	-1	-1	-1	-1	-1	-1	-1	-1
XMTQxNzkzNjU1Ng==	2	7	7	7	6	6	6	6	6	7	7	7	7	7	7	7	7	7	7	7	7	7	7	7	7	-1	-1	-1	-1	-1
XMTQxNzIyMTUwOA==	67	70	68	68	68	68	69	70	72	72	73	73	74	-1	-1	-1	-1	-1	-1	-1	-1	-1	-1	-1	-1	-1	-1	-1	-1	-1
XMTQxNjc4MDUyOA==	17	23	22	23	25	25	27	27	28	28	29	32	32	32	32	36	36	-1	-1	-1	-1	-1	-1	-1	-1	-1	-1	-1	-1	-1
XMTQxNjYwNjkxNg==	9	9	8	7	7	7	7	7	7	7	7	7	7	7	7	7	7	7	7	7	7	7	7	7	7	-1	-1	-1	-1	-1
XMTQxNjYxODI1Mg==	190	276	335	348	358	362	368	370	375	378	379	379	381	381	382	383	-1	-1	-1	-1	-1	-1	-1	-1	-1	-1	-1	-1	-1	-1
XMTQxNjY1OTk0NA==	66	67	69	73	74	79	80	80	81	84	86	86	86	86	86	87	87	87	87	88	-1	-1	-1	-1	-1	-1	-1	-1	-1	-1
XMTQxODAwMjEzNg==	12	62	64	-1	-1	-1	-1	-1	-1	-1	-1	-1	-1	-1	-1	-1	-1	-1	-1	-1	-1	-1	-1	-1	-1	-1	-1	-1	-1	-1
XMTQxNjgyNzE4OA==	10	11	10	10	10	11	11	11	12	12	-1	-1	-1	-1	-1	-1	-1	-1	-1	-1	-1	-1	-1	-1	-1	-1	-1	-1	-1	-1
XMTQxNzQ5MDMwOA==	239	295	328	355	384	399	431	441	460	477	-1	-1	-1	-1	-1	-1	-1	-1	-1	-1	-1	-1	-1	-1	-1	-1	-1	-1	-1	-1
XMTQxNzE0MjI0MA==	30	44	44	42	83	244	281	281	277	-1	-1	-1	-1	-1	-1	-1	-1	-1	-1	-1	-1	-1	-1	-1	-1	-1	-1	-1	-1	-1
XMTQxNzg1MzA5Mg==	15	-1	-1	-1	-1	-1	-1	-1	-1	-1	-1	-1	-1	-1	-1	-1	-1	-1	-1	-1	-1	-1	-1	-1	-1	-1	-1	-1	-1	-1
XMTQxNzA2MDQ2NA==	55	58	57	58	58	58	-1	-1	-1	-1	-1	-1	-1	-1	-1	-1	-1	-1	-1	-1	-1	-1	-1	-1	-1	-1	-1	-1	-1	-1
XMTQxNzE3Mjg0NA==	50	62	87	98	111	115	120	123	129	133	135	135	-1	-1	-1	-1	-1	-1	-1	-1	-1	-1	-1	-1	-1	-1	-1	-1	-1	-1
XMTQxNzUwNjc0NA==	46	56	56	54	54	54	55	55	55	56	56	56	56	56	56	-1	-1	-1	-1	-1	-1	-1	-1	-1	-1	-1	-1	-1	-1	-1
XMTQxNzMxNTAzMg==	11	12	12	12	12	21	25	25	25	25	25	-1	-1	-1	-1	-1	-1	-1	-1	-1	-1	-1	-1	-1	-1	-1	-1	-1	-1	-1
XMTQxNzQzNzQ3Mg==	27	41	42	41	41	41	42	43	48	49	49	49	50	54	57	56	57	58	59	63	63	65	66	66	66	66	-1	-1	-1	-1
XMTQxNzcwNzIyMA==	266	-1	-1	-1	-1	-1	-1	-1	-1	-1	-1	-1	-1	-1	-1	-1	-1	-1	-1	-1	-1	-1	-1	-1	-1	-1	-1	-1	-1	-1
XMTQxNzE2NjI3Mg==	29	-1	-1	-1	-1	-1	-1	-1	-1	-1	-1	-1	-1	-1	-1	-1	-1	-1	-1	-1	-1	-1	-1	-1	-1	-1	-1	-1	-1	-1
XMTQxNzcwMDgzNg==	62	-1	-1	-1	-1	-1	-1	-1	-1	-1	-1	-1	-1	-1	-1	-1	-1	-1	-1	-1	-1	-1	-1	-1	-1	-1	-1	-1	-1	-1
XMTQxNzE1NDg2OA==	12	-1	-1	-1	-1	-1	-1	-1	-1	-1	-1	-1	-1	-1	-1	-1	-1	-1	-1	-1	-1	-1	-1	-1	-1	-1	-1	-1	-1	-1
XMTQxNzkzODUwOA==	4	8	9	9	9	9	13	13	13	13	13	13	13	13	13	13	14	15	15	15	15	15	17	17	17	-1	-1	-1	-1	-1
XMTQxNzI4NDg0MA==	85	94	97	-1	-1	-1	-1	-1	-1	-1	-1	-1	-1	-1	-1	-1	-1	-1	-1	-1	-1	-1	-1	-1	-1	-1	-1	-1	-1	-1
XMTQxNzI0NzI5Ng==	3	4	9	12	12	12	12	12	12	12	12	12	12	12	12	12	12	12	16	16	16	16	16	-1	-1	-1	-1	-1	-1	-1
XMTQxNzY2MjE1Ng==	12	18	18	18	18	18	18	18	18	18	18	18	18	-1	-1	-1	-1	-1	-1	-1	-1	-1	-1	-1	-1	-1	-1	-1	-1	-1
XMTQxNjk5ODA2MA==	159	195	225	241	-1	-1	-1	-1	-1	-1	-1	-1	-1	-1	-1	-1	-1	-1	-1	-1	-1	-1	-1	-1	-1	-1	-1	-1	-1	-1
XMTQxNjc1ODc0NA==	22	23	-1	-1	-1	-1	-1	-1	-1	-1	-1	-1	-1	-1	-1	-1	-1	-1	-1	-1	-1	-1	-1	-1	-1	-1	-1	-1	-1	-1
XMTQxNzg1NDAzNg==	5	8	9	8	8	7	7	7	7	8	8	8	8	8	8	8	8	-1	-1	-1	-1	-1	-1	-1	-1	-1	-1	-1	-1	-1
XMTQxMzI5NTE0NA==	15	18	16	16	15	15	-1	-1	-1	-1	-1	-1	-1	-1	-1	-1	-1	-1	-1	-1	-1	-1	-1	-1	-1	-1	-1	-1	-1	-1
XMTQxNjcxMzc1Mg==	72	78	77	75	81	83	87	87	87	87	87	88	88	88	88	88	89	89	91	92	92	92	93	93	93	93	93	93	93	-1
XMTQxNjk2MTkwOA==	305	462	608	716	779	839	966	1004	1105	1173	1263	1322	-1	-1	-1	-1	-1	-1	-1	-1	-1	-1	-1	-1	-1	-1	-1	-1	-1	-1
XMTQxNjc2MTIwOA==	7	7	6	6	6	6	7	7	7	7	7	7	-1	-1	-1	-1	-1	-1	-1	-1	-1	-1	-1	-1	-1	-1	-1	-1	-1	-1
XMTQxNzkzNzkxMg==	2	7	7	8	8	8	10	12	13	15	15	16	16	16	16	16	16	16	16	16	16	16	16	16	16	-1	-1	-1	-1	-1
XMTQxNzkzNTMxMg==	3	9	10	8	7	9	9	9	9	9	9	9	9	9	9	9	9	9	9	9	9	9	9	9	9	-1	-1	-1	-1	-1
XMTQxNzQzNjYwOA==	26	39	47	45	44	48	56	59	66	68	69	71	72	75	78	81	81	82	83	83	84	87	87	87	88	88	-1	-1	-1	-1
XMTQxNzA4Nzc1Ng==	1683	2272	2432	2479	2513	-1	-1	-1	-1	-1	-1	-1	-1	-1	-1	-1	-1	-1	-1	-1	-1	-1	-1	-1	-1	-1	-1	-1	-1	-1
XMTQxNzMxNjYwMA==	61	66	72	70	73	74	77	77	77	78	-1	-1	-1	-1	-1	-1	-1	-1	-1	-1	-1	-1	-1	-1	-1	-1	-1	-1	-1	-1
XMTQxNzg3OTEwNA==	3	-1	-1	-1	-1	-1	-1	-1	-1	-1	-1	-1	-1	-1	-1	-1	-1	-1	-1	-1	-1	-1	-1	-1	-1	-1	-1	-1	-1	-1
XMTQxNzE2NDM1Mg==	7	8	8	7	7	-1	-1	-1	-1	-1	-1	-1	-1	-1	-1	-1	-1	-1	-1	-1	-1	-1	-1	-1	-1	-1	-1	-1	-1	-1
XMTQxNzg0NTk0OA==	147	358	360	-1	-1	-1	-1	-1	-1	-1	-1	-1	-1	-1	-1	-1	-1	-1	-1	-1	-1	-1	-1	-1	-1	-1	-1	-1	-1	-1
XMTQxNzU2MTYwMA==	12	19	21	21	18	18	19	19	19	19	19	19	19	19	19	19	19	19	20	-1	-1	-1	-1	-1	-1	-1	-1	-1	-1	-1
XMTQxNzY5NzkwOA==	387	536	555	542	534	534	534	534	534	534	534	534	534	534	534	534	534	534	-1	-1	-1	-1	-1	-1	-1	-1	-1	-1	-1	-1
XMTQxNzM1MTE1Mg==	14	20	20	-1	-1	-1	-1	-1	-1	-1	-1	-1	-1	-1	-1	-1	-1	-1	-1	-1	-1	-1	-1	-1	-1	-1	-1	-1	-1	-1
XMTQxNzkxMDY3Mg==	11	21	24	21	22	21	-1	-1	-1	-1	-1	-1	-1	-1	-1	-1	-1	-1	-1	-1	-1	-1	-1	-1	-1	-1	-1	-1	-1	-1
XMTQxNzcxMTA0OA==	78	-1	-1	-1	-1	-1	-1	-1	-1	-1	-1	-1	-1	-1	-1	-1	-1	-1	-1	-1	-1	-1	-1	-1	-1	-1	-1	-1	-1	-1
XMTQxNjYwNDU5Ng==	7	7	6	6	8	8	8	8	8	8	8	8	8	8	8	8	-1	-1	-1	-1	-1	-1	-1	-1	-1	-1	-1	-1	-1	-1
XMTQxNzA4MTE4OA==	9	9	9	-1	-1	-1	-1	-1	-1	-1	-1	-1	-1	-1	-1	-1	-1	-1	-1	-1	-1	-1	-1	-1	-1	-1	-1	-1	-1	-1
XMTQxNzAzODU4MA==	-1	-1	-1	-1	-1	-1	-1	-1	-1	-1	-1	-1	-1	-1	-1	-1	-1	-1	-1	-1	-1	-1	-1	-1	-1	-1	-1	-1	-1	-1
XMTQxNjk5NjY3Ng==	29	32	34	35	35	35	39	39	-1	-1	-1	-1	-1	-1	-1	-1	-1	-1	-1	-1	-1	-1	-1	-1	-1	-1	-1	-1	-1	-1
XMTQxNzA3MTM4NA==	22	24	28	29	29	29	30	30	30	30	31	-1	-1	-1	-1	-1	-1	-1	-1	-1	-1	-1	-1	-1	-1	-1	-1	-1	-1	-1
XMTQxNjExNTYxMg==	241	285	322	-1	-1	-1	-1	-1	-1	-1	-1	-1	-1	-1	-1	-1	-1	-1	-1	-1	-1	-1	-1	-1	-1	-1	-1	-1	-1	-1
XMTQxNzQ5NjA1Mg==	95	105	105	100	99	99	-1	-1	-1	-1	-1	-1	-1	-1	-1	-1	-1	-1	-1	-1	-1	-1	-1	-1	-1	-1	-1	-1	-1	-1
XMTQxNjY2NTc4NA==	114	123	120	123	127	130	136	139	141	145	146	148	148	148	148	149	151	151	152	152	156	158	158	158	-1	-1	-1	-1	-1	-1
XMTQxNzMzOTIxNg==	10	13	14	-1	-1	-1	-1	-1	-1	-1	-1	-1	-1	-1	-1	-1	-1	-1	-1	-1	-1	-1	-1	-1	-1	-1	-1	-1	-1	-1
XMTQxNjY3NTI5Mg==	14	15	15	-1	-1	-1	-1	-1	-1	-1	-1	-1	-1	-1	-1	-1	-1	-1	-1	-1	-1	-1	-1	-1	-1	-1	-1	-1	-1	-1
XMTQxNzcxOTQzMg==	5	7	9	8	11	12	17	19	24	25	25	25	25	26	28	30	31	32	33	33	33	-1	-1	-1	-1	-1	-1	-1	-1	-1
XMTQxNzM4NTk5Mg==	270	408	456	496	530	575	637	668	714	749	798	831	876	942	1015	1102	1155	-1	-1	-1	-1	-1	-1	-1	-1	-1	-1	-1	-1	-1
XMTQxNzMzODYzNg==	14	17	16	-1	-1	-1	-1	-1	-1	-1	-1	-1	-1	-1	-1	-1	-1	-1	-1	-1	-1	-1	-1	-1	-1	-1	-1	-1	-1	-1
XMTQxNzI2NDExMg==	18	27	35	36	-1	-1	-1	-1	-1	-1	-1	-1	-1	-1	-1	-1	-1	-1	-1	-1	-1	-1	-1	-1	-1	-1	-1	-1	-1	-1
XMTQxNzYwMjAwNA==	2159	2719	2747	152	-1	-1	-1	-1	-1	-1	-1	-1	-1	-1	-1	-1	-1	-1	-1	-1	-1	-1	-1	-1	-1	-1	-1	-1	-1	-1
XMTQxNzI0MDg2MA==	115	123	136	141	144	144	-1	-1	-1	-1	-1	-1	-1	-1	-1	-1	-1	-1	-1	-1	-1	-1	-1	-1	-1	-1	-1	-1	-1	-1
XMTQxNjU2NzE0MA==	8	-1	-1	-1	-1	-1	-1	-1	-1	-1	-1	-1	-1	-1	-1	-1	-1	-1	-1	-1	-1	-1	-1	-1	-1	-1	-1	-1	-1	-1
XMTQxNjg0NzUzMg==	19	20	23	-1	-1	-1	-1	-1	-1	-1	-1	-1	-1	-1	-1	-1	-1	-1	-1	-1	-1	-1	-1	-1	-1	-1	-1	-1	-1	-1
XMTQxODA4NDE4OA==	3	8	9	9	8	7	7	7	7	7	7	7	8	11	11	11	11	-1	-1	-1	-1	-1	-1	-1	-1	-1	-1	-1	-1	-1
XMTQxNzA2OTU0OA==	14	-1	-1	-1	-1	-1	-1	-1	-1	-1	-1	-1	-1	-1	-1	-1	-1	-1	-1	-1	-1	-1	-1	-1	-1	-1	-1	-1	-1	-1
XMTQxNzIyMzM3Ng==	190	208	212	170	171	171	171	171	171	177	177	182	182	182	182	182	-1	-1	-1	-1	-1	-1	-1	-1	-1	-1	-1	-1	-1	-1
XMTQxNzg1Mjc5Ng==	5	9	9	9	8	8	8	8	8	8	8	8	8	8	8	8	8	8	8	8	8	8	8	8	8	-1	-1	-1	-1	-1
XMTQxNjY2NjAxMg==	29	30	27	-1	-1	-1	-1	-1	-1	-1	-1	-1	-1	-1	-1	-1	-1	-1	-1	-1	-1	-1	-1	-1	-1	-1	-1	-1	-1	-1
XMTQxNzA1NTIwOA==	921	-1	-1	-1	-1	-1	-1	-1	-1	-1	-1	-1	-1	-1	-1	-1	-1	-1	-1	-1	-1	-1	-1	-1	-1	-1	-1	-1	-1	-1
XMTQxNzg1MzAzMg==	9	-1	-1	-1	-1	-1	-1	-1	-1	-1	-1	-1	-1	-1	-1	-1	-1	-1	-1	-1	-1	-1	-1	-1	-1	-1	-1	-1	-1	-1
XMTQxNzMzODYyOA==	28	39	38	-1	-1	-1	-1	-1	-1	-1	-1	-1	-1	-1	-1	-1	-1	-1	-1	-1	-1	-1	-1	-1	-1	-1	-1	-1	-1	-1
XMTQxNzE0MzA0MA==	19	21	23	23	23	23	23	23	23	24	24	-1	-1	-1	-1	-1	-1	-1	-1	-1	-1	-1	-1	-1	-1	-1	-1	-1	-1	-1
XMTQxNzg0NTA3Ng==	157	532	544	-1	-1	-1	-1	-1	-1	-1	-1	-1	-1	-1	-1	-1	-1	-1	-1	-1	-1	-1	-1	-1	-1	-1	-1	-1	-1	-1
XMTQxNzE4MDUxNg==	90	93	-1	-1	-1	-1	-1	-1	-1	-1	-1	-1	-1	-1	-1	-1	-1	-1	-1	-1	-1	-1	-1	-1	-1	-1	-1	-1	-1	-1
XMTQxNjczMzc2NA==	21	31	-1	-1	-1	-1	-1	-1	-1	-1	-1	-1	-1	-1	-1	-1	-1	-1	-1	-1	-1	-1	-1	-1	-1	-1	-1	-1	-1	-1
XMTQxNzI1NjA1Ng==	2	2	4	5	5	5	5	5	5	-1	-1	-1	-1	-1	-1	-1	-1	-1	-1	-1	-1	-1	-1	-1	-1	-1	-1	-1	-1	-1
XMTQxNjY4NzQ4NA==	77	82	80	81	86	85	92	92	92	93	95	95	-1	-1	-1	-1	-1	-1	-1	-1	-1	-1	-1	-1	-1	-1	-1	-1	-1	-1
XMTQxNzg3OTkwOA==	2	2	2	2	-1	-1	-1	-1	-1	-1	-1	-1	-1	-1	-1	-1	-1	-1	-1	-1	-1	-1	-1	-1	-1	-1	-1	-1	-1	-1
XMTQxNzg5ODUwOA==	2	5	5	11	11	12	10	10	10	10	10	10	10	10	10	10	10	-1	-1	-1	-1	-1	-1	-1	-1	-1	-1	-1	-1	-1
XMTQxNzk1NTkzNg==	28	163	-1	-1	-1	-1	-1	-1	-1	-1	-1	-1	-1	-1	-1	-1	-1	-1	-1	-1	-1	-1	-1	-1	-1	-1	-1	-1	-1	-1
XMTQxNzE5ODUzNg==	275	-1	-1	-1	-1	-1	-1	-1	-1	-1	-1	-1	-1	-1	-1	-1	-1	-1	-1	-1	-1	-1	-1	-1	-1	-1	-1	-1	-1	-1
XMTQxNjkyMDI2NA==	4	4	4	4	4	4	4	4	4	4	4	4	4	4	4	4	4	4	4	4	4	4	4	5	5	-1	-1	-1	-1	-1
XMTQxODAwMzQ1Mg==	2	5	-1	-1	-1	-1	-1	-1	-1	-1	-1	-1	-1	-1	-1	-1	-1	-1	-1	-1	-1	-1	-1	-1	-1	-1	-1	-1	-1	-1
XMTQxNjkyMjQxMg==	250	321	450	637	762	830	885	899	955	1008	1115	1260	1462	1681	1910	2221	2552	2900	3223	3553	3852	4124	4361	4658	4945	-1	-1	-1	-1	-1
XMTQxNjk1NzUwOA==	16	22	25	-1	-1	-1	-1	-1	-1	-1	-1	-1	-1	-1	-1	-1	-1	-1	-1	-1	-1	-1	-1	-1	-1	-1	-1	-1	-1	-1
XMTQxNzM1MTE3Mg==	14	15	16	-1	-1	-1	-1	-1	-1	-1	-1	-1	-1	-1	-1	-1	-1	-1	-1	-1	-1	-1	-1	-1	-1	-1	-1	-1	-1	-1
XMTQxNzc3MDAyOA==	-1	-1	-1	-1	-1	-1	-1	-1	-1	-1	-1	-1	-1	-1	-1	-1	-1	-1	-1	-1	-1	-1	-1	-1	-1	-1	-1	-1	-1	-1
XMTQxNzA5NDM0MA==	629	696	708	721	722	723	725	725	727	729	730	730	-1	-1	-1	-1	-1	-1	-1	-1	-1	-1	-1	-1	-1	-1	-1	-1	-1	-1
XMTQxNjYwOTU2OA==	12	12	12	12	12	12	13	13	13	13	13	13	13	13	13	13	14	14	14	16	17	17	20	20	20	22	22	22	22	-1
XMTQxNzIzNjc2OA==	34	-1	-1	-1	-1	-1	-1	-1	-1	-1	-1	-1	-1	-1	-1	-1	-1	-1	-1	-1	-1	-1	-1	-1	-1	-1	-1	-1	-1	-1
XMTQxODAwNTk2MA==	55739	314268	314753	208852	3049	3095	3238	3268	3312	3333	-1	-1	-1	-1	-1	-1	-1	-1	-1	-1	-1	-1	-1	-1	-1	-1	-1	-1	-1	-1
XMTQxNzc1MjY0MA==	3	4	4	5	-1	-1	-1	-1	-1	-1	-1	-1	-1	-1	-1	-1	-1	-1	-1	-1	-1	-1	-1	-1	-1	-1	-1	-1	-1	-1
XMTQxNzkzNjkxMg==	2	8	9	9	9	9	9	9	9	9	9	9	10	10	10	10	10	10	10	10	10	10	10	10	10	-1	-1	-1	-1	-1
XMTQxNjY1NzkxMg==	293	330	348	336	351	367	369	369	369	-1	-1	-1	-1	-1	-1	-1	-1	-1	-1	-1	-1	-1	-1	-1	-1	-1	-1	-1	-1	-1
XMTQxNzMzODE3Mg==	32	43	46	-1	-1	-1	-1	-1	-1	-1	-1	-1	-1	-1	-1	-1	-1	-1	-1	-1	-1	-1	-1	-1	-1	-1	-1	-1	-1	-1
XMTQxNzkzNjM5Mg==	2	8	9	9	9	9	9	9	9	10	10	10	10	10	10	10	10	10	10	10	10	10	10	10	10	-1	-1	-1	-1	-1
XMTQxNzkyODI3Ng==	2	9	9	9	9	9	9	9	9	9	9	11	12	12	12	12	12	12	14	15	15	17	31	50	60	-1	-1	-1	-1	-1
XMTQxNzc0ODE0NA==	-1	-1	-1	-1	-1	-1	-1	-1	-1	-1	-1	-1	-1	-1	-1	-1	-1	-1	-1	-1	-1	-1	-1	-1	-1	-1	-1	-1	-1	-1
XMTQxNzgzOTU1Mg==	376	466	-1	-1	-1	-1	-1	-1	-1	-1	-1	-1	-1	-1	-1	-1	-1	-1	-1	-1	-1	-1	-1	-1	-1	-1	-1	-1	-1	-1
XMTQxNjMzMDQ4NA==	13	14	11	11	11	11	11	11	11	11	11	11	11	11	11	11	11	11	11	11	11	11	11	11	11	-1	-1	-1	-1	-1
XMTQxNzI5MjU2OA==	15	18	-1	-1	-1	-1	-1	-1	-1	-1	-1	-1	-1	-1	-1	-1	-1	-1	-1	-1	-1	-1	-1	-1	-1	-1	-1	-1	-1	-1
XMTQxODA1MzA4MA==	18	-1	-1	-1	-1	-1	-1	-1	-1	-1	-1	-1	-1	-1	-1	-1	-1	-1	-1	-1	-1	-1	-1	-1	-1	-1	-1	-1	-1	-1
XMTQxNzk3MzQ0NA==	16	-1	-1	-1	-1	-1	-1	-1	-1	-1	-1	-1	-1	-1	-1	-1	-1	-1	-1	-1	-1	-1	-1	-1	-1	-1	-1	-1	-1	-1
XMTQxNzc2NDIwOA==	5	8	-1	-1	-1	-1	-1	-1	-1	-1	-1	-1	-1	-1	-1	-1	-1	-1	-1	-1	-1	-1	-1	-1	-1	-1	-1	-1	-1	-1
XMTQxNzg3MjIzNg==	14	44	-1	-1	-1	-1	-1	-1	-1	-1	-1	-1	-1	-1	-1	-1	-1	-1	-1	-1	-1	-1	-1	-1	-1	-1	-1	-1	-1	-1
XMTQxNjgxMzMzMg==	132	145	154	156	156	156	156	156	156	156	156	156	156	156	156	-1	-1	-1	-1	-1	-1	-1	-1	-1	-1	-1	-1	-1	-1	-1
XMTQxNzYwMjMxNg==	1726	2318	2374	2389	2399	2400	2419	2421	2424	2429	2431	2432	2436	2452	2457	2449	2451	2452	2451	2450	2450	2450	-1	-1	-1	-1	-1	-1	-1	-1
XMTQxNjc1NTYyOA==	-1	-1	-1	-1	-1	-1	-1	-1	-1	-1	-1	-1	-1	-1	-1	-1	-1	-1	-1	-1	-1	-1	-1	-1	-1	-1	-1	-1	-1	-1
XMTQxNzYzNjU1Mg==	14	23	23	25	25	26	28	30	31	31	34	35	35	35	38	38	38	38	38	39	39	39	40	40	40	-1	-1	-1	-1	-1
XMTQxNzIxNTk2OA==	24	43	-1	-1	-1	-1	-1	-1	-1	-1	-1	-1	-1	-1	-1	-1	-1	-1	-1	-1	-1	-1	-1	-1	-1	-1	-1	-1	-1	-1
XMTQxNjgwNDU5Mg==	10	10	10	10	10	10	10	10	10	10	10	10	10	10	10	10	10	10	10	10	10	10	10	10	10	10	-1	-1	-1	-1
XMTQxNzAxOTE3Ng==	36	37	32	32	32	32	32	32	-1	-1	-1	-1	-1	-1	-1	-1	-1	-1	-1	-1	-1	-1	-1	-1	-1	-1	-1	-1	-1	-1
XMTQxNjkxMDQyOA==	11	-1	-1	-1	-1	-1	-1	-1	-1	-1	-1	-1	-1	-1	-1	-1	-1	-1	-1	-1	-1	-1	-1	-1	-1	-1	-1	-1	-1	-1
XMTQxNzYwOTUwMA==	-1	-1	-1	-1	-1	-1	-1	-1	-1	-1	-1	-1	-1	-1	-1	-1	-1	-1	-1	-1	-1	-1	-1	-1	-1	-1	-1	-1	-1	-1
XMTQxNzYzNzcwMA==	10	11	11	11	11	11	12	13	14	14	14	14	14	14	14	14	14	14	14	14	14	14	14	14	14	-1	-1	-1	-1	-1
XMTQxNzA4MDIzNg==	17	27	41	58	58	56	-1	-1	-1	-1	-1	-1	-1	-1	-1	-1	-1	-1	-1	-1	-1	-1	-1	-1	-1	-1	-1	-1	-1	-1
XMTQxNzE3ODgwOA==	3	3	-1	-1	-1	-1	-1	-1	-1	-1	-1	-1	-1	-1	-1	-1	-1	-1	-1	-1	-1	-1	-1	-1	-1	-1	-1	-1	-1	-1
XMTQxNjg3NzU4MA==	23	35	34	34	34	34	34	34	34	34	34	-1	-1	-1	-1	-1	-1	-1	-1	-1	-1	-1	-1	-1	-1	-1	-1	-1	-1	-1
XMTQxNjQzMTU5Ng==	-1	-1	-1	-1	-1	-1	-1	-1	-1	-1	-1	-1	-1	-1	-1	-1	-1	-1	-1	-1	-1	-1	-1	-1	-1	-1	-1	-1	-1	-1
XMTQxNzAwODU1Mg==	59	65	62	63	66	67	66	69	73	74	74	73	73	74	-1	-1	-1	-1	-1	-1	-1	-1	-1	-1	-1	-1	-1	-1	-1	-1
XMTQxNzMzNDkyMA==	13	16	16	-1	-1	-1	-1	-1	-1	-1	-1	-1	-1	-1	-1	-1	-1	-1	-1	-1	-1	-1	-1	-1	-1	-1	-1	-1	-1	-1
XMTQxNzIzMzg2NA==	936	1009	1020	1020	1027	1028	-1	-1	-1	-1	-1	-1	-1	-1	-1	-1	-1	-1	-1	-1	-1	-1	-1	-1	-1	-1	-1	-1	-1	-1
XMTQxNjk4MzI0OA==	12	20	20	22	-1	-1	-1	-1	-1	-1	-1	-1	-1	-1	-1	-1	-1	-1	-1	-1	-1	-1	-1	-1	-1	-1	-1	-1	-1	-1
XMTQxNjY1MjE0OA==	11	-1	-1	-1	-1	-1	-1	-1	-1	-1	-1	-1	-1	-1	-1	-1	-1	-1	-1	-1	-1	-1	-1	-1	-1	-1	-1	-1	-1	-1
XMTQxNzcyMTI5Mg==	67	-1	-1	-1	-1	-1	-1	-1	-1	-1	-1	-1	-1	-1	-1	-1	-1	-1	-1	-1	-1	-1	-1	-1	-1	-1	-1	-1	-1	-1
XMTQxNzEyOTg0NA==	3053	3067	3070	3064	3064	3064	3064	4545	4687	-1	-1	-1	-1	-1	-1	-1	-1	-1	-1	-1	-1	-1	-1	-1	-1	-1	-1	-1	-1	-1
XMTQxNzQzNTE1Ng==	27	38	45	46	50	55	67	67	75	77	78	78	78	82	85	85	85	88	92	94	95	101	104	105	109	111	-1	-1	-1	-1
XMTQxNjc5NjQ2NA==	20	24	23	23	22	22	22	22	22	22	22	22	22	22	22	22	22	22	22	22	22	22	22	22	22	22	-1	-1	-1	-1
XMTQxNzY3MjAzMg==	7	-1	-1	-1	-1	-1	-1	-1	-1	-1	-1	-1	-1	-1	-1	-1	-1	-1	-1	-1	-1	-1	-1	-1	-1	-1	-1	-1	-1	-1
XMTQxNjk1NDU0NA==	147	203	223	228	243	257	282	292	322	335	346	358	-1	-1	-1	-1	-1	-1	-1	-1	-1	-1	-1	-1	-1	-1	-1	-1	-1	-1
XMTQxNzM1MDIzMg==	12	14	14	-1	-1	-1	-1	-1	-1	-1	-1	-1	-1	-1	-1	-1	-1	-1	-1	-1	-1	-1	-1	-1	-1	-1	-1	-1	-1	-1
XMTQxNzQ0MTA3Ng==	169	192	199	-1	-1	-1	-1	-1	-1	-1	-1	-1	-1	-1	-1	-1	-1	-1	-1	-1	-1	-1	-1	-1	-1	-1	-1	-1	-1	-1
XMTQxNzk1NjMxMg==	3	-1	-1	-1	-1	-1	-1	-1	-1	-1	-1	-1	-1	-1	-1	-1	-1	-1	-1	-1	-1	-1	-1	-1	-1	-1	-1	-1	-1	-1
XMTQxNjc0NDA4NA==	9	10	8	7	8	8	8	8	8	8	-1	-1	-1	-1	-1	-1	-1	-1	-1	-1	-1	-1	-1	-1	-1	-1	-1	-1	-1	-1
XMTQxNzIxMzY1Mg==	18	18	18	19	22	22	22	22	25	-1	-1	-1	-1	-1	-1	-1	-1	-1	-1	-1	-1	-1	-1	-1	-1	-1	-1	-1	-1	-1
XMTQxNzIyMzU3Ng==	205	-1	-1	-1	-1	-1	-1	-1	-1	-1	-1	-1	-1	-1	-1	-1	-1	-1	-1	-1	-1	-1	-1	-1	-1	-1	-1	-1	-1	-1
XMTQxNjcyNTIxNg==	8	23	40	40	40	41	-1	-1	-1	-1	-1	-1	-1	-1	-1	-1	-1	-1	-1	-1	-1	-1	-1	-1	-1	-1	-1	-1	-1	-1
XMTQxNzE1MzcxNg==	1562	1681	1904	-1	-1	-1	-1	-1	-1	-1	-1	-1	-1	-1	-1	-1	-1	-1	-1	-1	-1	-1	-1	-1	-1	-1	-1	-1	-1	-1
XMTQxNzMzODU5Ng==	34	36	35	-1	-1	-1	-1	-1	-1	-1	-1	-1	-1	-1	-1	-1	-1	-1	-1	-1	-1	-1	-1	-1	-1	-1	-1	-1	-1	-1
XMTQxNzMzMzc3Mg==	36	44	44	-1	-1	-1	-1	-1	-1	-1	-1	-1	-1	-1	-1	-1	-1	-1	-1	-1	-1	-1	-1	-1	-1	-1	-1	-1	-1	-1
XMTQxNTQ5MzAwNA==	41	-1	-1	-1	-1	-1	-1	-1	-1	-1	-1	-1	-1	-1	-1	-1	-1	-1	-1	-1	-1	-1	-1	-1	-1	-1	-1	-1	-1	-1
XMTQxNzc1MDE5Mg==	23	39	40	-1	-1	-1	-1	-1	-1	-1	-1	-1	-1	-1	-1	-1	-1	-1	-1	-1	-1	-1	-1	-1	-1	-1	-1	-1	-1	-1
XMTQxNzMwNDMyNA==	134	881	1320	1326	1287	1282	1283	1285	1289	1289	1289	1290	1292	1292	1292	1294	1297	1300	1301	-1	-1	-1	-1	-1	-1	-1	-1	-1	-1	-1
XMTQxNzE3NTk3Ng==	36	46	-1	-1	-1	-1	-1	-1	-1	-1	-1	-1	-1	-1	-1	-1	-1	-1	-1	-1	-1	-1	-1	-1	-1	-1	-1	-1	-1	-1
XMTQxNzIwMTEyOA==	7	8	-1	-1	-1	-1	-1	-1	-1	-1	-1	-1	-1	-1	-1	-1	-1	-1	-1	-1	-1	-1	-1	-1	-1	-1	-1	-1	-1	-1
XMTQxNjYyMzc2OA==	110	120	123	122	165	166	166	166	-1	-1	-1	-1	-1	-1	-1	-1	-1	-1	-1	-1	-1	-1	-1	-1	-1	-1	-1	-1	-1	-1
XMTQxNzYzOTY2OA==	8	12	12	11	10	10	10	10	10	10	10	10	10	10	10	10	10	10	10	10	10	10	10	10	10	-1	-1	-1	-1	-1
XMTQxNzY5MDA3Mg==	8	17	-1	-1	-1	-1	-1	-1	-1	-1	-1	-1	-1	-1	-1	-1	-1	-1	-1	-1	-1	-1	-1	-1	-1	-1	-1	-1	-1	-1
XMTQxNzE1MTI2OA==	3822	-1	-1	-1	-1	-1	-1	-1	-1	-1	-1	-1	-1	-1	-1	-1	-1	-1	-1	-1	-1	-1	-1	-1	-1	-1	-1	-1	-1	-1
XMTQxNzIxODEyOA==	173	-1	-1	-1	-1	-1	-1	-1	-1	-1	-1	-1	-1	-1	-1	-1	-1	-1	-1	-1	-1	-1	-1	-1	-1	-1	-1	-1	-1	-1
XMTQxNzI4MjYzMg==	11	11	-1	-1	-1	-1	-1	-1	-1	-1	-1	-1	-1	-1	-1	-1	-1	-1	-1	-1	-1	-1	-1	-1	-1	-1	-1	-1	-1	-1
XMTQxNzkxNjAxNg==	4	-1	-1	-1	-1	-1	-1	-1	-1	-1	-1	-1	-1	-1	-1	-1	-1	-1	-1	-1	-1	-1	-1	-1	-1	-1	-1	-1	-1	-1
XMTQxNzI4NDk1Mg==	3	-1	-1	-1	-1	-1	-1	-1	-1	-1	-1	-1	-1	-1	-1	-1	-1	-1	-1	-1	-1	-1	-1	-1	-1	-1	-1	-1	-1	-1
XMTQxNzMzODY0NA==	15	17	19	-1	-1	-1	-1	-1	-1	-1	-1	-1	-1	-1	-1	-1	-1	-1	-1	-1	-1	-1	-1	-1	-1	-1	-1	-1	-1	-1
XMTQxNzg2Njk1Mg==	1	1	2	2	2	2	-1	-1	-1	-1	-1	-1	-1	-1	-1	-1	-1	-1	-1	-1	-1	-1	-1	-1	-1	-1	-1	-1	-1	-1
XMTQxNjMyMDU5Ng==	90	107	114	119	123	128	129	129	129	131	134	134	-1	-1	-1	-1	-1	-1	-1	-1	-1	-1	-1	-1	-1	-1	-1	-1	-1	-1
XMTQxNzkzMzUyOA==	4	8	8	9	9	9	9	9	9	9	9	9	9	9	9	9	9	9	9	9	9	9	9	9	9	-1	-1	-1	-1	-1
XMTQxNjkxOTk4NA==	8	10	-1	-1	-1	-1	-1	-1	-1	-1	-1	-1	-1	-1	-1	-1	-1	-1	-1	-1	-1	-1	-1	-1	-1	-1	-1	-1	-1	-1
XMTQxNzE0NzEyNA==	17	20	20	20	20	20	20	20	20	20	20	21	21	21	21	21	21	21	21	22	22	22	22	22	-1	-1	-1	-1	-1	-1
XMTQxNjk4NTkxNg==	8	10	12	-1	-1	-1	-1	-1	-1	-1	-1	-1	-1	-1	-1	-1	-1	-1	-1	-1	-1	-1	-1	-1	-1	-1	-1	-1	-1	-1
XMTQxNzE1NjI4NA==	-1	-1	-1	-1	-1	-1	-1	-1	-1	-1	-1	-1	-1	-1	-1	-1	-1	-1	-1	-1	-1	-1	-1	-1	-1	-1	-1	-1	-1	-1
XMTQxNjM5NjExMg==	24	25	27	28	28	28	28	28	28	29	29	29	29	29	29	29	-1	-1	-1	-1	-1	-1	-1	-1	-1	-1	-1	-1	-1	-1
XMTQxNjcyMDQ4NA==	13	23	26	-1	-1	-1	-1	-1	-1	-1	-1	-1	-1	-1	-1	-1	-1	-1	-1	-1	-1	-1	-1	-1	-1	-1	-1	-1	-1	-1
XMTQxNzM0NTI0MA==	12	32	50	50	49	51	55	55	58	60	60	60	60	60	60	60	60	60	63	63	63	63	63	63	63	63	63	63	-1	-1
XMTQxNzYzNDk2OA==	148	443	453	395	-1	-1	-1	-1	-1	-1	-1	-1	-1	-1	-1	-1	-1	-1	-1	-1	-1	-1	-1	-1	-1	-1	-1	-1	-1	-1
XMTQxNzg1MDQxNg==	3	4	4	3	-1	-1	-1	-1	-1	-1	-1	-1	-1	-1	-1	-1	-1	-1	-1	-1	-1	-1	-1	-1	-1	-1	-1	-1	-1	-1
XMTQxNzg1ODU1Ng==	11	11	11	-1	-1	-1	-1	-1	-1	-1	-1	-1	-1	-1	-1	-1	-1	-1	-1	-1	-1	-1	-1	-1	-1	-1	-1	-1	-1	-1
XMTQxNjk5MzM3Mg==	24	33	34	44	60	63	74	77	78	84	92	97	103	107	113	-1	-1	-1	-1	-1	-1	-1	-1	-1	-1	-1	-1	-1	-1	-1
XMTQxNzE2NzQ0NA==	14	14	14	13	13	13	13	13	13	13	13	13	13	13	14	14	14	14	14	14	14	19	21	23	23	23	23	23	-1	-1
XMTQxNzIwODczMg==	50	61	65	69	71	73	73	73	75	75	75	-1	-1	-1	-1	-1	-1	-1	-1	-1	-1	-1	-1	-1	-1	-1	-1	-1	-1	-1
XMTQxNzA3MjM2MA==	62	65	67	-1	-1	-1	-1	-1	-1	-1	-1	-1	-1	-1	-1	-1	-1	-1	-1	-1	-1	-1	-1	-1	-1	-1	-1	-1	-1	-1
XMTQxNjgzODM4OA==	1673	2796	-1	-1	-1	-1	-1	-1	-1	-1	-1	-1	-1	-1	-1	-1	-1	-1	-1	-1	-1	-1	-1	-1	-1	-1	-1	-1	-1	-1
XMTQxNzg3ODA3Ng==	2	2	2	2	-1	-1	-1	-1	-1	-1	-1	-1	-1	-1	-1	-1	-1	-1	-1	-1	-1	-1	-1	-1	-1	-1	-1	-1	-1	-1
XMTQxNzAzMjkwNA==	292	-1	-1	-1	-1	-1	-1	-1	-1	-1	-1	-1	-1	-1	-1	-1	-1	-1	-1	-1	-1	-1	-1	-1	-1	-1	-1	-1	-1	-1
XMTQxNzY4NzI4MA==	3	6	6	6	6	6	6	6	6	6	6	6	6	6	6	6	6	6	6	6	6	6	6	-1	-1	-1	-1	-1	-1	-1
XMTQxNjgzMTU2OA==	41	43	42	42	42	43	43	43	43	43	43	43	43	43	43	43	43	43	44	45	45	45	46	46	46	46	-1	-1	-1	-1
XMTQxNjY1ODUyOA==	20	23	31	32	38	51	53	53	53	-1	-1	-1	-1	-1	-1	-1	-1	-1	-1	-1	-1	-1	-1	-1	-1	-1	-1	-1	-1	-1
XMTQxNzE0Njc3Mg==	82	85	85	-1	-1	-1	-1	-1	-1	-1	-1	-1	-1	-1	-1	-1	-1	-1	-1	-1	-1	-1	-1	-1	-1	-1	-1	-1	-1	-1
XMTQxNzYzOTAxNg==	7	11	12	12	12	14	14	14	15	15	15	15	15	15	15	15	16	16	16	16	16	16	17	17	17	-1	-1	-1	-1	-1
XMTQxNzQ5NTcyNA==	62	81	85	84	86	85	-1	-1	-1	-1	-1	-1	-1	-1	-1	-1	-1	-1	-1	-1	-1	-1	-1	-1	-1	-1	-1	-1	-1	-1
XMTQxNjg1OTA1Ng==	16	-1	-1	-1	-1	-1	-1	-1	-1	-1	-1	-1	-1	-1	-1	-1	-1	-1	-1	-1	-1	-1	-1	-1	-1	-1	-1	-1	-1	-1
XMTQxNjU3NTQwOA==	430	576	597	605	610	613	-1	-1	-1	617	617	617	617	618	622	626	626	627	627	627	627	629	636	636	636	638	641	641	648	648
XMTQxNzUzMzYyOA==	1102	1789	2269	2924	3482	3974	4803	5120	6103	6558	6935	7212	7667	8127	8513	8875	9108	9341	9550	9784	10026	10383	10702	-1	-1	-1	-1	-1	-1	-1
XMTQxNzMwNzUwOA==	249	281	294	303	321	-1	-1	-1	-1	-1	-1	-1	-1	-1	-1	-1	-1	-1	-1	-1	-1	-1	-1	-1	-1	-1	-1	-1	-1	-1
XMTQxNzk5Njg2MA==	1	-1	-1	-1	-1	-1	-1	-1	-1	-1	-1	-1	-1	-1	-1	-1	-1	-1	-1	-1	-1	-1	-1	-1	-1	-1	-1	-1	-1	-1
XMTQxNzgxOTQ4OA==	15	23	29	35	35	36	44	44	46	47	47	47	47	47	48	49	49	51	51	-1	-1	-1	-1	-1	-1	-1	-1	-1	-1	-1
XMTQxNzE0NTQ2OA==	44	46	45	43	43	43	43	43	43	43	43	43	-1	-1	-1	-1	-1	-1	-1	-1	-1	-1	-1	-1	-1	-1	-1	-1	-1	-1
XMTQxNzQ5NjMyNA==	1	1	1	1	1	1	-1	-1	-1	-1	-1	-1	-1	-1	-1	-1	-1	-1	-1	-1	-1	-1	-1	-1	-1	-1	-1	-1	-1	-1
XMTQxNzkxNjU5Mg==	13	30	-1	-1	-1	-1	-1	-1	-1	-1	-1	-1	-1	-1	-1	-1	-1	-1	-1	-1	-1	-1	-1	-1	-1	-1	-1	-1	-1	-1
XMTQxNzk4MDUzNg==	67	174	187	194	208	-1	-1	-1	-1	-1	-1	-1	-1	-1	-1	-1	-1	-1	-1	-1	-1	-1	-1	-1	-1	-1	-1	-1	-1	-1
XMTQxNzE4NzUyMA==	64	80	83	90	91	91	91	91	92	92	93	93	93	-1	-1	-1	-1	-1	-1	-1	-1	-1	-1	-1	-1	-1	-1	-1	-1	-1
XMTQxNzA1NTkzNg==	-1	-1	-1	-1	-1	-1	-1	-1	-1	-1	-1	-1	-1	-1	-1	-1	-1	-1	-1	-1	-1	-1	-1	-1	-1	-1	-1	-1	-1	-1
XMTQxNjYyNDI4MA==	261	276	286	-1	-1	-1	-1	-1	-1	-1	-1	-1	-1	-1	-1	-1	-1	-1	-1	-1	-1	-1	-1	-1	-1	-1	-1	-1	-1	-1
XMTQxNjcxMDYzMg==	129	133	141	153	172	174	175	175	175	177	177	177	177	178	178	179	179	179	180	181	185	186	190	194	195	-1	-1	-1	-1	-1
XMTQxNzUwMTQxMg==	7	-1	-1	-1	-1	-1	-1	-1	-1	-1	-1	-1	-1	-1	-1	-1	-1	-1	-1	-1	-1	-1	-1	-1	-1	-1	-1	-1	-1	-1
XMTQxNzc1MTQxNg==	8	-1	-1	-1	-1	-1	-1	-1	-1	-1	-1	-1	-1	-1	-1	-1	-1	-1	-1	-1	-1	-1	-1	-1	-1	-1	-1	-1	-1	-1
XMTQxNzAyNDk4MA==	2090	2259	-1	-1	-1	-1	-1	-1	-1	-1	-1	-1	-1	-1	-1	-1	-1	-1	-1	-1	-1	-1	-1	-1	-1	-1	-1	-1	-1	-1
XMTQxNzg4MjIyMA==	6	11	11	-1	-1	-1	-1	-1	-1	-1	-1	-1	-1	-1	-1	-1	-1	-1	-1	-1	-1	-1	-1	-1	-1	-1	-1	-1	-1	-1
XMTQxNjc2MTU4MA==	9	10	9	9	9	9	9	9	9	9	9	-1	-1	-1	-1	-1	-1	-1	-1	-1	-1	-1	-1	-1	-1	-1	-1	-1	-1	-1
XMTQxNzkzOTYzMg==	2	4	5	5	5	5	5	5	5	5	5	5	5	5	5	5	5	5	5	5	5	5	5	5	5	-1	-1	-1	-1	-1
XMTQxNzAyMDI5Ng==	4208	6586	8116	9069	9846	10482	10992	11096	11419	11597	11786	11938	12079	12212	12412	12541	12647	12753	-1	-1	-1	-1	-1	12836	12880	12951	13016	13068	13148	13224
XMTQxNjYyOTk2OA==	65	67	69	69	69	69	69	69	69	69	69	69	69	69	69	69	69	69	69	69	-1	-1	-1	-1	-1	-1	-1	-1	-1	-1
XMTQxNzkzODkyOA==	3	4	4	3	3	3	3	3	3	3	3	3	3	3	3	3	3	3	3	3	3	3	3	3	3	-1	-1	-1	-1	-1
XMTQxNjY3NTIyNA==	18	19	16	-1	-1	-1	-1	-1	-1	-1	-1	-1	-1	-1	-1	-1	-1	-1	-1	-1	-1	-1	-1	-1	-1	-1	-1	-1	-1	-1
XMTQxNjkwMzEzMg==	95	134	170	188	212	260	327	332	357	385	397	416	-1	-1	-1	-1	-1	-1	-1	-1	-1	-1	-1	-1	-1	-1	-1	-1	-1	-1
XMTQxNzIzNjAyMA==	140	-1	-1	-1	-1	-1	-1	-1	-1	-1	-1	-1	-1	-1	-1	-1	-1	-1	-1	-1	-1	-1	-1	-1	-1	-1	-1	-1	-1	-1
XMTQxNzA3NTEyOA==	631	779	869	-1	-1	-1	-1	-1	-1	-1	-1	-1	-1	-1	-1	-1	-1	-1	-1	-1	-1	-1	-1	-1	-1	-1	-1	-1	-1	-1
XMTQxNjk3Njk5Mg==	192	203	207	205	206	206	206	207	207	207	207	207	209	209	209	211	211	211	211	211	211	211	-1	-1	-1	-1	-1	-1	-1	-1
XMTQxNzkzMDE4NA==	2	20	24	-1	-1	-1	-1	-1	-1	-1	-1	-1	-1	-1	-1	-1	-1	-1	-1	-1	-1	-1	-1	-1	-1	-1	-1	-1	-1	-1
XMTQxNjg5NDA0NA==	35	-1	-1	-1	-1	-1	-1	-1	-1	-1	-1	-1	-1	-1	-1	-1	-1	-1	-1	-1	-1	-1	-1	-1	-1	-1	-1	-1	-1	-1
XMTQxNzkzNjE0OA==	2	4	4	4	-1	-1	-1	-1	-1	-1	-1	-1	-1	-1	-1	-1	-1	-1	-1	-1	-1	-1	-1	-1	-1	-1	-1	-1	-1	-1
XMTQxNzkwMDQ3Mg==	3	6	-1	-1	-1	-1	-1	-1	-1	-1	-1	-1	-1	-1	-1	-1	-1	-1	-1	-1	-1	-1	-1	-1	-1	-1	-1	-1	-1	-1
XMTQxNjc3ODI3Ng==	5	5	5	5	5	6	7	7	7	7	-1	-1	-1	-1	-1	-1	-1	-1	-1	-1	-1	-1	-1	-1	-1	-1	-1	-1	-1	-1
XMTQxNzAyNDEyOA==	600	-1	-1	-1	-1	-1	-1	-1	-1	-1	-1	-1	-1	-1	-1	-1	-1	-1	-1	-1	-1	-1	-1	-1	-1	-1	-1	-1	-1	-1
XMTQxNzM2NTc0NA==	11	-1	-1	-1	-1	-1	-1	-1	-1	-1	-1	-1	-1	-1	-1	-1	-1	-1	-1	-1	-1	-1	-1	-1	-1	-1	-1	-1	-1	-1
XMTQxNzMxNTM4OA==	25	-1	-1	-1	-1	-1	-1	-1	-1	-1	-1	-1	-1	-1	-1	-1	-1	-1	-1	-1	-1	-1	-1	-1	-1	-1	-1	-1	-1	-1
XMTQxNzMzOTcxMg==	18	27	28	-1	-1	-1	-1	-1	-1	-1	-1	-1	-1	-1	-1	-1	-1	-1	-1	-1	-1	-1	-1	-1	-1	-1	-1	-1	-1	-1
XMTQxNTQyMDk2NA==	-1	-1	-1	-1	-1	-1	-1	-1	-1	-1	-1	-1	-1	-1	-1	-1	-1	-1	-1	-1	-1	-1	-1	-1	-1	-1	-1	-1	-1	-1
XMTQxNzExMTg5Mg==	206	-1	-1	-1	-1	-1	-1	-1	-1	-1	-1	-1	-1	-1	-1	-1	-1	-1	-1	-1	-1	-1	-1	-1	-1	-1	-1	-1	-1	-1
XMTQxNjk5MzU0MA==	20	24	29	30	-1	-1	-1	-1	-1	-1	-1	-1	-1	-1	-1	-1	-1	-1	-1	-1	-1	-1	-1	-1	-1	-1	-1	-1	-1	-1
XMTQxNzA1MjA3Ng==	11	13	13	16	16	16	16	16	16	16	-1	-1	-1	-1	-1	-1	-1	-1	-1	-1	-1	-1	-1	-1	-1	-1	-1	-1	-1	-1
XMTQxNzA1Njk2OA==	24	25	24	24	24	24	24	24	24	24	-1	-1	-1	-1	-1	-1	-1	-1	-1	-1	-1	-1	-1	-1	-1	-1	-1	-1	-1	-1
XMTQxNzkzNDA4MA==	3	7	8	7	7	7	7	7	7	7	7	7	7	7	7	7	7	7	7	7	7	7	7	7	7	-1	-1	-1	-1	-1
XMTQxNzA2MDc0NA==	538	670	703	722	725	743	766	768	774	775	778	783	786	790	793	796	797	797	797	797	797	797	-1	-1	-1	-1	-1	-1	-1	-1
XMTQxNzE1MzEzNg==	76	92	96	104	107	119	127	135	142	146	147	146	150	154	157	160	-1	-1	-1	-1	-1	-1	-1	-1	-1	-1	-1	-1	-1	-1
XMTQxNzc3NjAwNA==	1014738	-1	-1	-1	-1	-1	-1	-1	-1	-1	-1	-1	-1	-1	-1	-1	-1	-1	-1	-1	-1	-1	-1	-1	-1	-1	-1	-1	-1	-1
XMTQxNzgyOTkwOA==	5	8	9	9	9	9	9	9	9	9	9	9	9	9	-1	-1	-1	-1	-1	-1	-1	-1	-1	-1	-1	-1	-1	-1	-1	-1
XMTQxNjgwODc5Mg==	54	66	71	73	77	83	88	88	91	94	96	96	97	-1	-1	-1	-1	-1	-1	-1	-1	-1	-1	-1	-1	-1	-1	-1	-1	-1
XMTQxNzI2NTY5Ng==	90	-1	-1	-1	-1	-1	-1	-1	-1	-1	-1	-1	-1	-1	-1	-1	-1	-1	-1	-1	-1	-1	-1	-1	-1	-1	-1	-1	-1	-1
XMTQxNjgzMzg4OA==	9	9	9	13	14	15	14	15	15	16	-1	-1	-1	-1	-1	-1	-1	-1	-1	-1	-1	-1	-1	-1	-1	-1	-1	-1	-1	-1
XMTQxNzg1NTQ0NA==	6	10	11	11	11	10	10	10	10	10	10	10	10	-1	-1	-1	-1	-1	-1	-1	-1	-1	-1	-1	-1	-1	-1	-1	-1	-1
XMTQxNjEyMzE2MA==	48	55	54	53	55	55	55	58	61	-1	-1	-1	-1	-1	-1	-1	-1	-1	-1	-1	-1	-1	-1	-1	-1	-1	-1	-1	-1	-1
XMTQxNjY4MTIxNg==	25	25	25	25	25	26	26	26	26	27	27	-1	-1	-1	-1	-1	-1	-1	-1	-1	-1	-1	-1	-1	-1	-1	-1	-1	-1	-1
XMTQxNzkxODQxMg==	3	9	10	10	10	-1	-1	-1	-1	-1	-1	-1	-1	-1	-1	-1	-1	-1	-1	-1	-1	-1	-1	-1	-1	-1	-1	-1	-1	-1
XMTQxNzAyNzU4MA==	22	26	32	32	-1	-1	-1	-1	-1	-1	-1	-1	-1	-1	-1	-1	-1	-1	-1	-1	-1	-1	-1	-1	-1	-1	-1	-1	-1	-1
XMTQxNzE2MTA4MA==	30	31	34	33	33	33	33	33	33	33	33	33	33	-1	-1	-1	-1	-1	-1	-1	-1	-1	-1	-1	-1	-1	-1	-1	-1	-1
XMTQxNjY3NTE3Mg==	20	20	17	-1	-1	-1	-1	-1	-1	-1	-1	-1	-1	-1	-1	-1	-1	-1	-1	-1	-1	-1	-1	-1	-1	-1	-1	-1	-1	-1
XMTQxNjk1NTE2OA==	5	5	4	7	7	7	7	7	7	7	7	7	7	7	7	7	-1	-1	-1	-1	-1	-1	-1	-1	-1	-1	-1	-1	-1	-1
XMTQxNzEyNTAyOA==	29	31	31	30	30	30	30	30	30	30	30	30	-1	-1	-1	-1	-1	-1	-1	-1	-1	-1	-1	-1	-1	-1	-1	-1	-1	-1
XMTQxNzc1ODM2OA==	17	-1	-1	-1	-1	-1	-1	-1	-1	-1	-1	-1	-1	-1	-1	-1	-1	-1	-1	-1	-1	-1	-1	-1	-1	-1	-1	-1	-1	-1
XMTQxNzA3MzY4OA==	27	29	29	30	32	33	33	-1	-1	-1	-1	-1	-1	-1	-1	-1	-1	-1	-1	-1	-1	-1	-1	-1	-1	-1	-1	-1	-1	-1
XMTQxNzcxOTg4NA==	379	535	-1	-1	-1	-1	-1	-1	-1	-1	-1	-1	-1	-1	-1	-1	-1	-1	-1	-1	-1	-1	-1	-1	-1	-1	-1	-1	-1	-1
XMTQxNzc1Njc0NA==	5	8	-1	-1	-1	-1	-1	-1	-1	-1	-1	-1	-1	-1	-1	-1	-1	-1	-1	-1	-1	-1	-1	-1	-1	-1	-1	-1	-1	-1
XMTQxNzkzNDcxMg==	2	2	2	2	2	2	2	2	2	2	2	2	2	2	2	2	2	2	2	2	2	2	2	2	2	-1	-1	-1	-1	-1
XMTQxNzE1MzI4MA==	9	11	12	11	-1	-1	-1	-1	-1	-1	-1	-1	-1	-1	-1	-1	-1	-1	-1	-1	-1	-1	-1	-1	-1	-1	-1	-1	-1	-1
XMTQxNzczNzExMg==	17	23	24	24	22	22	23	23	23	24	24	24	-1	-1	-1	-1	-1	-1	-1	-1	-1	-1	-1	-1	-1	-1	-1	-1	-1	-1
XMTQxNjY1NzY0MA==	105	484	572	-1	-1	-1	-1	-1	-1	-1	-1	-1	-1	-1	-1	-1	-1	-1	-1	-1	-1	-1	-1	-1	-1	-1	-1	-1	-1	-1
XMTQxNzUyNDc3Mg==	8	-1	-1	-1	-1	-1	-1	-1	-1	-1	-1	-1	-1	-1	-1	-1	-1	-1	-1	-1	-1	-1	-1	-1	-1	-1	-1	-1	-1	-1
XMTQxNzQ2NDM5Ng==	24	41	60	59	64	77	96	97	97	98	-1	-1	-1	-1	-1	-1	-1	-1	-1	-1	-1	-1	-1	-1	-1	-1	-1	-1	-1	-1
XMTQxNjc1MDA3Ng==	6	6	-1	-1	-1	-1	-1	-1	-1	-1	-1	-1	-1	-1	-1	-1	-1	-1	-1	-1	-1	-1	-1	-1	-1	-1	-1	-1	-1	-1
XMTQxNzc4NjgwMA==	7	7	7	7	7	7	7	7	9	9	9	9	9	9	9	9	9	9	9	9	9	9	-1	-1	-1	-1	-1	-1	-1	-1
XMTQxNzAyMTk5Ng==	1223	1238	1239	1242	1244	1243	1243	1243	1244	1244	1248	1250	1271	1283	1285	1284	1283	1283	1283	1283	1283	1285	1285	1286	-1	-1	-1	-1	-1	-1
XMTQxNzI5NTAwNA==	622	753	-1	-1	-1	-1	-1	-1	-1	-1	-1	-1	-1	-1	-1	-1	-1	-1	-1	-1	-1	-1	-1	-1	-1	-1	-1	-1	-1	-1
XMTQxNzE3ODI1Mg==	9	10	-1	-1	-1	-1	-1	-1	-1	-1	-1	-1	-1	-1	-1	-1	-1	-1	-1	-1	-1	-1	-1	-1	-1	-1	-1	-1	-1	-1
XMTQxNzcxNjk0OA==	1185	-1	-1	-1	-1	-1	-1	-1	-1	-1	-1	-1	-1	-1	-1	-1	-1	-1	-1	-1	-1	-1	-1	-1	-1	-1	-1	-1	-1	-1
XMTQxODA5NDAwOA==	7	-1	-1	-1	-1	-1	-1	-1	-1	-1	-1	-1	-1	-1	-1	-1	-1	-1	-1	-1	-1	-1	-1	-1	-1	-1	-1	-1	-1	-1
XMTQxNzg1MTE1Ng==	7	-1	-1	-1	-1	-1	-1	-1	-1	-1	-1	-1	-1	-1	-1	-1	-1	-1	-1	-1	-1	-1	-1	-1	-1	-1	-1	-1	-1	-1
XMTQxNjY3MjU1Ng==	19	18	20	-1	-1	-1	-1	-1	-1	-1	-1	-1	-1	-1	-1	-1	-1	-1	-1	-1	-1	-1	-1	-1	-1	-1	-1	-1	-1	-1
XMTQxNzkyNzcwNA==	7	15	18	18	19	20	19	19	19	19	21	27	27	27	28	28	29	29	29	-1	-1	-1	-1	-1	-1	-1	-1	-1	-1	-1
XMTQxNjc0MjQ1Ng==	1691	1732	1752	1755	1771	1783	1799	1804	1812	1824	1832	1835	1846	1854	1859	1865	1866	1866	1866	1866	1866	1866	-1	-1	-1	-1	-1	-1	-1	-1
XMTQxODA3MTgyNA==	4	-1	-1	-1	-1	-1	-1	-1	-1	-1	-1	-1	-1	-1	-1	-1	-1	-1	-1	-1	-1	-1	-1	-1	-1	-1	-1	-1	-1	-1
XMTQxNzA2MDM0MA==	249	251	256	254	254	259	-1	-1	-1	-1	-1	-1	-1	-1	-1	-1	-1	-1	-1	-1	-1	-1	-1	-1	-1	-1	-1	-1	-1	-1
XMTQxNzYzODI2NA==	4	7	7	7	6	7	7	7	7	7	7	7	7	7	7	7	7	7	7	7	7	7	7	7	7	-1	-1	-1	-1	-1
XMTQxNzk0NDUxNg==	5	149	152	-1	-1	-1	-1	-1	-1	-1	-1	-1	-1	-1	-1	-1	-1	-1	-1	-1	-1	-1	-1	-1	-1	-1	-1	-1	-1	-1
XMTQxNzI4NzY5Mg==	435	455	-1	-1	-1	-1	-1	-1	-1	-1	-1	-1	-1	-1	-1	-1	-1	-1	-1	-1	-1	-1	-1	-1	-1	-1	-1	-1	-1	-1
XMTQxODA0ODM4NA==	10	-1	-1	-1	-1	-1	-1	-1	-1	-1	-1	-1	-1	-1	-1	-1	-1	-1	-1	-1	-1	-1	-1	-1	-1	-1	-1	-1	-1	-1
XMTQxNzI1MDk1Ng==	333	387	398	403	408	409	414	414	415	418	419	420	420	422	425	428	428	429	429	429	429	429	429	-1	-1	-1	-1	-1	-1	-1
XMTQxNzAwMDMzMg==	261	273	278	278	282	282	286	287	290	291	293	294	294	297	300	308	308	308	308	309	309	309	-1	-1	-1	-1	-1	-1	-1	-1
XMTQxODEyMzIyOA==	3	-1	-1	-1	-1	-1	-1	-1	-1	-1	-1	-1	-1	-1	-1	-1	-1	-1	-1	-1	-1	-1	-1	-1	-1	-1	-1	-1	-1	-1
XMTQxNzI2NzU1Ng==	2	2	-1	-1	-1	-1	-1	-1	-1	-1	-1	-1	-1	-1	-1	-1	-1	-1	-1	-1	-1	-1	-1	-1	-1	-1	-1	-1	-1	-1
XMTQxNjk5MjQ0MA==	145	152	144	141	141	141	143	-1	-1	-1	-1	-1	-1	-1	-1	-1	-1	-1	-1	-1	-1	-1	-1	-1	-1	-1	-1	-1	-1	-1
XMTQxNzg5NjQ2NA==	8	10	11	8	7	7	7	7	7	7	7	7	7	7	-1	-1	-1	-1	-1	-1	-1	-1	-1	-1	-1	-1	-1	-1	-1	-1
XMTQxNzEwMTk4NA==	136	143	140	140	144	148	150	154	155	156	160	162	165	168	-1	-1	-1	-1	-1	-1	-1	-1	-1	-1	-1	-1	-1	-1	-1	-1
XMTQxNzQzNDM1Ng==	16	21	23	21	24	26	26	26	33	34	35	35	35	38	39	42	41	43	45	45	45	44	46	47	47	47	-1	-1	-1	-1
XMTQxNzg3OTI0MA==	8	11	-1	-1	-1	-1	-1	-1	-1	-1	-1	-1	-1	-1	-1	-1	-1	-1	-1	-1	-1	-1	-1	-1	-1	-1	-1	-1	-1	-1
XMTQxNzkwMzYzNg==	16	29	31	32	32	32	33	33	34	35	36	35	37	37	40	40	40	40	40	40	41	43	43	43	43	43	-1	-1	-1	-1
XMTQxNzUzMjQ1Ng==	-1	-1	-1	-1	-1	-1	-1	-1	-1	-1	-1	-1	-1	-1	-1	-1	-1	-1	-1	-1	-1	-1	-1	-1	-1	-1	-1	-1	-1	-1
XMTQxNzQ5NjM0MA==	43	55	57	57	57	57	-1	-1	-1	-1	-1	-1	-1	-1	-1	-1	-1	-1	-1	-1	-1	-1	-1	-1	-1	-1	-1	-1	-1	-1
XMTQxNzU1MjMyNA==	83	116	129	-1	-1	-1	-1	-1	-1	-1	-1	-1	-1	-1	-1	-1	-1	-1	-1	-1	-1	-1	-1	-1	-1	-1	-1	-1	-1	-1
XMTQxNzE3MjU1Ng==	41	-1	-1	-1	-1	-1	-1	-1	-1	-1	-1	-1	-1	-1	-1	-1	-1	-1	-1	-1	-1	-1	-1	-1	-1	-1	-1	-1	-1	-1
XMTQxNzQzMTM0MA==	36	47	-1	-1	-1	-1	-1	-1	-1	-1	-1	-1	-1	-1	-1	-1	-1	-1	-1	-1	-1	-1	-1	-1	-1	-1	-1	-1	-1	-1
XMTQxNzQzNTg2NA==	19	22	22	22	23	24	33	35	46	48	48	48	52	54	58	72	71	72	73	76	76	77	77	78	80	81	-1	-1	-1	-1
XMTQxNzI2MzI5Ng==	236	337	414	487	545	555	-1	-1	-1	-1	-1	-1	-1	-1	-1	-1	-1	-1	-1	-1	-1	-1	-1	-1	-1	-1	-1	-1	-1	-1
XMTQxNzE0NTExMg==	51	120	121	-1	-1	-1	-1	-1	-1	-1	-1	-1	-1	-1	-1	-1	-1	-1	-1	-1	-1	-1	-1	-1	-1	-1	-1	-1	-1	-1
XMTQxNzIwMTQzNg==	35	37	41	44	43	44	44	44	44	44	44	44	-1	-1	-1	-1	-1	-1	-1	-1	-1	-1	-1	-1	-1	-1	-1	-1	-1	-1
XMTQxNzYzODY4OA==	3	3	3	3	3	3	3	3	3	3	3	3	3	3	4	4	4	4	4	4	4	4	4	4	4	-1	-1	-1	-1	-1
XMTQxNzkzMDkxNg==	422381	422486	422486	403489	403487	403487	403487	403487	403487	403487	403487	403487	403487	403488	403489	403489	403489	403489	403489	403489	403489	403489	403489	403490	403491	403491	403491	403491	-1	-1
XMTQxNjg4OTk1Ng==	158	223	311	389	-1	-1	-1	-1	-1	-1	-1	-1	-1	-1	-1	-1	-1	-1	-1	-1	-1	-1	-1	-1	-1	-1	-1	-1	-1	-1
XMTQxNzEyMTEzMg==	12	14	13	14	19	27	27	27	30	30	30	30	30	30	30	31	-1	-1	-1	-1	-1	-1	-1	-1	-1	-1	-1	-1	-1	-1
XMTQxODAzMzE2OA==	10	16	-1	-1	-1	-1	-1	-1	-1	-1	-1	-1	-1	-1	-1	-1	-1	-1	-1	-1	-1	-1	-1	-1	-1	-1	-1	-1	-1	-1
XMTQxNzc0MjY1Mg==	3	3	3	-1	-1	-1	-1	-1	-1	-1	-1	-1	-1	-1	-1	-1	-1	-1	-1	-1	-1	-1	-1	-1	-1	-1	-1	-1	-1	-1
XMTQxNzA0MTIyMA==	116	137	160	176	191	196	208	218	223	224	225	228	230	230	233	235	-1	-1	-1	-1	-1	-1	-1	-1	-1	-1	-1	-1	-1	-1
XMTQxODA0OTc2OA==	1	6	6	6	4	-1	-1	-1	-1	-1	-1	-1	-1	-1	-1	-1	-1	-1	-1	-1	-1	-1	-1	-1	-1	-1	-1	-1	-1	-1
XMTQxNzg1MTQ2MA==	8	-1	-1	-1	-1	-1	-1	-1	-1	-1	-1	-1	-1	-1	-1	-1	-1	-1	-1	-1	-1	-1	-1	-1	-1	-1	-1	-1	-1	-1
XMTQxNzA0NjkyNA==	21	3226	3835	4253	5202	6107	7341	7645	8654	8979	9668	10373	10861	10873	10812	10796	-1	-1	-1	-1	-1	-1	-1	-1	-1	-1	-1	-1	-1	-1
XMTQxNzk0NTQ2MA==	49	107	111	-1	-1	-1	-1	-1	-1	-1	-1	-1	-1	-1	-1	-1	-1	-1	-1	-1	-1	-1	-1	-1	-1	-1	-1	-1	-1	-1
XMTQxNzA3NDkwMA==	37	39	39	39	41	41	42	42	-1	-1	-1	-1	-1	-1	-1	-1	-1	-1	-1	-1	-1	-1	-1	-1	-1	-1	-1	-1	-1	-1
XMTQxODA0ODI5Mg==	5	10	11	11	11	11	11	11	11	11	11	11	11	11	11	11	11	11	11	11	11	11	11	11	11	11	-1	-1	-1	-1
XMTQxNzAyNjc5Mg==	-1	-1	-1	-1	-1	-1	-1	-1	-1	-1	-1	-1	-1	-1	-1	-1	-1	-1	-1	-1	-1	-1	-1	-1	-1	-1	-1	-1	-1	-1
XMTQxNzE3OTIwNA==	9	10	-1	-1	-1	-1	-1	-1	-1	-1	-1	-1	-1	-1	-1	-1	-1	-1	-1	-1	-1	-1	-1	-1	-1	-1	-1	-1	-1	-1
XMTQxNzI5MzA0NA==	15	16	-1	-1	-1	-1	-1	-1	-1	-1	-1	-1	-1	-1	-1	-1	-1	-1	-1	-1	-1	-1	-1	-1	-1	-1	-1	-1	-1	-1
XMTQxNjk2ODM2MA==	15	15	15	15	16	-1	-1	-1	-1	-1	-1	-1	-1	-1	-1	-1	-1	-1	-1	-1	-1	-1	-1	-1	-1	-1	-1	-1	-1	-1
XMTQxNzAyODkxMg==	30	40	-1	-1	-1	-1	-1	-1	-1	-1	-1	-1	-1	-1	-1	-1	-1	-1	-1	-1	-1	-1	-1	-1	-1	-1	-1	-1	-1	-1
XMTQxNzM1MTI2NA==	67	75	82	-1	-1	-1	-1	-1	-1	-1	-1	-1	-1	-1	-1	-1	-1	-1	-1	-1	-1	-1	-1	-1	-1	-1	-1	-1	-1	-1
XMTQxNzU0Mjc4NA==	2168	-1	-1	-1	-1	-1	-1	-1	-1	-1	-1	-1	-1	-1	-1	-1	-1	-1	-1	-1	-1	-1	-1	-1	-1	-1	-1	-1	-1	-1
XMTQxNzkzNDc2NA==	2	10	10	9	8	8	8	8	8	8	8	8	8	8	8	8	8	8	8	8	8	8	8	8	8	-1	-1	-1	-1	-1
XMTQxNjg4NTM2MA==	21	22	23	25	25	25	25	25	25	25	25	25	25	25	25	25	-1	-1	-1	-1	-1	-1	-1	-1	-1	-1	-1	-1	-1	-1
XMTQxNzkzNTE3Ng==	1	2	2	2	2	2	2	2	2	2	2	2	2	2	2	2	2	2	2	2	2	2	2	2	2	-1	-1	-1	-1	-1
XMTQxNzI2MjExNg==	36	41	42	42	44	45	45	45	46	47	48	48	-1	-1	-1	-1	-1	-1	-1	-1	-1	-1	-1	-1	-1	-1	-1	-1	-1	-1
XMTQxNjg2MDg3Mg==	92	107	130	145	-1	-1	-1	-1	-1	-1	-1	-1	-1	-1	-1	-1	-1	-1	-1	-1	-1	-1	-1	-1	-1	-1	-1	-1	-1	-1
XMTQxNzQ5NjA1Ng==	13	22	22	21	20	20	-1	-1	-1	-1	-1	-1	-1	-1	-1	-1	-1	-1	-1	-1	-1	-1	-1	-1	-1	-1	-1	-1	-1	-1
XMTQxNzc1MjY2OA==	72	109	120	122	121	130	137	140	148	150	152	153	155	158	167	177	178	175	176	177	177	182	186	188	188	-1	-1	-1	-1	-1
XMTQxNzkzNDAzNg==	1	1	1	1	1	1	1	1	1	1	1	1	1	1	1	1	1	1	1	1	1	1	1	1	1	-1	-1	-1	-1	-1
XMTQxNzAyNjQwOA==	106	113	112	111	110	110	-1	-1	-1	-1	-1	-1	-1	-1	-1	-1	-1	-1	-1	-1	-1	-1	-1	-1	-1	-1	-1	-1	-1	-1
XMTQxNzg3NjMzNg==	6	30	36	38	38	38	40	41	41	41	43	43	43	43	43	43	44	44	44	45	46	46	-1	-1	-1	-1	-1	-1	-1	-1
XMTQxNjk2NzM3Mg==	2203	2416	-1	-1	-1	-1	-1	-1	-1	-1	-1	-1	-1	-1	-1	-1	-1	-1	-1	-1	-1	-1	-1	-1	-1	-1	-1	-1	-1	-1
XMTQxNzM4OTk1Mg==	15	-1	-1	-1	-1	-1	-1	-1	-1	-1	-1	-1	-1	-1	-1	-1	-1	-1	-1	-1	-1	-1	-1	-1	-1	-1	-1	-1	-1	-1
XMTQxNjU2OTY1Ng==	9	-1	-1	-1	-1	-1	-1	-1	-1	-1	-1	-1	-1	-1	-1	-1	-1	-1	-1	-1	-1	-1	-1	-1	-1	-1	-1	-1	-1	-1
XMTQxNzkyODM3Mg==	3	8	8	9	9	9	9	9	9	9	9	9	9	9	9	9	9	9	9	9	9	9	9	10	10	-1	-1	-1	-1	-1
XMTQxNzM5NDE3Ng==	9	-1	-1	-1	-1	-1	-1	-1	-1	-1	-1	-1	-1	-1	-1	-1	-1	-1	-1	-1	-1	-1	-1	-1	-1	-1	-1	-1	-1	-1
XMTQxNzMwODI2OA==	281	454	566	590	665	825	1313	1619	2332	-1	-1	-1	-1	-1	-1	-1	-1	-1	-1	-1	-1	-1	-1	-1	-1	-1	-1	-1	-1	-1
XMTQxNzY5MzkxMg==	500	1173	-1	-1	-1	-1	-1	-1	-1	-1	-1	-1	-1	-1	-1	-1	-1	-1	-1	-1	-1	-1	-1	-1	-1	-1	-1	-1	-1	-1
XMTQwNTA4MjU2NA==	12	19	21	22	22	24	30	31	34	34	35	36	37	38	38	38	38	40	40	41	43	45	47	49	49	50	50	-1	-1	-1
XMTQxODA3NzYxMg==	1	-1	-1	-1	-1	-1	-1	-1	-1	-1	-1	-1	-1	-1	-1	-1	-1	-1	-1	-1	-1	-1	-1	-1	-1	-1	-1	-1	-1	-1
XMTQxNzA5MjkzMg==	39	49	-1	-1	-1	-1	-1	-1	-1	-1	-1	-1	-1	-1	-1	-1	-1	-1	-1	-1	-1	-1	-1	-1	-1	-1	-1	-1	-1	-1
XMTQxNjc1NjMyNA==	13	14	13	13	14	14	15	15	-1	-1	-1	-1	-1	-1	-1	-1	-1	-1	-1	-1	-1	-1	-1	-1	-1	-1	-1	-1	-1	-1
XMTQxODAzMDg2NA==	16	-1	-1	-1	-1	-1	-1	-1	-1	-1	-1	-1	-1	-1	-1	-1	-1	-1	-1	-1	-1	-1	-1	-1	-1	-1	-1	-1	-1	-1
XMTQxNzA0MjQzNg==	260	-1	-1	-1	-1	-1	-1	-1	-1	-1	-1	-1	-1	-1	-1	-1	-1	-1	-1	-1	-1	-1	-1	-1	-1	-1	-1	-1	-1	-1
XMTQxNzI4MjUwOA==	27	34	34	34	-1	-1	-1	-1	-1	-1	-1	-1	-1	-1	-1	-1	-1	-1	-1	-1	-1	-1	-1	-1	-1	-1	-1	-1	-1	-1
XMTQxNjc3Mzg0OA==	125	141	-1	-1	-1	-1	-1	-1	-1	-1	-1	-1	-1	-1	-1	-1	-1	-1	-1	-1	-1	-1	-1	-1	-1	-1	-1	-1	-1	-1
XMTQxNzk2ODY0NA==	526098	526275	526276	502959	502936	502937	502937	502937	502938	502938	502938	502938	502938	502938	502938	502938	502938	502938	502938	502938	502938	502938	502938	502938	502938	502938	502938	502938	-1	-1
XMTQxNzYzOTQ4NA==	5	9	9	10	10	10	10	10	10	10	10	10	10	10	10	10	10	10	10	10	10	10	10	10	10	-1	-1	-1	-1	-1
XMTQxNzU2MTQxNg==	6	-1	-1	-1	-1	-1	-1	-1	-1	-1	-1	-1	-1	-1	-1	-1	-1	-1	-1	-1	-1	-1	-1	-1	-1	-1	-1	-1	-1	-1
XMTQxNzI2OTExNg==	30	-1	-1	-1	-1	-1	-1	-1	-1	-1	-1	-1	-1	-1	-1	-1	-1	-1	-1	-1	-1	-1	-1	-1	-1	-1	-1	-1	-1	-1
XMTQxNzMzODE2NA==	23	31	31	-1	-1	-1	-1	-1	-1	-1	-1	-1	-1	-1	-1	-1	-1	-1	-1	-1	-1	-1	-1	-1	-1	-1	-1	-1	-1	-1
XMTQxNjc5MzE3Mg==	23	24	21	21	21	21	21	21	21	21	21	21	21	21	21	22	-1	-1	-1	-1	-1	-1	-1	-1	-1	-1	-1	-1	-1	-1
XMTQxNzk1MDMwMA==	1565	2991	3812	4364	5062	-1	-1	-1	-1	-1	-1	-1	-1	-1	-1	-1	-1	-1	-1	-1	-1	-1	-1	-1	-1	-1	-1	-1	-1	-1
XMTQxNzkyMTUxNg==	115	239	268	308	324	330	-1	-1	-1	-1	-1	-1	-1	-1	-1	-1	-1	-1	-1	-1	-1	-1	-1	-1	-1	-1	-1	-1	-1	-1
XMTQxNzM3MDc1Ng==	14	15	14	13	14	14	14	14	15	15	15	15	15	16	16	16	16	16	16	16	16	16	16	16	-1	-1	-1	-1	-1	-1
XMTQxNjQ4ODYzMg==	10	11	11	11	-1	-1	-1	-1	-1	-1	-1	-1	-1	-1	-1	-1	-1	-1	-1	-1	-1	-1	-1	-1	-1	-1	-1	-1	-1	-1
XMTQxNzMzOTgwOA==	44	62	62	-1	-1	-1	-1	-1	-1	-1	-1	-1	-1	-1	-1	-1	-1	-1	-1	-1	-1	-1	-1	-1	-1	-1	-1	-1	-1	-1
XMTQxNzkzMDM0MA==	16	33	48	59	69	87	107	115	121	132	151	162	170	176	183	197	209	232	244	261	272	287	310	318	331	-1	-1	-1	-1	-1
XMTQxNjgyMTM0NA==	59	70	69	64	65	66	68	69	69	69	70	72	72	72	72	72	73	73	73	75	75	75	75	75	75	75	-1	-1	-1	-1
XMTQxNzc2Mzg0MA==	3	4	4	4	4	4	-1	-1	-1	-1	-1	-1	-1	-1	-1	-1	-1	-1	-1	-1	-1	-1	-1	-1	-1	-1	-1	-1	-1	-1
XMTQxNzU3OTU0MA==	5	9	-1	-1	-1	-1	-1	-1	-1	-1	-1	-1	-1	-1	-1	-1	-1	-1	-1	-1	-1	-1	-1	-1	-1	-1	-1	-1	-1	-1
XMTQxNjYzNDA5Mg==	3	3	-1	-1	-1	-1	-1	-1	-1	-1	-1	-1	-1	-1	-1	-1	-1	-1	-1	-1	-1	-1	-1	-1	-1	-1	-1	-1	-1	-1
XMTQxNzkzMzEzMg==	5	12	15	15	14	15	15	15	16	16	19	19	19	20	20	20	21	21	21	21	21	21	21	22	22	-1	-1	-1	-1	-1
XMTQxNzY1MzczMg==	25	30	32	33	32	32	-1	-1	-1	-1	-1	-1	-1	-1	-1	-1	-1	-1	-1	-1	-1	-1	-1	-1	-1	-1	-1	-1	-1	-1
XMTQxNzIyMjkzMg==	274	337	365	380	391	401	404	406	408	412	414	414	414	417	417	421	423	423	423	423	424	429	430	-1	-1	-1	-1	-1	-1	-1
XMTQxNzI3OTQxMg==	54	-1	-1	-1	-1	-1	-1	-1	-1	-1	-1	-1	-1	-1	-1	-1	-1	-1	-1	-1	-1	-1	-1	-1	-1	-1	-1	-1	-1	-1
XMTQxNzE4OTM4MA==	40	-1	-1	-1	-1	-1	-1	-1	-1	-1	-1	-1	-1	-1	-1	-1	-1	-1	-1	-1	-1	-1	-1	-1	-1	-1	-1	-1	-1	-1
XMTQxNjYyMzYzNg==	42	44	44	44	44	44	44	44	44	44	44	44	44	44	44	44	44	44	44	44	44	44	44	44	44	-1	-1	-1	-1	-1
XMTQxNjY1Nzc5Mg==	55	61	74	75	90	103	105	105	105	-1	-1	-1	-1	-1	-1	-1	-1	-1	-1	-1	-1	-1	-1	-1	-1	-1	-1	-1	-1	-1
XMTQxNzEwMjM4NA==	12	14	13	13	14	18	18	18	18	18	18	-1	-1	-1	-1	-1	-1	-1	-1	-1	-1	-1	-1	-1	-1	-1	-1	-1	-1	-1
XMTQxNjg1ODU3Ng==	7	8	8	7	6	6	6	6	6	6	-1	-1	-1	-1	-1	-1	-1	-1	-1	-1	-1	-1	-1	-1	-1	-1	-1	-1	-1	-1
XMTQxNzkzOTIwMA==	2	5	6	5	5	5	5	5	5	5	5	5	5	5	5	5	5	5	5	5	5	5	5	5	5	-1	-1	-1	-1	-1
XMTQxNzE0MTA1Mg==	223	283	297	297	316	326	338	341	354	357	358	359	-1	-1	-1	-1	-1	-1	-1	-1	-1	-1	-1	-1	-1	-1	-1	-1	-1	-1
XMTQxNzM1MTE4OA==	19	27	31	-1	-1	-1	-1	-1	-1	-1	-1	-1	-1	-1	-1	-1	-1	-1	-1	-1	-1	-1	-1	-1	-1	-1	-1	-1	-1	-1
XMTQxNjY3MDI5Mg==	293	329	346	359	376	384	390	394	402	404	408	410	410	410	411	411	410	411	411	411	411	411	411	412	412	412	412	412	412	-1
XMTQxNzkzMzA1Mg==	1	-1	-1	-1	-1	-1	-1	-1	-1	-1	-1	-1	-1	-1	-1	-1	-1	-1	-1	-1	-1	-1	-1	-1	-1	-1	-1	-1	-1	-1
XMTQxNzExMjE3Ng==	99	100	94	87	87	87	87	87	87	93	93	93	-1	-1	-1	-1	-1	-1	-1	-1	-1	-1	-1	-1	-1	-1	-1	-1	-1	-1
XMTQxNzE2NzMzMg==	201	373	-1	-1	-1	-1	-1	-1	-1	-1	-1	-1	-1	-1	-1	-1	-1	-1	-1	-1	-1	-1	-1	-1	-1	-1	-1	-1	-1	-1
XMTQxNzkzNzgwOA==	2	11	11	11	10	10	10	10	13	14	14	14	14	14	14	14	14	14	14	14	14	14	14	14	14	-1	-1	-1	-1	-1
XMTQxNzE1MTI4NA==	33	-1	-1	-1	-1	-1	-1	-1	-1	-1	-1	-1	-1	-1	-1	-1	-1	-1	-1	-1	-1	-1	-1	-1	-1	-1	-1	-1	-1	-1
XMTQxNzQ0MTE4NA==	16	24	25	24	24	24	25	25	25	25	25	25	25	25	25	-1	-1	-1	-1	-1	-1	-1	-1	-1	-1	-1	-1	-1	-1	-1
XMTQxNzE0NDc3Ng==	81	96	109	121	127	129	133	137	139	140	141	142	-1	-1	-1	-1	-1	-1	-1	-1	-1	-1	-1	-1	-1	-1	-1	-1	-1	-1
XMTQxNzM5Mzg0OA==	11	12	11	11	12	12	12	12	12	12	12	12	12	13	13	13	13	13	13	13	13	13	13	13	-1	-1	-1	-1	-1	-1
XMTQxNzE1MjUzMg==	5773	6330	6510	6602	6652	-1	-1	-1	-1	-1	-1	-1	-1	-1	-1	-1	-1	-1	-1	-1	-1	-1	-1	-1	-1	-1	-1	-1	-1	-1
XMTQxNjc1MTM0MA==	208	216	224	230	-1	-1	-1	-1	-1	-1	-1	-1	-1	-1	-1	-1	-1	-1	-1	-1	-1	-1	-1	-1	-1	-1	-1	-1	-1	-1
XMTQxNzI1Njk1Ng==	-1	-1	-1	-1	-1	-1	-1	-1	-1	-1	-1	-1	-1	-1	-1	-1	-1	-1	-1	-1	-1	-1	-1	-1	-1	-1	-1	-1	-1	-1
XMTQxNzQ0ODk0NA==	9	10	12	11	11	11	12	12	12	12	12	12	12	12	12	-1	-1	-1	-1	-1	-1	-1	-1	-1	-1	-1	-1	-1	-1	-1
XMTQxNzgyNDc3Ng==	1114	1215	1227	1146	1151	1161	1166	1168	1172	1174	-1	-1	-1	-1	-1	-1	-1	-1	-1	-1	-1	-1	-1	-1	-1	-1	-1	-1	-1	-1
XMTQxNzU4NzQ3Ng==	13	16	22	21	20	20	20	20	20	20	20	20	20	20	20	20	20	22	22	22	22	22	-1	-1	-1	-1	-1	-1	-1	-1
XMTQxNzkzNzE0NA==	3	8	9	8	8	8	8	8	8	8	8	8	8	8	8	8	8	8	8	8	9	9	9	9	9	-1	-1	-1	-1	-1
XMTQxNjk5Nzc2NA==	-1	-1	-1	-1	-1	-1	-1	-1	-1	-1	-1	-1	-1	-1	-1	-1	-1	-1	-1	-1	-1	-1	-1	-1	-1	-1	-1	-1	-1	-1
XMTQxNzIyNTI5Mg==	247	318	345	355	358	-1	-1	-1	-1	-1	-1	-1	-1	-1	-1	-1	-1	-1	-1	-1	-1	-1	-1	-1	-1	-1	-1	-1	-1	-1
XMTQxNzM1NjI1Ng==	168	243	270	284	294	299	300	300	304	304	306	306	306	306	307	310	311	-1	-1	-1	-1	-1	-1	-1	-1	-1	-1	-1	-1	-1
XMTQxNzU1NjkyMA==	505	812	4096	7038	8048	8462	-1	-1	-1	-1	-1	-1	-1	-1	-1	-1	-1	-1	-1	-1	-1	-1	-1	-1	-1	-1	-1	-1	-1	-1
XMTQxNzcyOTQyMA==	6	-1	-1	-1	-1	-1	-1	-1	-1	-1	-1	-1	-1	-1	-1	-1	-1	-1	-1	-1	-1	-1	-1	-1	-1	-1	-1	-1	-1	-1
XMTQxNzkzMDI0OA==	15	42	46	50	51	52	55	56	56	58	59	61	61	61	63	63	63	63	63	63	63	64	66	67	67	-1	-1	-1	-1	-1
XMTQxNjk1OTYyOA==	492	709	820	921	1066	1207	1479	1563	1768	1949	2102	2187	2297	2524	-1	-1	-1	-1	-1	-1	-1	-1	-1	-1	-1	-1	-1	-1	-1	-1
XMTQxNzc2NjczMg==	9	11	12	11	13	13	13	-1	-1	-1	-1	-1	-1	-1	-1	-1	-1	-1	-1	-1	-1	-1	-1	-1	-1	-1	-1	-1	-1	-1
XMTQxNjk4NDUxNg==	26	35	37	36	-1	-1	-1	-1	-1	-1	-1	-1	-1	-1	-1	-1	-1	-1	-1	-1	-1	-1	-1	-1	-1	-1	-1	-1	-1	-1
XMTQxNjY5MzM2NA==	75	79	-1	-1	-1	-1	-1	-1	-1	-1	-1	-1	-1	-1	-1	-1	-1	-1	-1	-1	-1	-1	-1	-1	-1	-1	-1	-1	-1	-1
XMTQxNzQ5NjI2MA==	35	46	48	46	46	46	-1	-1	-1	-1	-1	-1	-1	-1	-1	-1	-1	-1	-1	-1	-1	-1	-1	-1	-1	-1	-1	-1	-1	-1
XMTQxNjczNzI3Ng==	12	14	11	11	12	12	13	14	14	15	15	15	-1	-1	-1	-1	-1	-1	-1	-1	-1	-1	-1	-1	-1	-1	-1	-1	-1	-1
XMTQxNzcxOTY2OA==	155	-1	-1	-1	-1	-1	-1	-1	-1	-1	-1	-1	-1	-1	-1	-1	-1	-1	-1	-1	-1	-1	-1	-1	-1	-1	-1	-1	-1	-1
XMTQxNzgyNDc3Mg==	2086	2294	2315	2172	2167	2177	2189	2193	2197	2203	-1	-1	-1	-1	-1	-1	-1	-1	-1	-1	-1	-1	-1	-1	-1	-1	-1	-1	-1	-1
XMTQxNzExMjI3Ng==	26	32	33	34	34	34	36	36	-1	-1	-1	-1	-1	-1	-1	-1	-1	-1	-1	-1	-1	-1	-1	-1	-1	-1	-1	-1	-1	-1
XMTQxNjcxNDY1Ng==	22	28	-1	-1	-1	-1	-1	-1	-1	-1	-1	-1	-1	-1	-1	-1	-1	-1	-1	-1	-1	-1	-1	-1	-1	-1	-1	-1	-1	-1
XMTQxNzc4NTA3Ng==	5	6	7	8	8	8	8	8	8	8	8	8	8	8	8	8	8	-1	-1	-1	-1	-1	-1	-1	-1	-1	-1	-1	-1	-1
XMTQxNjc2ODA2MA==	16	23	27	28	28	28	29	29	32	33	34	34	34	34	34	35	-1	-1	-1	-1	-1	-1	-1	-1	-1	-1	-1	-1	-1	-1
XMTQxNzM1MDMxMg==	8	12	13	-1	-1	-1	-1	-1	-1	-1	-1	-1	-1	-1	-1	-1	-1	-1	-1	-1	-1	-1	-1	-1	-1	-1	-1	-1	-1	-1
XMTQxNzkzODU3Mg==	3	12	13	13	13	14	15	15	15	15	16	16	17	17	17	17	17	17	17	17	17	18	18	17	17	-1	-1	-1	-1	-1
XMTQxNjczMzM5Mg==	182	224	-1	-1	-1	-1	-1	-1	-1	-1	-1	-1	-1	-1	-1	-1	-1	-1	-1	-1	-1	-1	-1	-1	-1	-1	-1	-1	-1	-1
XMTQxNjU4ODc1Mg==	7	9	-1	-1	-1	-1	-1	-1	-1	-1	-1	-1	-1	-1	-1	-1	-1	-1	-1	-1	-1	-1	-1	-1	-1	-1	-1	-1	-1	-1
XMTQxNzQ5NjA3Ng==	18	24	24	22	22	22	-1	-1	-1	-1	-1	-1	-1	-1	-1	-1	-1	-1	-1	-1	-1	-1	-1	-1	-1	-1	-1	-1	-1	-1
XMTQxNzUzNTA4NA==	40	51	53	47	48	50	54	59	60	62	63	64	64	65	65	65	65	65	65	66	66	70	78	83	86	91	92	102	-1	-1
XMTQxNzYxOTMzMg==	6	8	8	8	8	8	8	8	8	8	8	8	8	8	8	8	8	-1	-1	-1	-1	-1	-1	-1	-1	-1	-1	-1	-1	-1
XMTQxNjk3NDgzNg==	86	89	96	99	111	117	116	116	117	120	121	122	122	123	124	126	126	126	-1	-1	-1	-1	-1	-1	-1	-1	-1	-1	-1	-1
XMTQxNzI3MjEwMA==	144	278	387	390	386	391	393	395	406	407	407	410	413	414	415	419	419	419	421	-1	-1	-1	-1	-1	-1	-1	-1	-1	-1	-1
XMTQxNzA0MzQ4MA==	266	273	248	249	249	250	246	249	248	248	246	246	-1	-1	-1	-1	-1	-1	-1	-1	-1	-1	-1	-1	-1	-1	-1	-1	-1	-1
XMTQxNjk0NzQ4NA==	27	45	54	59	70	79	90	92	100	103	104	106	-1	-1	-1	-1	-1	-1	-1	-1	-1	-1	-1	-1	-1	-1	-1	-1	-1	-1
XMTQxNzIwMDgxNg==	11	12	11	9	9	10	11	11	11	11	11	-1	-1	-1	-1	-1	-1	-1	-1	-1	-1	-1	-1	-1	-1	-1	-1	-1	-1	-1
XMTQxNzkzNjAyNA==	5	10	10	8	7	7	7	7	7	7	7	7	7	7	7	7	7	7	7	7	7	7	9	9	9	-1	-1	-1	-1	-1
XMTQxNzkwNzgxMg==	3	6	6	5	5	-1	-1	-1	-1	-1	-1	-1	-1	-1	-1	-1	-1	-1	-1	-1	-1	-1	-1	-1	-1	-1	-1	-1	-1	-1
XMTQxNjgzOTM4NA==	14	20	23	23	26	26	25	25	25	25	25	25	26	27	27	27	27	27	-1	-1	-1	-1	-1	-1	-1	-1	-1	-1	-1	-1
XMTQxNjk4NDQ1Ng==	130	131	107	106	106	106	106	106	106	106	106	106	106	106	106	106	106	106	-1	-1	-1	-1	-1	-1	-1	-1	-1	-1	-1	-1
XMTQxNzAzMTY2MA==	276	638	752	-1	-1	-1	-1	-1	-1	-1	-1	-1	-1	-1	-1	-1	-1	-1	-1	-1	-1	-1	-1	-1	-1	-1	-1	-1	-1	-1
XMTQxNzYwODYxNg==	12	13	13	13	13	13	13	13	13	13	13	13	13	13	13	13	13	13	13	13	13	13	13	13	13	13	13	15	15	-1
XMTQxNzg0MjQ3Mg==	433	710	712	-1	-1	-1	-1	-1	-1	-1	-1	-1	-1	-1	-1	-1	-1	-1	-1	-1	-1	-1	-1	-1	-1	-1	-1	-1	-1	-1
XMTQxNzAxNjQ0MA==	9	-1	-1	-1	-1	-1	-1	-1	-1	-1	-1	-1	-1	-1	-1	-1	-1	-1	-1	-1	-1	-1	-1	-1	-1	-1	-1	-1	-1	-1
XMTQxNzkxMjgwNA==	28	-1	-1	-1	-1	-1	-1	-1	-1	-1	-1	-1	-1	-1	-1	-1	-1	-1	-1	-1	-1	-1	-1	-1	-1	-1	-1	-1	-1	-1
XMTQxNzEyNDE4OA==	816	918	930	949	961	974	980	1003	1000	1000	1000	1002	1007	1016	1026	1030	1030	1030	1031	1034	1037	1053	1062	1065	1071	-1	-1	-1	-1	-1
XMTQxNjk2MjE2NA==	124	148	162	165	177	181	194	198	-1	-1	-1	-1	-1	-1	-1	-1	-1	-1	-1	-1	-1	-1	-1	-1	-1	-1	-1	-1	-1	-1
XMTQxNjY4NTkwMA==	13	14	12	12	11	11	11	11	11	11	11	11	11	16	-1	-1	-1	-1	-1	-1	-1	-1	-1	-1	-1	-1	-1	-1	-1	-1
XMTQxNzQzMjQ5Mg==	5	8	8	8	8	-1	-1	-1	-1	-1	-1	-1	-1	-1	-1	-1	-1	-1	-1	-1	-1	-1	-1	-1	-1	-1	-1	-1	-1	-1
XMTQxNzE2MDcwMA==	8117	10806	11388	11597	11827	12018	12320	12426	12675	12814	12919	12981	13074	13182	13267	13361	13391	13432	-1	-1	-1	-1	-1	-1	-1	-1	-1	-1	-1	-1
XMTQxNjU3NTgyMA==	97	131	152	170	184	205	223	226	233	239	245	247	250	267	274	281	286	295	301	306	307	310	312	318	319	319	321	327	331	-1
XMTQxNzIxNTY2NA==	391	430	458	464	475	491	537	543	554	567	582	594	601	609	610	621	626	637	646	657	663	667	670	680	687	-1	-1	-1	-1	-1
XMTQxNjg2MjM1Ng==	86	101	101	102	105	109	110	110	111	112	114	114	-1	-1	-1	-1	-1	-1	-1	-1	-1	-1	-1	-1	-1	-1	-1	-1	-1	-1
XMTQxNzg4MjU5Mg==	6	7	-1	-1	-1	-1	-1	-1	-1	-1	-1	-1	-1	-1	-1	-1	-1	-1	-1	-1	-1	-1	-1	-1	-1	-1	-1	-1	-1	-1
XMTQxNjk2NTU2MA==	14	15	13	15	15	15	15	15	15	15	15	15	15	15	15	15	15	15	-1	-1	-1	-1	-1	-1	-1	-1	-1	-1	-1	-1
XMTQxNzI1Mjg3Mg==	40	43	-1	-1	-1	-1	-1	-1	-1	-1	-1	-1	-1	-1	-1	-1	-1	-1	-1	-1	-1	-1	-1	-1	-1	-1	-1	-1	-1	-1
XMTQxNzYzODc5Ng==	7	13	14	14	12	12	12	12	12	12	12	12	12	12	12	12	12	12	12	12	12	12	12	12	12	-1	-1	-1	-1	-1
XMTQxNzQ1MTQ2OA==	4	5	-1	-1	-1	-1	-1	-1	-1	-1	-1	-1	-1	-1	-1	-1	-1	-1	-1	-1	-1	-1	-1	-1	-1	-1	-1	-1	-1	-1
XMTQxNjg2OTYwOA==	16	17	17	16	16	16	-1	-1	-1	-1	-1	-1	-1	-1	-1	-1	-1	-1	-1	-1	-1	-1	-1	-1	-1	-1	-1	-1	-1	-1
XMTQxNzc3OTMxNg==	7	8	8	8	-1	-1	-1	-1	-1	-1	-1	-1	-1	-1	-1	-1	-1	-1	-1	-1	-1	-1	-1	-1	-1	-1	-1	-1	-1	-1
XMTQxNzM1NTgwMA==	22	27	27	27	28	29	31	31	34	35	35	35	35	35	-1	-1	-1	-1	-1	-1	-1	-1	-1	-1	-1	-1	-1	-1	-1	-1
XMTQxNzYzOTk3Ng==	9	19	19	19	19	19	19	19	20	20	20	20	20	20	20	20	20	20	20	20	20	20	20	20	20	-1	-1	-1	-1	-1
XMTQxNzQ5NjAxMg==	349	400	410	422	438	444	-1	-1	-1	-1	-1	-1	-1	-1	-1	-1	-1	-1	-1	-1	-1	-1	-1	-1	-1	-1	-1	-1	-1	-1
XMTQxNzkzMjc2MA==	2	6	6	6	5	7	7	7	8	8	8	8	8	9	9	9	9	10	10	10	11	11	12	12	12	-1	-1	-1	-1	-1
XMTQxNzA1NTI1Mg==	46	52	58	61	65	68	80	82	92	95	96	98	99	103	107	-1	-1	-1	-1	-1	-1	-1	-1	-1	-1	-1	-1	-1	-1	-1
XMTQxNzE4MDUwNA==	25	29	-1	-1	-1	-1	-1	-1	-1	-1	-1	-1	-1	-1	-1	-1	-1	-1	-1	-1	-1	-1	-1	-1	-1	-1	-1	-1	-1	-1
XMTQxNzkyOTAyOA==	5	14	14	12	12	12	12	12	12	12	12	12	12	12	12	12	12	12	12	12	12	12	12	13	13	-1	-1	-1	-1	-1
XMTQxNzkwMTk4MA==	6	11	11	11	11	12	13	14	14	14	-1	-1	-1	-1	-1	-1	-1	-1	-1	-1	-1	-1	-1	-1	-1	-1	-1	-1	-1	-1
XMTQxNzU2NDE3Mg==	11	18	19	20	21	21	21	21	21	21	21	21	21	-1	-1	-1	-1	-1	-1	-1	-1	-1	-1	-1	-1	-1	-1	-1	-1	-1
XMTQxNzk3ODQyNA==	9	12	13	12	11	-1	-1	-1	-1	-1	-1	-1	-1	-1	-1	-1	-1	-1	-1	-1	-1	-1	-1	-1	-1	-1	-1	-1	-1	-1
XMTQxNzk0MDAxNg==	3	5	5	4	4	4	4	4	4	5	5	5	5	5	5	5	5	5	5	5	5	5	5	5	5	-1	-1	-1	-1	-1
XMTQxNzI2NzMwMA==	136	-1	-1	-1	-1	-1	-1	-1	-1	-1	-1	-1	-1	-1	-1	-1	-1	-1	-1	-1	-1	-1	-1	-1	-1	-1	-1	-1	-1	-1
XMTQxNjk3MjczMg==	3	3	3	-1	-1	-1	-1	-1	-1	-1	-1	-1	-1	-1	-1	-1	-1	-1	-1	-1	-1	-1	-1	-1	-1	-1	-1	-1	-1	-1
XMTQxNjgxOTgwMA==	533	594	635	-1	-1	-1	-1	-1	-1	-1	-1	-1	-1	-1	-1	-1	-1	-1	-1	-1	-1	-1	-1	-1	-1	-1	-1	-1	-1	-1
XMTQxNzMyNzc2NA==	8	11	12	10	10	10	12	14	14	14	14	-1	-1	-1	-1	-1	-1	-1	-1	-1	-1	-1	-1	-1	-1	-1	-1	-1	-1	-1
XMTQxNzkxMjA2MA==	3	14	-1	-1	-1	-1	-1	-1	-1	-1	-1	-1	-1	-1	-1	-1	-1	-1	-1	-1	-1	-1	-1	-1	-1	-1	-1	-1	-1	-1
XMTQxNjkxNTA3Mg==	23	23	22	-1	-1	-1	-1	-1	-1	-1	-1	-1	-1	-1	-1	-1	-1	-1	-1	-1	-1	-1	-1	-1	-1	-1	-1	-1	-1	-1
XMTQxNzA4NjU1Mg==	167	266	311	334	353	378	404	407	422	441	454	511	539	-1	-1	-1	-1	-1	-1	-1	-1	-1	-1	-1	-1	-1	-1	-1	-1	-1
XMTQxNzA5Njc2NA==	520	547	-1	-1	-1	-1	-1	-1	-1	-1	-1	-1	-1	-1	-1	-1	-1	-1	-1	-1	-1	-1	-1	-1	-1	-1	-1	-1	-1	-1
XMTQxNjk0MjAyOA==	5438	5440	5439	-1	-1	-1	-1	-1	-1	-1	-1	-1	-1	-1	-1	-1	-1	-1	-1	-1	-1	-1	-1	-1	-1	-1	-1	-1	-1	-1
XMTQxNjc2NTY1Ng==	11	12	12	12	12	12	12	12	12	12	-1	-1	-1	-1	-1	-1	-1	-1	-1	-1	-1	-1	-1	-1	-1	-1	-1	-1	-1	-1
XMTQxNzUzNTYwOA==	109	-1	-1	-1	-1	-1	-1	-1	-1	-1	-1	-1	-1	-1	-1	-1	-1	-1	-1	-1	-1	-1	-1	-1	-1	-1	-1	-1	-1	-1
XMTQxNjY5MDQ1Mg==	10	-1	-1	-1	-1	-1	-1	-1	-1	-1	-1	-1	-1	-1	-1	-1	-1	-1	-1	-1	-1	-1	-1	-1	-1	-1	-1	-1	-1	-1
XMTQxNjY3NTM2NA==	28	29	26	-1	-1	-1	-1	-1	-1	-1	-1	-1	-1	-1	-1	-1	-1	-1	-1	-1	-1	-1	-1	-1	-1	-1	-1	-1	-1	-1
XMTQxNjY5ODM0NA==	146	152	148	148	-1	-1	-1	-1	-1	-1	-1	-1	-1	-1	-1	-1	-1	-1	-1	-1	-1	-1	-1	-1	-1	-1	-1	-1	-1	-1
XMTQxNzEzMDY2NA==	1323	1419	1458	1469	1481	1494	1556	1579	1636	1644	1653	1659	1680	1705	1710	1725	1733	1744	1749	1752	1753	1754	1756	1756	1759	-1	-1	-1	-1	-1
XMTQxNzc1NDYxMg==	5	11	13	11	11	11	11	11	11	11	11	11	11	11	11	-1	-1	-1	-1	-1	-1	-1	-1	-1	-1	-1	-1	-1	-1	-1
XMTQxNjkzNjEyMA==	11	12	14	27	41	43	43	43	44	48	51	51	52	52	52	53	53	53	55	-1	-1	-1	-1	-1	-1	-1	-1	-1	-1	-1
XMTQxNzA5ODUxMg==	14	18	26	27	27	28	30	30	31	33	33	33	33	34	34	-1	-1	-1	-1	-1	-1	-1	-1	-1	-1	-1	-1	-1	-1	-1
XMTQxNzIxNjI0OA==	51	57	-1	-1	-1	-1	-1	-1	-1	-1	-1	-1	-1	-1	-1	-1	-1	-1	-1	-1	-1	-1	-1	-1	-1	-1	-1	-1	-1	-1
XMTQxNzE4NzU4OA==	25	25	-1	-1	-1	-1	-1	-1	-1	-1	-1	-1	-1	-1	-1	-1	-1	-1	-1	-1	-1	-1	-1	-1	-1	-1	-1	-1	-1	-1
XMTQxNzkzNDM0NA==	2	7	8	7	7	6	6	6	6	6	6	7	7	7	7	7	7	7	7	7	7	7	7	7	7	-1	-1	-1	-1	-1
XMTQxNzI1NTQxMg==	84	87	89	91	91	91	91	91	91	91	-1	-1	-1	-1	-1	-1	-1	-1	-1	-1	-1	-1	-1	-1	-1	-1	-1	-1	-1	-1
XMTQxNjQ4MTIxNg==	52	82	103	103	104	106	106	106	107	107	107	107	107	107	107	107	107	107	107	107	-1	-1	-1	-1	-1	-1	-1	-1	-1	-1
XMTQxNzg0NTUyNA==	230	429	431	-1	-1	-1	-1	-1	-1	-1	-1	-1	-1	-1	-1	-1	-1	-1	-1	-1	-1	-1	-1	-1	-1	-1	-1	-1	-1	-1
XMTQxNjkxMTU2OA==	9	11	14	15	14	13	-1	-1	-1	-1	-1	-1	-1	-1	-1	-1	-1	-1	-1	-1	-1	-1	-1	-1	-1	-1	-1	-1	-1	-1
XMTQxNzcxMjcyMA==	12	-1	-1	-1	-1	-1	-1	-1	-1	-1	-1	-1	-1	-1	-1	-1	-1	-1	-1	-1	-1	-1	-1	-1	-1	-1	-1	-1	-1	-1
XMTQxNzkzNDYxNg==	3	9	9	9	9	9	9	9	9	9	9	9	9	9	9	9	9	9	9	9	9	9	9	9	9	-1	-1	-1	-1	-1
XMTQxNzE3NjI1Ng==	8	9	-1	-1	-1	-1	-1	-1	-1	-1	-1	-1	-1	-1	-1	-1	-1	-1	-1	-1	-1	-1	-1	-1	-1	-1	-1	-1	-1	-1
XMTQxNzI1ODEyOA==	698	866	930	950	954	964	980	984	1001	1006	1011	1017	1024	1028	1041	1051	1066	1076	1081	1081	1081	1081	-1	-1	-1	-1	-1	-1	-1	-1
XMTQxNzcyMzg1Ng==	7	15	-1	-1	-1	-1	-1	-1	-1	-1	-1	-1	-1	-1	-1	-1	-1	-1	-1	-1	-1	-1	-1	-1	-1	-1	-1	-1	-1	-1
XMTQxNzY5MjQ1Ng==	3370	4720	4950	4870	-1	-1	-1	-1	-1	-1	-1	-1	-1	-1	-1	-1	-1	-1	-1	-1	-1	-1	-1	-1	-1	-1	-1	-1	-1	-1
XMTQxNzcyNDI1Ng==	600	-1	-1	-1	-1	-1	-1	-1	-1	-1	-1	-1	-1	-1	-1	-1	-1	-1	-1	-1	-1	-1	-1	-1	-1	-1	-1	-1	-1	-1
XMTQxNzkzNzM2MA==	7	16	17	16	15	15	15	15	15	15	15	15	15	15	15	15	15	15	15	15	15	15	15	15	15	-1	-1	-1	-1	-1
XMTQxNjk5OTIzNg==	9	12	17	18	18	19	19	20	20	21	21	-1	-1	-1	-1	-1	-1	-1	-1	-1	-1	-1	-1	-1	-1	-1	-1	-1	-1	-1
XMTQxNzU2MjUwOA==	101	262	300	302	287	288	288	288	288	288	288	288	288	288	288	288	288	290	290	290	290	290	-1	-1	-1	-1	-1	-1	-1	-1
XMTQxNzAyMjc1Mg==	448	467	470	463	463	468	467	469	471	471	471	472	473	475	475	475	475	477	480	481	481	485	488	489	-1	-1	-1	-1	-1	-1
XMTQxNzQzNTY4OA==	15	18	18	16	17	17	21	21	22	22	23	23	23	23	23	-1	-1	-1	-1	-1	-1	-1	-1	-1	-1	-1	-1	-1	-1	-1
XMTQxNzE3ODA4NA==	2946	3698	4017	4144	4255	4451	4547	4588	4679	4740	4775	4801	4820	4851	4879	4899	4904	4917	-1	-1	-1	-1	-1	-1	-1	-1	-1	-1	-1	-1
XMTQxNzMzODY0MA==	27	38	44	-1	-1	-1	-1	-1	-1	-1	-1	-1	-1	-1	-1	-1	-1	-1	-1	-1	-1	-1	-1	-1	-1	-1	-1	-1	-1	-1
XMTQxNjQ4MzYwMA==	80	100	96	92	93	96	96	96	96	96	100	100	100	96	96	96	96	96	96	96	-1	-1	-1	-1	-1	-1	-1	-1	-1	-1
XMTQxNzMzMjI3Mg==	51	78	-1	-1	-1	-1	-1	-1	-1	-1	-1	-1	-1	-1	-1	-1	-1	-1	-1	-1	-1	-1	-1	-1	-1	-1	-1	-1	-1	-1
XMTQxNzExODc0MA==	-1	-1	-1	-1	-1	-1	-1	-1	-1	-1	-1	-1	-1	-1	-1	-1	-1	-1	-1	-1	-1	-1	-1	-1	-1	-1	-1	-1	-1	-1
XMTQxNzA0NDk0MA==	128	-1	-1	-1	-1	-1	-1	-1	-1	-1	-1	-1	-1	-1	-1	-1	-1	-1	-1	-1	-1	-1	-1	-1	-1	-1	-1	-1	-1	-1
XMTQxNjY2MzUwOA==	14	14	11	-1	-1	-1	-1	-1	-1	-1	-1	-1	-1	-1	-1	-1	-1	-1	-1	-1	-1	-1	-1	-1	-1	-1	-1	-1	-1	-1
XMTQxNjg1OTI5Ng==	131	172	199	-1	-1	-1	-1	-1	-1	-1	-1	-1	-1	-1	-1	-1	-1	-1	-1	-1	-1	-1	-1	-1	-1	-1	-1	-1	-1	-1
XMTQxNjYyMTg3Mg==	54	64	64	66	65	65	65	65	66	66	67	67	67	67	67	67	67	67	67	67	67	67	67	67	-1	-1	-1	-1	-1	-1
XMTQxNjg0OTcwOA==	33	36	-1	-1	-1	-1	-1	-1	-1	-1	-1	-1	-1	-1	-1	-1	-1	-1	-1	-1	-1	-1	-1	-1	-1	-1	-1	-1	-1	-1
XMTQxNzQ5NjEzMg==	21	28	33	33	32	32	-1	-1	-1	-1	-1	-1	-1	-1	-1	-1	-1	-1	-1	-1	-1	-1	-1	-1	-1	-1	-1	-1	-1	-1
XMTQxNzMyMjI2MA==	3	3	4	4	4	4	4	4	4	4	-1	-1	-1	-1	-1	-1	-1	-1	-1	-1	-1	-1	-1	-1	-1	-1	-1	-1	-1	-1
XMTQxNjEyODUwMA==	206	217	-1	-1	-1	-1	-1	-1	-1	-1	-1	-1	-1	-1	-1	-1	-1	-1	-1	-1	-1	-1	-1	-1	-1	-1	-1	-1	-1	-1
XMTQxNzE1MjAyNA==	3593	-1	-1	-1	-1	-1	-1	-1	-1	-1	-1	-1	-1	-1	-1	-1	-1	-1	-1	-1	-1	-1	-1	-1	-1	-1	-1	-1	-1	-1
XMTQxNzExNjQyOA==	63	83	88	89	93	102	105	111	120	124	124	125	131	-1	-1	-1	-1	-1	-1	-1	-1	-1	-1	-1	-1	-1	-1	-1	-1	-1
XMTQxNjgxMzQ2NA==	14	19	25	26	27	27	29	-1	-1	-1	-1	-1	-1	-1	-1	-1	-1	-1	-1	-1	-1	-1	-1	-1	-1	-1	-1	-1	-1	-1
XMTQxNjkwMDk1Ng==	113	122	129	129	129	130	131	131	131	130	130	130	130	131	132	132	133	133	133	133	133	133	-1	-1	-1	-1	-1	-1	-1	-1
XMTQxNzU2ODg0OA==	-1	-1	-1	-1	-1	-1	-1	-1	-1	-1	-1	-1	-1	-1	-1	-1	-1	-1	-1	-1	-1	-1	-1	-1	-1	-1	-1	-1	-1	-1
XMTQxNzkzOTEwNA==	1583	3725	3923	3745	3731	3780	3885	3970	4109	4156	4200	4254	4308	4373	4431	4474	4506	4549	4584	4622	4669	-1	-1	-1	-1	-1	-1	-1	-1	-1
XMTQxNzgwMTE0MA==	4	10	21	41	65	78	87	88	100	111	126	140	151	161	176	185	191	202	213	-1	-1	-1	-1	-1	-1	-1	-1	-1	-1	-1
XMTQxNzkzMTMxMg==	14	52	66	74	89	106	119	132	156	185	200	202	219	241	248	264	280	298	316	331	337	360	375	394	403	-1	-1	-1	-1	-1
XMTQxNzAyMzE2OA==	98	-1	-1	-1	-1	-1	-1	-1	-1	-1	-1	-1	-1	-1	-1	-1	-1	-1	-1	-1	-1	-1	-1	-1	-1	-1	-1	-1	-1	-1
XMTQxNzExMzkwOA==	20	21	22	22	22	22	43	46	71	71	72	72	72	72	73	-1	-1	-1	-1	-1	-1	-1	-1	-1	-1	-1	-1	-1	-1	-1
XMTQxNjk0MzYyMA==	208	235	239	249	265	277	309	315	335	346	358	368	-1	-1	-1	-1	-1	-1	-1	-1	-1	-1	-1	-1	-1	-1	-1	-1	-1	-1
XMTQxNzAyODc2OA==	20	20	20	19	19	19	-1	-1	-1	-1	-1	-1	-1	-1	-1	-1	-1	-1	-1	-1	-1	-1	-1	-1	-1	-1	-1	-1	-1	-1
XMTQxNzEwNjM0OA==	8	15	17	19	21	23	25	25	26	26	29	-1	-1	-1	-1	-1	-1	-1	-1	-1	-1	-1	-1	-1	-1	-1	-1	-1	-1	-1
XMTQxNzMxNTQzMg==	45	-1	-1	-1	-1	-1	-1	-1	-1	-1	-1	-1	-1	-1	-1	-1	-1	-1	-1	-1	-1	-1	-1	-1	-1	-1	-1	-1	-1	-1
XMTQxNzg4MDYyNA==	3	3	3	3	-1	-1	-1	-1	-1	-1	-1	-1	-1	-1	-1	-1	-1	-1	-1	-1	-1	-1	-1	-1	-1	-1	-1	-1	-1	-1
XMTQxNzM5ODI0MA==	18	18	18	16	-1	-1	-1	-1	-1	-1	-1	-1	-1	-1	-1	-1	-1	-1	-1	-1	-1	-1	-1	-1	-1	-1	-1	-1	-1	-1
XMTQxODAyMDgyNA==	2	3	4	3	3	3	3	3	3	-1	-1	-1	-1	-1	-1	-1	-1	-1	-1	-1	-1	-1	-1	-1	-1	-1	-1	-1	-1	-1
XMTQxNzE1NTc2NA==	12	13	13	-1	-1	-1	-1	-1	-1	-1	-1	-1	-1	-1	-1	-1	-1	-1	-1	-1	-1	-1	-1	-1	-1	-1	-1	-1	-1	-1
XMTQxNzkzMTI3Mg==	18	40	50	56	67	110	134	145	175	193	205	214	230	243	255	275	290	302	310	322	333	347	362	370	384	-1	-1	-1	-1	-1
XMTQxNjgxMTA0NA==	27	29	29	29	31	31	32	32	34	34	34	34	34	-1	-1	-1	-1	-1	-1	-1	-1	-1	-1	-1	-1	-1	-1	-1	-1	-1
XMTQxNzkyOTQyNA==	8	12	-1	-1	-1	-1	-1	-1	-1	-1	-1	-1	-1	-1	-1	-1	-1	-1	-1	-1	-1	-1	-1	-1	-1	-1	-1	-1	-1	-1
XMTQxNzg2MTEwNA==	82	-1	-1	-1	-1	-1	-1	-1	-1	-1	-1	-1	-1	-1	-1	-1	-1	-1	-1	-1	-1	-1	-1	-1	-1	-1	-1	-1	-1	-1
XMTQxNzM2MjM0OA==	236	-1	-1	-1	-1	-1	-1	-1	-1	-1	-1	-1	-1	-1	-1	-1	-1	-1	-1	-1	-1	-1	-1	-1	-1	-1	-1	-1	-1	-1
XMTQxODAzMzU0MA==	28	80	104	119	-1	-1	-1	-1	-1	-1	-1	-1	-1	-1	-1	-1	-1	-1	-1	-1	-1	-1	-1	-1	-1	-1	-1	-1	-1	-1
XMTQxNzYzOTYwNA==	5	10	10	9	8	8	8	8	8	8	8	8	8	8	8	8	8	8	8	8	8	8	8	8	8	-1	-1	-1	-1	-1
XMTQxNjU2OTcxNg==	7	7	7	7	7	7	-1	-1	-1	-1	-1	-1	-1	-1	-1	-1	-1	-1	-1	-1	-1	-1	-1	-1	-1	-1	-1	-1	-1	-1
XMTQxNjc5NTg1Ng==	1403	-1	-1	-1	-1	-1	-1	-1	-1	-1	-1	-1	-1	-1	-1	-1	-1	-1	-1	-1	-1	-1	-1	-1	-1	-1	-1	-1	-1	-1
XMTQxNjY2MzI2NA==	733	770	738	741	744	749	757	851	1830	2122	2184	2211	2230	2236	2238	2238	2238	-1	-1	-1	-1	-1	-1	-1	-1	-1	-1	-1	-1	-1
XMTQxNzcyODA4NA==	6	12	16	16	17	15	15	15	16	-1	-1	-1	-1	-1	-1	-1	-1	-1	-1	-1	-1	-1	-1	-1	-1	-1	-1	-1	-1	-1
XMTQxNzI1NTExMg==	49	59	61	61	62	62	62	63	64	64	65	66	66	67	67	67	66	66	66	66	67	67	68	68	68	68	68	68	68	-1
XMTQxNjU3OTc5Mg==	27	-1	-1	-1	-1	-1	-1	-1	-1	-1	-1	-1	-1	-1	-1	-1	-1	-1	-1	-1	-1	-1	-1	-1	-1	-1	-1	-1	-1	-1
XMTQxNzMxNjgyOA==	20	24	33	37	37	37	37	37	37	37	37	37	37	37	37	37	37	41	41	42	42	42	42	-1	-1	-1	-1	-1	-1	-1
XMTQxNzkxMjczMg==	3	5	6	5	5	5	5	-1	-1	-1	-1	-1	-1	-1	-1	-1	-1	-1	-1	-1	-1	-1	-1	-1	-1	-1	-1	-1	-1	-1
XMTQxNzkyODc5Mg==	28	28	29	28	28	28	28	28	28	28	28	28	28	28	28	28	28	28	28	28	28	28	28	28	28	28	28	28	28	-1
XMTQxNzE1ODE3Ng==	13	14	13	13	12	12	12	12	12	12	12	12	-1	-1	-1	-1	-1	-1	-1	-1	-1	-1	-1	-1	-1	-1	-1	-1	-1	-1
XMTQxNjc0NTU0OA==	24	24	22	23	23	23	23	-1	-1	-1	-1	-1	-1	-1	-1	-1	-1	-1	-1	-1	-1	-1	-1	-1	-1	-1	-1	-1	-1	-1
XMTQxNzM1MDMwOA==	131	168	172	-1	-1	-1	-1	-1	-1	-1	-1	-1	-1	-1	-1	-1	-1	-1	-1	-1	-1	-1	-1	-1	-1	-1	-1	-1	-1	-1
XMTQxNzY4Njc4MA==	8	-1	-1	-1	-1	-1	-1	-1	-1	-1	-1	-1	-1	-1	-1	-1	-1	-1	-1	-1	-1	-1	-1	-1	-1	-1	-1	-1	-1	-1
XMTQxNzg5ODQ1Mg==	2	2	-1	-1	-1	-1	-1	-1	-1	-1	-1	-1	-1	-1	-1	-1	-1	-1	-1	-1	-1	-1	-1	-1	-1	-1	-1	-1	-1	-1
XMTQxNzg2ODc4NA==	3	10	10	11	-1	-1	-1	-1	-1	-1	-1	-1	-1	-1	-1	-1	-1	-1	-1	-1	-1	-1	-1	-1	-1	-1	-1	-1	-1	-1
XMTQxNjcxMjYzMg==	10	10	9	9	9	9	9	9	9	-1	-1	-1	-1	-1	-1	-1	-1	-1	-1	-1	-1	-1	-1	-1	-1	-1	-1	-1	-1	-1
XMTQxNzY0MDUyNA==	6	9	9	9	9	9	10	10	10	10	10	10	10	10	10	10	10	10	10	10	10	10	10	10	10	-1	-1	-1	-1	-1
XMTQxNzg3MDQ5Mg==	219	348	364	343	357	360	366	368	371	374	377	381	382	385	389	389	391	392	395	-1	-1	-1	-1	-1	-1	-1	-1	-1	-1	-1
XMTQxNzMzNDkxMg==	16	17	17	-1	-1	-1	-1	-1	-1	-1	-1	-1	-1	-1	-1	-1	-1	-1	-1	-1	-1	-1	-1	-1	-1	-1	-1	-1	-1	-1
XMTQxNzA4NzU0NA==	49	55	55	55	-1	-1	-1	-1	-1	-1	-1	-1	-1	-1	-1	-1	-1	-1	-1	-1	-1	-1	-1	-1	-1	-1	-1	-1	-1	-1
XMTQxNjYyNzU4MA==	249	269	268	274	279	281	-1	-1	-1	-1	-1	-1	-1	-1	-1	-1	-1	-1	-1	-1	-1	-1	-1	-1	-1	-1	-1	-1	-1	-1
XMTQxNzE2MTgxNg==	13	13	13	-1	-1	-1	-1	-1	-1	-1	-1	-1	-1	-1	-1	-1	-1	-1	-1	-1	-1	-1	-1	-1	-1	-1	-1	-1	-1	-1
XMTQxNzQzMjQ5Ng==	66	126	143	153	184	186	186	187	188	189	189	190	190	190	190	190	190	190	190	190	190	190	190	191	191	191	191	191	-1	-1
XMTQxNzE5MjYwOA==	730	753	-1	-1	-1	-1	-1	-1	-1	-1	-1	-1	-1	-1	-1	-1	-1	-1	-1	-1	-1	-1	-1	-1	-1	-1	-1	-1	-1	-1
XMTQxODAxNzIyOA==	38184	38204	38204	38204	-1	-1	-1	-1	-1	-1	-1	-1	-1	-1	-1	-1	-1	-1	-1	-1	-1	-1	-1	-1	-1	-1	-1	-1	-1	-1
XMTQxNzc4MjUxMg==	-1	-1	-1	-1	-1	-1	-1	-1	-1	-1	-1	-1	-1	-1	-1	-1	-1	-1	-1	-1	-1	-1	-1	-1	-1	-1	-1	-1	-1	-1
XMTQxNzMyOTE4NA==	7	8	8	7	7	7	-1	-1	-1	-1	-1	-1	-1	-1	-1	-1	-1	-1	-1	-1	-1	-1	-1	-1	-1	-1	-1	-1	-1	-1
XMTQxNzAyNTQ3Mg==	40	46	51	54	55	56	64	66	70	74	71	71	75	84	84	85	89	90	90	90	92	98	103	103	103	103	103	103	103	-1
XMTQxODAwODIwMA==	6	-1	-1	-1	-1	-1	-1	-1	-1	-1	-1	-1	-1	-1	-1	-1	-1	-1	-1	-1	-1	-1	-1	-1	-1	-1	-1	-1	-1	-1
XMTQxNzkzODUxNg==	3	10	10	9	9	9	9	9	9	9	9	9	9	9	9	9	9	9	9	9	9	9	9	9	9	-1	-1	-1	-1	-1
XMTQxNzY1MzYyNA==	18	33	36	35	39	41	45	46	48	51	49	49	51	53	55	56	58	58	58	59	60	61	66	67	67	70	74	-1	-1	-1
XMTQxNjQ4MzExMg==	29	-1	-1	-1	-1	-1	-1	-1	-1	-1	-1	-1	-1	-1	-1	-1	-1	-1	-1	-1	-1	-1	-1	-1	-1	-1	-1	-1	-1	-1
XMTQxNzg1MDM2OA==	13	18	21	19	22	20	21	21	21	22	22	23	24	24	25	25	25	25	25	27	27	29	29	29	29	-1	-1	-1	-1	-1
XMTQxNzkzODMwOA==	9	13	13	13	13	14	14	14	14	-1	-1	-1	-1	-1	-1	-1	-1	-1	-1	-1	-1	-1	-1	-1	-1	-1	-1	-1	-1	-1
XMTQxNjY1ODA4NA==	79	90	99	99	113	127	128	128	126	-1	-1	-1	-1	-1	-1	-1	-1	-1	-1	-1	-1	-1	-1	-1	-1	-1	-1	-1	-1	-1
XMTQxNzI1MTUzMg==	105	-1	-1	-1	-1	-1	-1	-1	-1	-1	-1	-1	-1	-1	-1	-1	-1	-1	-1	-1	-1	-1	-1	-1	-1	-1	-1	-1	-1	-1
XMTQxNzU1Nzk1Ng==	17	27	29	30	31	31	32	32	32	32	32	32	32	-1	-1	-1	-1	-1	-1	-1	-1	-1	-1	-1	-1	-1	-1	-1	-1	-1
XMTQxNzg0ODc1Mg==	17	24	24	23	23	23	23	23	24	24	24	24	24	25	25	25	25	25	25	-1	-1	-1	-1	-1	-1	-1	-1	-1	-1	-1
XMTQxNzcxMjgwOA==	196	-1	-1	-1	-1	-1	-1	-1	-1	-1	-1	-1	-1	-1	-1	-1	-1	-1	-1	-1	-1	-1	-1	-1	-1	-1	-1	-1	-1	-1
XMTQxNzI3NjMyOA==	19	22	23	21	25	36	37	38	39	39	39	39	39	42	42	42	42	42	42	42	42	42	-1	-1	-1	-1	-1	-1	-1	-1
XMTQxNzE4NDY2OA==	189	191	-1	-1	-1	-1	-1	-1	-1	-1	-1	-1	-1	-1	-1	-1	-1	-1	-1	-1	-1	-1	-1	-1	-1	-1	-1	-1	-1	-1
XMTQxNjg2MTM4NA==	123	145	165	175	-1	-1	-1	-1	-1	-1	-1	-1	-1	-1	-1	-1	-1	-1	-1	-1	-1	-1	-1	-1	-1	-1	-1	-1	-1	-1
XMTQxNzQzMDIxMg==	21	-1	-1	-1	-1	-1	-1	-1	-1	-1	-1	-1	-1	-1	-1	-1	-1	-1	-1	-1	-1	-1	-1	-1	-1	-1	-1	-1	-1	-1
XMTQxNzQ5NjMzMg==	38	61	68	71	73	73	-1	-1	-1	-1	-1	-1	-1	-1	-1	-1	-1	-1	-1	-1	-1	-1	-1	-1	-1	-1	-1	-1	-1	-1
XMTQxNjU5MjQ3Mg==	95	-1	-1	-1	-1	-1	-1	-1	-1	-1	-1	-1	-1	-1	-1	-1	-1	-1	-1	-1	-1	-1	-1	-1	-1	-1	-1	-1	-1	-1
XMTQxNzIyMjA4NA==	66	70	-1	-1	-1	-1	-1	-1	-1	-1	-1	-1	-1	-1	-1	-1	-1	-1	-1	-1	-1	-1	-1	-1	-1	-1	-1	-1	-1	-1
XMTQxNzEzNDU0NA==	16	17	17	17	17	-1	-1	-1	-1	-1	-1	-1	-1	-1	-1	-1	-1	-1	-1	-1	-1	-1	-1	-1	-1	-1	-1	-1	-1	-1
XMTQxNjg0NTUyNA==	23	25	24	22	21	21	21	21	21	21	21	21	21	21	21	21	21	21	21	21	21	21	-1	-1	-1	-1	-1	-1	-1	-1
XMTQxNzc4NzE3Ng==	-1	-1	-1	-1	-1	-1	-1	-1	-1	-1	-1	-1	-1	-1	-1	-1	-1	-1	-1	-1	-1	-1	-1	-1	-1	-1	-1	-1	-1	-1
