XMTQyMDQ3NzQ3Ng==	65	123	196	225	227	231	234	237	237	237	237	237	237	-1	-1	-1	-1	-1	-1	-1	-1	-1	-1	-1	-1	-1	-1	-1	-1	-1
XMTQxOTgwODQyMA==	-1	-1	-1	-1	-1	-1	-1	-1	-1	-1	-1	-1	-1	-1	-1	-1	-1	-1	-1	-1	-1	-1	-1	-1	-1	-1	-1	-1	-1	-1
XMTQxOTYyMTU4MA==	13	14	13	13	13	13	13	13	13	13	13	13	13	13	13	13	13	13	13	-1	-1	-1	-1	-1	-1	-1	-1	-1	-1	-1
XMTQyMDY1Njk0NA==	2	2	2	2	2	2	2	-1	-1	-1	-1	-1	-1	-1	-1	-1	-1	-1	-1	-1	-1	-1	-1	-1	-1	-1	-1	-1	-1	-1
XMTQyMDA1ODU4MA==	11	13	13	13	13	13	13	13	-1	-1	-1	-1	-1	-1	-1	-1	-1	-1	-1	-1	-1	-1	-1	-1	-1	-1	-1	-1	-1	-1
XMTQyMDA3MzUwNA==	32	46	55	64	68	-1	-1	-1	-1	-1	-1	-1	-1	-1	-1	-1	-1	-1	-1	-1	-1	-1	-1	-1	-1	-1	-1	-1	-1	-1
XMTQxOTI1OTAwOA==	21	21	20	20	20	20	-1	-1	-1	-1	-1	-1	-1	-1	-1	-1	-1	-1	-1	-1	-1	-1	-1	-1	-1	-1	-1	-1	-1	-1
XMTQxOTk0ODI0NA==	184	211	207	-1	-1	-1	-1	-1	-1	-1	-1	-1	-1	-1	-1	-1	-1	-1	-1	-1	-1	-1	-1	-1	-1	-1	-1	-1	-1	-1
XMTQxOTY3NTIwMA==	29	29	29	28	28	30	30	30	30	30	30	30	-1	-1	-1	-1	-1	-1	-1	-1	-1	-1	-1	-1	-1	-1	-1	-1	-1	-1
XMTQyMDM4MDYyOA==	7	10	10	8	8	8	8	8	8	-1	-1	-1	-1	-1	-1	-1	-1	-1	-1	-1	-1	-1	-1	-1	-1	-1	-1	-1	-1	-1
XMTQxOTc4MTcyOA==	9	9	9	12	12	12	12	12	12	12	12	-1	-1	-1	-1	-1	-1	-1	-1	-1	-1	-1	-1	-1	-1	-1	-1	-1	-1	-1
XMTQxNDU2NTU5Ng==	1	13	-1	-1	-1	-1	-1	-1	-1	-1	-1	-1	-1	-1	-1	-1	-1	-1	-1	-1	-1	-1	-1	-1	-1	-1	-1	-1	-1	-1
XMTQyMDA3MzIwNA==	58	62	63	66	66	66	68	68	68	68	68	68	68	-1	-1	-1	-1	-1	-1	-1	-1	-1	-1	-1	-1	-1	-1	-1	-1	-1
XMTQxOTU3NTUxMg==	1542	1864	2050	2663	3259	4643	5134	5138	5008	4992	4996	4997	4997	4997	5000	5000	4999	-1	-1	-1	-1	-1	-1	-1	-1	-1	-1	-1	-1	-1
XMTQyMDIwNDMxNg==	5	8	8	7	7	8	8	-1	-1	-1	-1	-1	-1	-1	-1	-1	-1	-1	-1	-1	-1	-1	-1	-1	-1	-1	-1	-1	-1	-1
XMTQxOTkyODcwMA==	1201	1645	1684	1712	1717	1723	1728	1753	1762	1778	1786	-1	-1	-1	-1	-1	-1	-1	-1	-1	-1	-1	-1	-1	-1	-1	-1	-1	-1	-1
XMTQxOTI1OTc4NA==	22	-1	-1	-1	-1	-1	-1	-1	-1	-1	-1	-1	-1	-1	-1	-1	-1	-1	-1	-1	-1	-1	-1	-1	-1	-1	-1	-1	-1	-1
XMTQyMDMwMjY1Ng==	10	-1	-1	-1	-1	-1	-1	-1	-1	-1	-1	-1	-1	-1	-1	-1	-1	-1	-1	-1	-1	-1	-1	-1	-1	-1	-1	-1	-1	-1
XMTQyMDAyMTIxNg==	12	12	11	13	13	13	13	13	13	13	13	13	13	13	13	13	13	13	13	13	-1	-1	-1	-1	-1	-1	-1	-1	-1	-1
XMTQxOTY0NjYyNA==	40	40	39	50	50	54	55	56	56	56	60	65	65	65	67	69	70	73	-1	-1	-1	-1	-1	-1	-1	-1	-1	-1	-1	-1
XMTQyMDQ0MjI0OA==	193	-1	-1	-1	-1	-1	-1	-1	-1	-1	-1	-1	-1	-1	-1	-1	-1	-1	-1	-1	-1	-1	-1	-1	-1	-1	-1	-1	-1	-1
XMTQyMDcxODQ4OA==	1	-1	-1	-1	-1	-1	-1	-1	-1	-1	-1	-1	-1	-1	-1	-1	-1	-1	-1	-1	-1	-1	-1	-1	-1	-1	-1	-1	-1	-1
XMTQyMDY1MzM1Mg==	2	2	2	2	2	2	2	-1	-1	-1	-1	-1	-1	-1	-1	-1	-1	-1	-1	-1	-1	-1	-1	-1	-1	-1	-1	-1	-1	-1
XMTQyMDYzODY0OA==	128	204	-1	-1	-1	-1	-1	-1	-1	-1	-1	-1	-1	-1	-1	-1	-1	-1	-1	-1	-1	-1	-1	-1	-1	-1	-1	-1	-1	-1
XMTQyMDExOTYwNA==	-1	-1	-1	-1	-1	-1	-1	-1	-1	-1	-1	-1	-1	-1	-1	-1	-1	-1	-1	-1	-1	-1	-1	-1	-1	-1	-1	-1	-1	-1
XMTQyMDY5NDU0OA==	6	13	13	14	14	14	14	14	-1	-1	-1	-1	-1	-1	-1	-1	-1	-1	-1	-1	-1	-1	-1	-1	-1	-1	-1	-1	-1	-1
XMTQxOTg4NDE4NA==	351	357	448	447	447	450	450	451	451	451	451	451	451	451	451	-1	-1	-1	-1	-1	-1	-1	-1	-1	-1	-1	-1	-1	-1	-1
XMTQxOTU1NjU3Mg==	130	141	153	156	161	171	177	191	205	208	211	215	218	220	222	228	238	245	-1	-1	-1	-1	-1	-1	-1	-1	-1	-1	-1	-1
XMTQxOTkyNjAwMA==	516	540	545	568	572	578	580	581	582	586	588	589	591	591	591	591	596	600	601	607	605	607	-1	-1	-1	-1	-1	-1	-1	-1
XMTQyMDY3MzM2MA==	5	5	6	5	5	5	5	5	5	5	5	5	5	5	5	-1	-1	-1	-1	-1	-1	-1	-1	-1	-1	-1	-1	-1	-1	-1
XMTQyMDQ1NzUxNg==	100	115	117	119	119	123	126	126	126	126	127	127	127	-1	-1	-1	-1	-1	-1	-1	-1	-1	-1	-1	-1	-1	-1	-1	-1	-1
XMTQyMDE3OTE4OA==	9	9	-1	-1	-1	-1	-1	-1	-1	-1	-1	-1	-1	-1	-1	-1	-1	-1	-1	-1	-1	-1	-1	-1	-1	-1	-1	-1	-1	-1
XMTQyMDQ2OTM4NA==	10	10	10	10	10	10	10	10	10	-1	-1	-1	-1	-1	-1	-1	-1	-1	-1	-1	-1	-1	-1	-1	-1	-1	-1	-1	-1	-1
XMTQyMDE1MTU1Mg==	40	43	43	43	43	44	44	44	44	44	44	45	45	45	45	45	45	-1	-1	-1	-1	-1	-1	-1	-1	-1	-1	-1	-1	-1
XMTQxOTk5NjIzNg==	5	5	5	5	-1	-1	-1	-1	-1	-1	-1	-1	-1	-1	-1	-1	-1	-1	-1	-1	-1	-1	-1	-1	-1	-1	-1	-1	-1	-1
XMTQxODg4MjI3Mg==	167	242	265	270	271	273	287	291	291	293	294	295	295	298	299	301	301	302	302	302	305	307	307	307	307	307	308	308	308	-1
XMTQyMDIxMTYwMA==	26	36	36	29	29	29	29	30	30	30	30	30	30	30	30	30	32	32	-1	-1	-1	-1	-1	-1	-1	-1	-1	-1	-1	-1
XMTQxOTYyMzk0MA==	473	521	546	570	581	591	599	609	-1	-1	-1	-1	-1	-1	-1	-1	-1	-1	-1	-1	-1	-1	-1	-1	-1	-1	-1	-1	-1	-1
XMTQxOTY1MzUzNg==	10	10	10	9	9	9	9	9	-1	-1	-1	-1	-1	-1	-1	-1	-1	-1	-1	-1	-1	-1	-1	-1	-1	-1	-1	-1	-1	-1
XMTQyMDk1MDcwMA==	2	7	7	-1	-1	-1	-1	-1	-1	-1	-1	-1	-1	-1	-1	-1	-1	-1	-1	-1	-1	-1	-1	-1	-1	-1	-1	-1	-1	-1
XMTQyMDAzNzIzNg==	7	16	18	23	27	30	30	31	32	33	42	44	46	44	47	46	47	50	52	52	53	53	53	53	55	55	-1	-1	-1	-1
XMTQxODk5NTM5Ng==	46	55	78	111	129	-1	-1	-1	-1	-1	-1	-1	-1	-1	-1	-1	-1	-1	-1	-1	-1	-1	-1	-1	-1	-1	-1	-1	-1	-1
XMTQyMDkwMzM0MA==	13	-1	-1	-1	-1	-1	-1	-1	-1	-1	-1	-1	-1	-1	-1	-1	-1	-1	-1	-1	-1	-1	-1	-1	-1	-1	-1	-1	-1	-1
XMTQyMDUyMTUyNA==	27	34	37	-1	-1	-1	-1	-1	-1	-1	-1	-1	-1	-1	-1	-1	-1	-1	-1	-1	-1	-1	-1	-1	-1	-1	-1	-1	-1	-1
XMTQxOTQxNjIyNA==	49	56	59	60	60	63	63	63	66	67	67	67	-1	-1	-1	-1	-1	-1	-1	-1	-1	-1	-1	-1	-1	-1	-1	-1	-1	-1
XMTQyMDgwMjIxNg==	5	7	9	7	7	7	7	7	9	9	9	12	-1	-1	-1	-1	-1	-1	-1	-1	-1	-1	-1	-1	-1	-1	-1	-1	-1	-1
XMTQxOTc1NjcwMA==	-1	-1	-1	-1	-1	-1	-1	-1	-1	-1	-1	-1	-1	-1	-1	-1	-1	-1	-1	-1	-1	-1	-1	-1	-1	-1	-1	-1	-1	-1
XMTQxOTY2NjM5Mg==	77	78	78	84	84	85	85	85	-1	-1	-1	-1	-1	-1	-1	-1	-1	-1	-1	-1	-1	-1	-1	-1	-1	-1	-1	-1	-1	-1
XMTQxOTU5OTkyNA==	98	118	124	-1	-1	-1	-1	-1	-1	-1	-1	-1	-1	-1	-1	-1	-1	-1	-1	-1	-1	-1	-1	-1	-1	-1	-1	-1	-1	-1
XMTQxOTc1NDU4NA==	80	94	83	83	83	85	85	87	87	87	88	88	91	91	91	91	91	91	91	91	91	-1	-1	-1	-1	-1	-1	-1	-1	-1
XMTQyMDIxMzQ3Ng==	45	149	159	160	162	164	165	166	166	-1	-1	-1	-1	-1	-1	-1	-1	-1	-1	-1	-1	-1	-1	-1	-1	-1	-1	-1	-1	-1
XMTQxOTg1OTcxNg==	32	35	35	34	34	35	35	34	35	35	35	35	35	35	35	-1	-1	-1	-1	-1	-1	-1	-1	-1	-1	-1	-1	-1	-1	-1
XMTQxOTk4NTg5Ng==	176	212	220	221	223	230	231	231	231	234	238	241	244	245	251	257	266	276	288	293	297	-1	-1	-1	-1	-1	-1	-1	-1	-1
XMTQxOTU1NzYwNA==	35	39	33	31	31	38	41	41	35	33	33	35	46	48	54	44	44	41	-1	-1	-1	-1	-1	-1	-1	-1	-1	-1	-1	-1
XMTQyMDYzNzg3Mg==	5	11	11	10	10	10	11	11	11	11	11	-1	-1	-1	-1	-1	-1	-1	-1	-1	-1	-1	-1	-1	-1	-1	-1	-1	-1	-1
XMTQyMDA0ODc1Ng==	133038	133146	121518	476	478	481	483	482	482	-1	-1	-1	-1	-1	-1	-1	-1	-1	-1	-1	-1	-1	-1	-1	-1	-1	-1	-1	-1	-1
XMTQxOTg2MDczMg==	42	44	43	41	42	43	43	44	44	44	44	44	44	44	44	-1	-1	-1	-1	-1	-1	-1	-1	-1	-1	-1	-1	-1	-1	-1
XMTQxOTc0NTA1Ng==	13	-1	-1	-1	-1	-1	-1	-1	-1	-1	-1	-1	-1	-1	-1	-1	-1	-1	-1	-1	-1	-1	-1	-1	-1	-1	-1	-1	-1	-1
XMTQyMDExNjI2OA==	441	586	669	769	782	826	843	862	-1	-1	-1	-1	-1	-1	-1	-1	-1	-1	-1	-1	-1	-1	-1	-1	-1	-1	-1	-1	-1	-1
XMTQyMDA3Nzg4MA==	9	-1	-1	-1	-1	-1	-1	-1	-1	-1	-1	-1	-1	-1	-1	-1	-1	-1	-1	-1	-1	-1	-1	-1	-1	-1	-1	-1	-1	-1
XMTQxOTEzMDMxMg==	6	7	7	8	8	8	8	8	-1	-1	-1	-1	-1	-1	-1	-1	-1	-1	-1	-1	-1	-1	-1	-1	-1	-1	-1	-1	-1	-1
XMTQyMDQxNDY4MA==	15	-1	-1	-1	-1	-1	-1	-1	-1	-1	-1	-1	-1	-1	-1	-1	-1	-1	-1	-1	-1	-1	-1	-1	-1	-1	-1	-1	-1	-1
XMTQyMDQ4NTgwNA==	57	-1	-1	-1	-1	-1	-1	-1	-1	-1	-1	-1	-1	-1	-1	-1	-1	-1	-1	-1	-1	-1	-1	-1	-1	-1	-1	-1	-1	-1
XMTQxOTM4MjUwMA==	294	307	322	-1	-1	-1	323	327	329	331	333	333	333	333	335	335	337	337	337	337	337	340	341	342	342	344	344	345	345	345
XMTQxOTY5NzYzMg==	41	-1	-1	-1	-1	-1	-1	-1	-1	-1	-1	-1	-1	-1	-1	-1	-1	-1	-1	-1	-1	-1	-1	-1	-1	-1	-1	-1	-1	-1
XMTQxOTU1ODkzNg==	56	61	64	67	69	70	70	70	72	72	72	72	73	74	75	77	77	79	-1	-1	-1	-1	-1	-1	-1	-1	-1	-1	-1	-1
XMTQyMDA3ODcxNg==	5	6	5	5	5	5	5	5	-1	-1	-1	-1	-1	-1	-1	-1	-1	-1	-1	-1	-1	-1	-1	-1	-1	-1	-1	-1	-1	-1
XMTQxOTk0NjgxMg==	631	638	606	603	603	604	604	604	604	605	606	606	609	610	610	610	-1	-1	-1	-1	-1	-1	-1	-1	-1	-1	-1	-1	-1	-1
XMTQyMDYwMTI0OA==	2	5	5	5	5	5	5	5	5	5	5	5	5	5	5	5	5	5	5	5	5	5	5	5	5	5	5	-1	-1	-1
XMTQxOTc5NTg5Ng==	52	52	55	56	57	61	61	61	61	62	63	66	66	68	69	72	79	81	-1	-1	-1	-1	-1	-1	-1	-1	-1	-1	-1	-1
XMTQxOTk2NjUxNg==	230	262	268	281	292	294	297	321	362	373	374	376	379	383	385	387	389	391	394	395	402	-1	-1	-1	-1	-1	-1	-1	-1	-1
XMTQxOTc5NTEwMA==	19	36	64	67	67	67	69	70	71	71	71	72	74	78	79	84	85	86	-1	-1	-1	-1	-1	-1	-1	-1	-1	-1	-1	-1
XMTQxOTU4OTA0NA==	23	33	33	32	32	-1	-1	-1	-1	-1	-1	-1	-1	-1	-1	-1	-1	-1	-1	-1	-1	-1	-1	-1	-1	-1	-1	-1	-1	-1
XMTQxOTk2MDEwNA==	21	35	39	40	40	41	42	42	42	44	44	44	44	44	44	47	47	47	-1	-1	-1	-1	-1	-1	-1	-1	-1	-1	-1	-1
XMTQyMDE0NDA1Mg==	26	28	28	29	29	29	29	29	-1	-1	-1	-1	-1	-1	-1	-1	-1	-1	-1	-1	-1	-1	-1	-1	-1	-1	-1	-1	-1	-1
XMTQyMDA5ODYwNA==	6	6	6	6	6	6	6	6	6	6	6	6	6	6	-1	-1	-1	-1	-1	-1	-1	-1	-1	-1	-1	-1	-1	-1	-1	-1
XMTQxOTgwMDgyOA==	130	134	123	127	127	127	127	127	127	127	127	127	127	127	127	127	127	127	127	127	127	-1	-1	-1	-1	-1	-1	-1	-1	-1
XMTQyMDM1MDc0OA==	101	126	133	138	140	-1	-1	-1	-1	-1	-1	-1	-1	-1	-1	-1	-1	-1	-1	-1	-1	-1	-1	-1	-1	-1	-1	-1	-1	-1
XMTQxOTkyOTg2NA==	100	104	105	111	111	112	112	112	112	112	112	112	113	113	-1	-1	-1	-1	-1	-1	-1	-1	-1	-1	-1	-1	-1	-1	-1	-1
XMTQxODYxMzQyOA==	333	364	379	421	428	453	468	477	481	483	-1	-1	-1	-1	-1	-1	-1	-1	-1	-1	-1	-1	-1	-1	-1	-1	-1	-1	-1	-1
XMTQxOTg3ODU4NA==	215	218	192	191	192	193	195	198	199	205	206	210	210	-1	-1	-1	-1	-1	-1	-1	-1	-1	-1	-1	-1	-1	-1	-1	-1	-1
XMTQxOTk1MjM4NA==	11	14	14	14	14	14	14	14	14	14	14	14	14	14	-1	-1	-1	-1	-1	-1	-1	-1	-1	-1	-1	-1	-1	-1	-1	-1
XMTQxOTY0NjMzMg==	57	60	63	71	73	76	76	76	76	77	78	84	86	86	78	78	79	79	-1	-1	-1	-1	-1	-1	-1	-1	-1	-1	-1	-1
XMTQxOTcxNTQzNg==	31	38	45	-1	-1	-1	-1	-1	-1	-1	-1	-1	-1	-1	-1	-1	-1	-1	-1	-1	-1	-1	-1	-1	-1	-1	-1	-1	-1	-1
XMTQyMDEwNzg1Mg==	10	15	16	14	15	-1	-1	-1	-1	-1	-1	-1	-1	-1	-1	-1	-1	-1	-1	-1	-1	-1	-1	-1	-1	-1	-1	-1	-1	-1
XMTQxOTg2NTE2MA==	37	42	43	40	40	40	41	41	41	41	41	41	41	41	41	-1	-1	-1	-1	-1	-1	-1	-1	-1	-1	-1	-1	-1	-1	-1
XMTQyMDY1MzUzNg==	2	2	2	2	2	2	2	-1	-1	-1	-1	-1	-1	-1	-1	-1	-1	-1	-1	-1	-1	-1	-1	-1	-1	-1	-1	-1	-1	-1
XMTQxOTYxMTUyOA==	25	26	25	26	26	26	26	26	27	27	27	27	27	27	27	27	27	27	27	28	28	29	31	32	33	33	33	-1	-1	-1
XMTQyMDQxMjAwOA==	363	-1	-1	-1	-1	-1	-1	-1	-1	-1	-1	-1	-1	-1	-1	-1	-1	-1	-1	-1	-1	-1	-1	-1	-1	-1	-1	-1	-1	-1
XMTQxOTkzNDcxMg==	745	788	770	782	800	810	812	812	814	817	840	842	848	848	848	848	849	849	852	854	854	856	-1	-1	-1	-1	-1	-1	-1	-1
XMTQyMDI0MzA4NA==	431	-1	-1	-1	-1	-1	-1	-1	-1	-1	-1	-1	-1	-1	-1	-1	-1	-1	-1	-1	-1	-1	-1	-1	-1	-1	-1	-1	-1	-1
XMTQxOTU1MTA0OA==	710	839	924	943	948	957	958	960	962	966	967	967	967	969	969	-1	-1	-1	-1	-1	-1	-1	-1	-1	-1	-1	-1	-1	-1	-1
XMTQxOTg5MDI4MA==	17	17	16	-1	-1	-1	-1	-1	-1	-1	-1	-1	-1	-1	-1	-1	-1	-1	-1	-1	-1	-1	-1	-1	-1	-1	-1	-1	-1	-1
XMTQyMDYyMTcwOA==	4	8	12	13	13	13	13	13	13	13	13	13	13	14	14	14	-1	-1	-1	-1	-1	-1	-1	-1	-1	-1	-1	-1	-1	-1
XMTQyMDYzOTE3Ng==	2	2	2	2	2	2	2	2	2	2	2	2	2	2	2	2	2	2	2	2	2	2	-1	-1	-1	-1	-1	-1	-1	-1
XMTQxOTkzMjM0OA==	166	198	236	259	261	277	282	283	283	283	283	283	283	283	283	283	283	283	283	283	283	-1	-1	-1	-1	-1	-1	-1	-1	-1
XMTQxOTUxMjYyMA==	65	68	69	69	69	69	-1	-1	-1	-1	-1	-1	-1	-1	-1	-1	-1	-1	-1	-1	-1	-1	-1	-1	-1	-1	-1	-1	-1	-1
XMTQxOTM3ODQxMg==	147	-1	-1	-1	-1	-1	-1	-1	-1	-1	-1	-1	-1	-1	-1	-1	-1	-1	-1	-1	-1	-1	-1	-1	-1	-1	-1	-1	-1	-1
XMTQyMDIyNDMxMg==	4401	7989	10306	11957	12041	12198	12290	12459	12525	12618	12740	12855	12943	12996	13063	13125	13181	13242	13281	13319	13368	13412	13450	-1	-1	-1	-1	-1	-1	-1
XMTQxOTYzNjQyNA==	31	41	47	50	51	51	52	53	53	53	53	60	62	62	62	63	63	65	-1	-1	-1	-1	-1	-1	-1	-1	-1	-1	-1	-1
XMTQyMDY0OTMwOA==	2	2	2	2	2	2	2	-1	-1	-1	-1	-1	-1	-1	-1	-1	-1	-1	-1	-1	-1	-1	-1	-1	-1	-1	-1	-1	-1	-1
XMTQxOTc3NTE5Mg==	571	638	653	684	692	709	721	728	-1	-1	-1	-1	-1	-1	-1	-1	-1	-1	-1	-1	-1	-1	-1	-1	-1	-1	-1	-1	-1	-1
XMTQxOTU0MTc2NA==	265	390	489	-1	-1	-1	-1	-1	-1	-1	-1	-1	-1	-1	-1	-1	-1	-1	-1	-1	-1	-1	-1	-1	-1	-1	-1	-1	-1	-1
XMTQyMDA2MTI2NA==	15	17	17	16	16	16	16	16	16	16	16	-1	-1	-1	-1	-1	-1	-1	-1	-1	-1	-1	-1	-1	-1	-1	-1	-1	-1	-1
XMTQyMDE5MjY2OA==	6	-1	-1	-1	-1	-1	-1	-1	-1	-1	-1	-1	-1	-1	-1	-1	-1	-1	-1	-1	-1	-1	-1	-1	-1	-1	-1	-1	-1	-1
XMTQxOTY2NTUwOA==	23	25	25	26	26	28	28	28	28	28	28	28	28	28	28	28	28	28	-1	-1	-1	-1	-1	-1	-1	-1	-1	-1	-1	-1
XMTQxOTk2NDI5Mg==	1159	1779	-1	-1	-1	-1	-1	-1	-1	-1	-1	-1	-1	-1	-1	-1	-1	-1	-1	-1	-1	-1	-1	-1	-1	-1	-1	-1	-1	-1
XMTQyMDExNjYyNA==	486	668	734	990	1008	1068	1080	1105	-1	-1	-1	-1	-1	-1	-1	-1	-1	-1	-1	-1	-1	-1	-1	-1	-1	-1	-1	-1	-1	-1
XMTQyMDcyMTkzNg==	6	14	15	-1	-1	-1	-1	-1	-1	-1	-1	-1	-1	-1	-1	-1	-1	-1	-1	-1	-1	-1	-1	-1	-1	-1	-1	-1	-1	-1
XMTQyMDUwNzQ2OA==	4	5	5	3	3	3	3	3	3	3	3	3	3	3	3	3	-1	-1	-1	-1	-1	-1	-1	-1	-1	-1	-1	-1	-1	-1
XMTQxOTczODU4MA==	14	29	50	50	53	57	63	63	63	65	65	66	66	66	69	69	70	74	-1	-1	-1	-1	-1	-1	-1	-1	-1	-1	-1	-1
XMTQyMDAyOTIyMA==	266	301	339	352	353	359	361	362	362	363	375	378	-1	-1	-1	-1	-1	-1	-1	-1	-1	-1	-1	-1	-1	-1	-1	-1	-1	-1
XMTQyMDI2MjUyOA==	2778	-1	-1	-1	-1	-1	-1	-1	-1	-1	-1	-1	-1	-1	-1	-1	-1	-1	-1	-1	-1	-1	-1	-1	-1	-1	-1	-1	-1	-1
XMTQxOTczNzU4OA==	8	15	20	22	22	22	23	24	24	24	24	24	24	24	25	25	26	26	-1	-1	-1	-1	-1	-1	-1	-1	-1	-1	-1	-1
XMTQxOTczODk0NA==	6	14	20	21	22	23	24	24	24	24	24	26	26	26	26	26	26	26	-1	-1	-1	-1	-1	-1	-1	-1	-1	-1	-1	-1
XMTQyMDM1MzIyOA==	2027	3729	4067	4109	-1	-1	-1	-1	-1	-1	-1	-1	-1	-1	-1	-1	-1	-1	-1	-1	-1	-1	-1	-1	-1	-1	-1	-1	-1	-1
XMTQxOTYzNzMyOA==	637	893	1043	1540	1718	2045	-1	-1	-1	-1	-1	-1	-1	2116	2125	2147	2180	2231	2259	2276	2291	2314	2330	2337	2351	2363	2375	2390	2404	2418
XMTQxOTc3NTgwNA==	160	161	152	150	150	150	150	150	150	150	150	150	150	152	153	154	154	154	154	155	155	-1	-1	-1	-1	-1	-1	-1	-1	-1
XMTQyMDA4NDI1Ng==	202	366	619	2395	3499	6237	8152	-1	-1	-1	-1	-1	-1	-1	-1	-1	-1	-1	-1	-1	-1	-1	-1	-1	-1	-1	-1	-1	-1	-1
XMTQyMDQ2MDQ2NA==	3185	4724	6171	7559	8040	-1	-1	-1	-1	-1	-1	-1	-1	-1	-1	-1	-1	-1	-1	-1	-1	-1	-1	-1	-1	-1	-1	-1	-1	-1
XMTQyMDQ0MjgwMA==	32	35	35	36	36	-1	-1	-1	-1	-1	-1	-1	-1	-1	-1	-1	-1	-1	-1	-1	-1	-1	-1	-1	-1	-1	-1	-1	-1	-1
XMTQyMDM3NDk5Mg==	13	-1	-1	-1	-1	-1	-1	-1	-1	-1	-1	-1	-1	-1	-1	-1	-1	-1	-1	-1	-1	-1	-1	-1	-1	-1	-1	-1	-1	-1
XMTQyMDIxMjUyMA==	21	25	26	25	26	30	34	42	44	42	38	36	45	51	-1	-1	-1	-1	-1	-1	-1	-1	-1	-1	-1	-1	-1	-1	-1	-1
XMTQyMDI2OTcwOA==	274	361	453	569	587	595	602	617	626	630	634	636	639	643	645	646	648	-1	-1	-1	-1	-1	-1	-1	-1	-1	-1	-1	-1	-1
XMTQxOTY3OTcwNA==	63	79	86	90	97	109	112	113	121	123	124	126	129	129	130	130	136	136	137	138	139	-1	-1	-1	-1	-1	-1	-1	-1	-1
XMTQxOTgzODgyOA==	19	21	21	21	21	21	22	22	27	29	29	29	29	32	-1	-1	-1	-1	-1	-1	-1	-1	-1	-1	-1	-1	-1	-1	-1	-1
XMTQxOTY2NTMyOA==	72	81	91	97	110	107	111	113	118	120	125	128	129	133	133	136	141	143	-1	-1	-1	-1	-1	-1	-1	-1	-1	-1	-1	-1
XMTQyMDU0NzAwOA==	3	-1	-1	-1	-1	-1	-1	-1	-1	-1	-1	-1	-1	-1	-1	-1	-1	-1	-1	-1	-1	-1	-1	-1	-1	-1	-1	-1	-1	-1
XMTQyMDUwMjcxMg==	2	4	4	2	2	2	2	2	2	2	2	2	2	2	2	-1	-1	-1	-1	-1	-1	-1	-1	-1	-1	-1	-1	-1	-1	-1
XMTQyMDE0MjcxMg==	228	393	434	444	445	447	452	452	452	453	453	454	456	456	456	-1	-1	-1	-1	-1	-1	-1	-1	-1	-1	-1	-1	-1	-1	-1
XMTQxOTkzOTEyMA==	27	35	35	-1	-1	-1	-1	-1	-1	-1	-1	-1	-1	-1	-1	-1	-1	-1	-1	-1	-1	-1	-1	-1	-1	-1	-1	-1	-1	-1
XMTQyMDI3Njk1Ng==	33	33	33	34	-1	-1	-1	-1	-1	-1	-1	-1	-1	-1	-1	-1	-1	-1	-1	-1	-1	-1	-1	-1	-1	-1	-1	-1	-1	-1
XMTQyMDUwMDAwOA==	67	-1	-1	-1	-1	-1	-1	-1	-1	-1	-1	-1	-1	-1	-1	-1	-1	-1	-1	-1	-1	-1	-1	-1	-1	-1	-1	-1	-1	-1
XMTQyMDY0MjUzMg==	2	2	2	2	2	2	2	-1	-1	-1	-1	-1	-1	-1	-1	-1	-1	-1	-1	-1	-1	-1	-1	-1	-1	-1	-1	-1	-1	-1
XMTQyMDg2NTczMg==	4	4	4	-1	-1	-1	-1	-1	-1	-1	-1	-1	-1	-1	-1	-1	-1	-1	-1	-1	-1	-1	-1	-1	-1	-1	-1	-1	-1	-1
XMTQxOTU1NDk3Ng==	26	40	47	54	54	54	56	61	61	62	66	72	74	75	77	80	82	82	-1	-1	-1	-1	-1	-1	-1	-1	-1	-1	-1	-1
XMTQxOTYzNDM0MA==	42	43	43	43	44	44	44	44	44	44	51	-1	-1	-1	-1	-1	-1	-1	-1	-1	-1	-1	-1	-1	-1	-1	-1	-1	-1	-1
XMTQyMDE5NTU3Ng==	50	-1	-1	-1	-1	-1	-1	-1	-1	-1	-1	-1	-1	-1	-1	-1	-1	-1	-1	-1	-1	-1	-1	-1	-1	-1	-1	-1	-1	-1
XMTQxOTU1NjkyOA==	269	277	267	278	283	296	309	327	332	351	367	389	410	428	440	457	462	465	-1	-1	-1	-1	-1	-1	-1	-1	-1	-1	-1	-1
XMTQyMDExNTg2MA==	565	752	865	985	998	1035	1057	1102	-1	-1	-1	-1	-1	-1	-1	-1	-1	-1	-1	-1	-1	-1	-1	-1	-1	-1	-1	-1	-1	-1
XMTQyMDYxNTkwOA==	-1	-1	-1	-1	-1	-1	-1	-1	-1	-1	-1	-1	-1	-1	-1	-1	-1	-1	-1	-1	-1	-1	-1	-1	-1	-1	-1	-1	-1	-1
XMTQyMDQzODEwOA==	35	-1	-1	-1	-1	-1	-1	-1	-1	-1	-1	-1	-1	-1	-1	-1	-1	-1	-1	-1	-1	-1	-1	-1	-1	-1	-1	-1	-1	-1
XMTQxOTc5NjY1Mg==	82	88	83	99	102	102	106	108	108	110	116	122	130	137	139	140	143	152	-1	-1	-1	-1	-1	-1	-1	-1	-1	-1	-1	-1
XMTQxOTQwNjEyNA==	64	67	66	-1	-1	-1	-1	-1	-1	-1	-1	-1	-1	-1	-1	-1	-1	-1	-1	-1	-1	-1	-1	-1	-1	-1	-1	-1	-1	-1
XMTQyMDUxNjc4OA==	2	3	3	-1	-1	-1	-1	-1	-1	-1	-1	-1	-1	-1	-1	-1	-1	-1	-1	-1	-1	-1	-1	-1	-1	-1	-1	-1	-1	-1
XMTQxOTg0OTE3Ng==	47	52	52	49	49	49	49	49	50	50	50	50	50	50	50	-1	-1	-1	-1	-1	-1	-1	-1	-1	-1	-1	-1	-1	-1	-1
XMTQyMDA3NDk5Mg==	10	10	-1	-1	-1	-1	-1	-1	-1	-1	-1	-1	-1	-1	-1	-1	-1	-1	-1	-1	-1	-1	-1	-1	-1	-1	-1	-1	-1	-1
XMTQxOTg4Nzk2MA==	78	85	84	90	91	94	101	103	103	103	104	109	112	116	119	119	119	121	125	126	127	-1	-1	-1	-1	-1	-1	-1	-1	-1
XMTQxOTk5MTE0NA==	-1	-1	-1	-1	-1	-1	-1	-1	-1	-1	-1	-1	-1	-1	-1	-1	-1	-1	-1	-1	-1	-1	-1	-1	-1	-1	-1	-1	-1	-1
XMTQyMDA5Nzk0NA==	9	9	8	7	7	-1	-1	-1	-1	-1	-1	-1	-1	-1	-1	-1	-1	-1	-1	-1	-1	-1	-1	-1	-1	-1	-1	-1	-1	-1
XMTQxOTQzMjU0MA==	27	34	35	-1	-1	-1	-1	-1	-1	-1	-1	-1	-1	-1	-1	-1	-1	-1	-1	-1	-1	-1	-1	-1	-1	-1	-1	-1	-1	-1
XMTQyMDA3NzA3Ng==	206	224	220	-1	-1	-1	-1	-1	-1	-1	-1	-1	-1	-1	-1	-1	-1	-1	-1	-1	-1	-1	-1	-1	-1	-1	-1	-1	-1	-1
XMTQyMDg1MDc2OA==	5	-1	-1	-1	-1	-1	-1	-1	-1	-1	-1	-1	-1	-1	-1	-1	-1	-1	-1	-1	-1	-1	-1	-1	-1	-1	-1	-1	-1	-1
XMTQxOTE5MTQzMg==	262	305	323	374	407	455	573	1277	2120	2162	-1	-1	-1	-1	-1	-1	-1	-1	-1	-1	-1	-1	-1	-1	-1	-1	-1	-1	-1	-1
XMTQxOTY1MzczMg==	13	14	14	15	15	16	17	17	17	17	17	-1	-1	-1	-1	-1	-1	-1	-1	-1	-1	-1	-1	-1	-1	-1	-1	-1	-1	-1
XMTQyMDY3MzQ2OA==	11	-1	-1	-1	-1	-1	-1	-1	-1	-1	-1	-1	-1	-1	-1	-1	-1	-1	-1	-1	-1	-1	-1	-1	-1	-1	-1	-1	-1	-1
XMTQyMDU1Mzk3Ng==	9	13	-1	-1	-1	-1	-1	-1	-1	-1	-1	-1	-1	-1	-1	-1	-1	-1	-1	-1	-1	-1	-1	-1	-1	-1	-1	-1	-1	-1
XMTQyMDUyMzkxNg==	2	3	3	2	2	2	2	2	3	3	3	3	3	3	3	3	3	3	4	4	4	-1	-1	-1	-1	-1	-1	-1	-1	-1
XMTQyMDEwMzYzNg==	4	-1	-1	-1	-1	-1	-1	-1	-1	-1	-1	-1	-1	-1	-1	-1	-1	-1	-1	-1	-1	-1	-1	-1	-1	-1	-1	-1	-1	-1
XMTQxOTY2NjUwOA==	14	17	22	22	22	23	23	23	23	23	23	24	24	25	25	25	25	25	-1	-1	-1	-1	-1	-1	-1	-1	-1	-1	-1	-1
XMTQyMDAyMDM0OA==	25	32	36	-1	-1	-1	-1	-1	-1	-1	-1	-1	-1	-1	-1	-1	-1	-1	-1	-1	-1	-1	-1	-1	-1	-1	-1	-1	-1	-1
XMTQxOTk0MjA2OA==	431	-1	-1	-1	-1	-1	-1	-1	-1	-1	-1	-1	-1	-1	-1	-1	-1	-1	-1	-1	-1	-1	-1	-1	-1	-1	-1	-1	-1	-1
XMTQxOTg2MTc0NA==	68	-1	-1	-1	-1	-1	-1	-1	-1	-1	-1	-1	-1	-1	-1	-1	-1	-1	-1	-1	-1	-1	-1	-1	-1	-1	-1	-1	-1	-1
XMTQxOTkxOTEwOA==	419	455	465	478	484	486	487	489	490	492	494	501	506	508	509	509	509	509	511	511	511	511	-1	-1	-1	-1	-1	-1	-1	-1
XMTQyMDA1NTI1Ng==	106	123	129	-1	-1	-1	-1	-1	-1	-1	-1	-1	-1	-1	-1	-1	-1	-1	-1	-1	-1	-1	-1	-1	-1	-1	-1	-1	-1	-1
XMTQyMDA0NzUzNg==	-1	-1	-1	-1	-1	-1	-1	-1	-1	-1	-1	-1	-1	-1	-1	-1	-1	-1	-1	-1	-1	-1	-1	-1	-1	-1	-1	-1	-1	-1
XMTQyMDE5ODEyMA==	29	35	46	52	54	65	68	71	73	77	84	92	96	97	-1	-1	-1	-1	-1	-1	-1	-1	-1	-1	-1	-1	-1	-1	-1	-1
XMTQxOTgxNzkzMg==	119	165	173	174	175	176	176	-1	-1	-1	-1	-1	-1	-1	-1	-1	-1	-1	-1	-1	-1	-1	-1	-1	-1	-1	-1	-1	-1	-1
XMTQyMDE0MDIxNg==	21	-1	-1	-1	-1	-1	-1	-1	-1	-1	-1	-1	-1	-1	-1	-1	-1	-1	-1	-1	-1	-1	-1	-1	-1	-1	-1	-1	-1	-1
XMTQxOTkyNjYxMg==	12828	12915	12929	12875	12885	12907	12918	12924	12925	12932	12937	12941	12951	12958	12962	12969	-1	-1	-1	-1	-1	-1	-1	-1	-1	-1	-1	-1	-1	-1
XMTQxOTY2NTUxMg==	66	67	71	76	76	78	78	79	79	81	82	85	87	87	87	87	87	87	-1	-1	-1	-1	-1	-1	-1	-1	-1	-1	-1	-1
XMTQyMDUzMTYxNg==	2455	2487	2497	2502	2506	2508	2513	-1	-1	-1	-1	-1	-1	-1	-1	-1	-1	-1	-1	-1	-1	-1	-1	-1	-1	-1	-1	-1	-1	-1
XMTQxOTQ2NTE0NA==	47	51	-1	-1	-1	-1	-1	-1	-1	-1	-1	-1	-1	-1	-1	-1	-1	-1	-1	-1	-1	-1	-1	-1	-1	-1	-1	-1	-1	-1
XMTQxOTgyODgwMA==	775	-1	-1	-1	-1	-1	-1	-1	-1	-1	-1	-1	-1	-1	-1	-1	-1	-1	-1	-1	-1	-1	-1	-1	-1	-1	-1	-1	-1	-1
XMTQxOTYyMzcyMA==	11382	11632	11782	11902	11940	12102	12156	12217	-1	-1	-1	-1	-1	-1	-1	-1	-1	-1	-1	-1	-1	-1	-1	-1	-1	-1	-1	-1	-1	-1
XMTQyMDEzMzEyOA==	17	18	26	28	28	28	28	29	30	33	33	33	34	34	34	34	-1	-1	-1	-1	-1	-1	-1	-1	-1	-1	-1	-1	-1	-1
XMTQyMDAwODk4NA==	11	13	12	12	-1	-1	-1	-1	-1	-1	-1	-1	-1	-1	-1	-1	-1	-1	-1	-1	-1	-1	-1	-1	-1	-1	-1	-1	-1	-1
XMTQyMDA3ODkwNA==	100	140	196	265	285	328	377	400	414	421	-1	-1	-1	-1	-1	-1	-1	-1	-1	-1	-1	-1	-1	-1	-1	-1	-1	-1	-1	-1
XMTQyMDA4MjY4NA==	254	413	604	1037	1287	1757	2160	-1	-1	-1	-1	-1	-1	-1	-1	-1	-1	-1	-1	-1	-1	-1	-1	-1	-1	-1	-1	-1	-1	-1
XMTQyMDM2NzcwOA==	1126	1338	-1	-1	-1	-1	-1	-1	-1	-1	-1	-1	-1	-1	-1	-1	-1	-1	-1	-1	-1	-1	-1	-1	-1	-1	-1	-1	-1	-1
XMTQxOTM3ODA0MA==	74	-1	-1	-1	-1	-1	-1	-1	-1	-1	-1	-1	-1	-1	-1	-1	-1	-1	-1	-1	-1	-1	-1	-1	-1	-1	-1	-1	-1	-1
XMTQxOTQ1NTU1Mg==	36	64	69	69	69	70	70	-1	-1	-1	-1	-1	-1	-1	-1	-1	-1	-1	-1	-1	-1	-1	-1	-1	-1	-1	-1	-1	-1	-1
XMTQyMDExNjkwNA==	292	378	405	429	433	483	485	486	-1	-1	-1	-1	-1	-1	-1	-1	-1	-1	-1	-1	-1	-1	-1	-1	-1	-1	-1	-1	-1	-1
XMTQxOTU4MTAwMA==	1	1	1	-1	-1	-1	-1	-1	-1	-1	-1	-1	-1	-1	-1	-1	-1	-1	-1	-1	-1	-1	-1	-1	-1	-1	-1	-1	-1	-1
XMTQyMDMxODMyMA==	1922	2766	3280	3505	3551	3686	3760	3876	3989	4092	4280	4510	4767	-1	-1	-1	-1	-1	-1	-1	-1	-1	-1	-1	-1	-1	-1	-1	-1	-1
XMTQxOTI0ODgwMA==	254	-1	-1	-1	-1	-1	-1	-1	-1	-1	-1	-1	-1	-1	-1	-1	-1	-1	-1	-1	-1	-1	-1	-1	-1	-1	-1	-1	-1	-1
XMTQyMDYwOTIwMA==	10	10	10	8	8	8	8	8	8	8	8	8	8	8	8	8	8	8	8	-1	-1	-1	-1	-1	-1	-1	-1	-1	-1	-1
XMTQxOTczOTUwOA==	111	116	128	164	172	184	197	202	214	220	229	237	244	251	253	262	274	301	-1	-1	-1	-1	-1	-1	-1	-1	-1	-1	-1	-1
XMTQxOTk3NDAxMg==	19	-1	-1	-1	-1	-1	-1	-1	-1	-1	-1	-1	-1	-1	-1	-1	-1	-1	-1	-1	-1	-1	-1	-1	-1	-1	-1	-1	-1	-1
XMTQxOTQ2NTE2NA==	20	21	20	19	19	19	19	19	-1	-1	-1	-1	-1	-1	-1	-1	-1	-1	-1	-1	-1	-1	-1	-1	-1	-1	-1	-1	-1	-1
XMTQxOTYyMzUyNA==	329	377	392	406	412	419	419	422	-1	-1	-1	-1	-1	-1	-1	-1	-1	-1	-1	-1	-1	-1	-1	-1	-1	-1	-1	-1	-1	-1
XMTQyMDU2OTYxNg==	3	4	-1	-1	-1	-1	-1	-1	-1	-1	-1	-1	-1	-1	-1	-1	-1	-1	-1	-1	-1	-1	-1	-1	-1	-1	-1	-1	-1	-1
XMTQxOTY1NDYwNA==	21	-1	-1	-1	-1	-1	-1	-1	-1	-1	-1	-1	-1	-1	-1	-1	-1	-1	-1	-1	-1	-1	-1	-1	-1	-1	-1	-1	-1	-1
XMTQxOTYyMzY2MA==	646	714	749	798	810	826	833	839	-1	-1	-1	-1	-1	-1	-1	-1	-1	-1	-1	-1	-1	-1	-1	-1	-1	-1	-1	-1	-1	-1
XMTQxOTQ3MzQwMA==	25	-1	-1	-1	-1	-1	-1	-1	-1	-1	-1	-1	-1	-1	-1	-1	-1	-1	-1	-1	-1	-1	-1	-1	-1	-1	-1	-1	-1	-1
XMTQyMDA3MDYwNA==	18	20	-1	-1	-1	-1	-1	-1	-1	-1	-1	-1	-1	-1	-1	-1	-1	-1	-1	-1	-1	-1	-1	-1	-1	-1	-1	-1	-1	-1
XMTQxOTYyMzkyOA==	475	513	526	546	550	558	561	569	-1	-1	-1	-1	-1	-1	-1	-1	-1	-1	-1	-1	-1	-1	-1	-1	-1	-1	-1	-1	-1	-1
XMTQxOTQ5OTg5Ng==	19	19	16	-1	-1	-1	-1	-1	-1	-1	-1	-1	-1	-1	-1	-1	-1	-1	-1	-1	-1	-1	-1	-1	-1	-1	-1	-1	-1	-1
XMTQxOTc5Njc4NA==	256	268	272	276	277	284	289	290	294	295	296	296	296	296	296	296	296	296	296	296	296	-1	-1	-1	-1	-1	-1	-1	-1	-1
XMTQxOTg2MjQyOA==	25	31	32	26	26	26	27	27	27	27	27	27	27	27	27	-1	-1	-1	-1	-1	-1	-1	-1	-1	-1	-1	-1	-1	-1	-1
XMTQxOTUxMzIwMA==	38	43	42	41	41	41	-1	-1	-1	-1	-1	-1	-1	-1	-1	-1	-1	-1	-1	-1	-1	-1	-1	-1	-1	-1	-1	-1	-1	-1
XMTQxOTk3NzA2MA==	-1	-1	-1	-1	-1	-1	-1	-1	-1	-1	-1	-1	-1	-1	-1	-1	-1	-1	-1	-1	-1	-1	-1	-1	-1	-1	-1	-1	-1	-1
XMTQxOTg1NDQwOA==	7	-1	-1	-1	-1	-1	-1	-1	-1	-1	-1	-1	-1	-1	-1	-1	-1	-1	-1	-1	-1	-1	-1	-1	-1	-1	-1	-1	-1	-1
XMTQxOTIxNzcyNA==	-1	-1	-1	-1	-1	-1	-1	-1	-1	-1	-1	-1	-1	-1	-1	-1	-1	-1	-1	-1	-1	-1	-1	-1	-1	-1	-1	-1	-1	-1
XMTQyMDI4MDAzNg==	192	-1	-1	-1	-1	-1	-1	-1	-1	-1	-1	-1	-1	-1	-1	-1	-1	-1	-1	-1	-1	-1	-1	-1	-1	-1	-1	-1	-1	-1
XMTQyMDQ2NzI0OA==	3	5	5	5	5	5	5	5	5	5	5	5	5	5	5	-1	-1	-1	-1	-1	-1	-1	-1	-1	-1	-1	-1	-1	-1	-1
XMTQyMDc5MDAxMg==	3	20	25	30	31	31	31	31	34	39	39	39	40	43	44	48	51	55	57	58	58	58	59	59	59	60	60	-1	-1	-1
XMTQyMDcwMTQ1Mg==	151263	5120591	5124918	18782	18941	19030	19124	19191	19221	19270	19310	19319	19316	-1	-1	-1	-1	-1	-1	-1	-1	-1	-1	-1	-1	-1	-1	-1	-1	-1
XMTQyMDIwNjUxNg==	2	2	2	2	2	4	4	-1	-1	-1	-1	-1	-1	-1	-1	-1	-1	-1	-1	-1	-1	-1	-1	-1	-1	-1	-1	-1	-1	-1
XMTQxOTY2ODU3Mg==	14	23	27	29	29	29	30	35	37	40	40	40	43	43	43	42	44	46	-1	-1	-1	-1	-1	-1	-1	-1	-1	-1	-1	-1
XMTQyMDI1MDQwMA==	31	-1	-1	-1	-1	-1	-1	-1	-1	-1	-1	-1	-1	-1	-1	-1	-1	-1	-1	-1	-1	-1	-1	-1	-1	-1	-1	-1	-1	-1
XMTQyMDExNDY0MA==	298	408	466	529	539	565	572	587	-1	-1	-1	-1	-1	-1	-1	-1	-1	-1	-1	-1	-1	-1	-1	-1	-1	-1	-1	-1	-1	-1
XMTQxOTczMjUzNg==	81	104	-1	-1	-1	-1	-1	-1	-1	-1	-1	-1	-1	-1	-1	-1	-1	-1	-1	-1	-1	-1	-1	-1	-1	-1	-1	-1	-1	-1
XMTQxODA3NjIwOA==	1248	2341	2792	3417	3560	3745	3824	3892	3955	4050	-1	-1	-1	-1	-1	-1	-1	-1	-1	-1	-1	-1	-1	-1	-1	-1	-1	-1	-1	-1
XMTQyMDY1MzAzMg==	2	2	2	2	2	2	2	-1	-1	-1	-1	-1	-1	-1	-1	-1	-1	-1	-1	-1	-1	-1	-1	-1	-1	-1	-1	-1	-1	-1
XMTQyMDExNTQ0MA==	254	336	380	417	422	439	441	447	-1	-1	-1	-1	-1	-1	-1	-1	-1	-1	-1	-1	-1	-1	-1	-1	-1	-1	-1	-1	-1	-1
XMTQyMDcyOTY3Ng==	6	16	16	16	16	17	17	21	21	21	21	21	21	21	21	21	21	21	-1	-1	-1	-1	-1	-1	-1	-1	-1	-1	-1	-1
XMTQyMDgyMzMwOA==	26853	-1	-1	-1	-1	-1	-1	-1	-1	-1	-1	-1	-1	-1	-1	-1	-1	-1	-1	-1	-1	-1	-1	-1	-1	-1	-1	-1	-1	-1
XMTQyMDcyODgxNg==	3	10	13	12	12	12	12	12	12	12	12	12	12	12	12	12	12	12	-1	-1	-1	-1	-1	-1	-1	-1	-1	-1	-1	-1
XMTQxOTg3NjQ1Mg==	13	-1	-1	-1	-1	-1	-1	-1	-1	-1	-1	-1	-1	-1	-1	-1	-1	-1	-1	-1	-1	-1	-1	-1	-1	-1	-1	-1	-1	-1
XMTQxOTcyMjkyMA==	378	422	469	478	482	488	489	489	489	490	503	504	-1	-1	-1	-1	-1	-1	-1	-1	-1	-1	-1	-1	-1	-1	-1	-1	-1	-1
XMTQxOTU4NzU1Mg==	9	9	8	8	8	9	9	9	10	10	10	10	10	10	10	10	10	10	10	10	10	10	10	10	10	10	10	10	-1	-1
XMTQyMDA4MzQyNA==	8	-1	-1	-1	-1	-1	-1	-1	-1	-1	-1	-1	-1	-1	-1	-1	-1	-1	-1	-1	-1	-1	-1	-1	-1	-1	-1	-1	-1	-1
XMTQyMDI3NTIzNg==	10	-1	-1	-1	-1	-1	-1	-1	-1	-1	-1	-1	-1	-1	-1	-1	-1	-1	-1	-1	-1	-1	-1	-1	-1	-1	-1	-1	-1	-1
XMTQxODc1NTgwOA==	26	29	29	32	32	33	33	33	33	33	33	33	33	33	34	34	34	35	-1	-1	-1	-1	-1	-1	-1	-1	-1	-1	-1	-1
XMTQxOTUzOTg5Ng==	25	29	28	28	28	30	30	30	-1	-1	-1	-1	-1	-1	-1	-1	-1	-1	-1	-1	-1	-1	-1	-1	-1	-1	-1	-1	-1	-1
XMTQyMDA3MTMzNg==	47	48	-1	-1	-1	-1	-1	-1	-1	-1	-1	-1	-1	-1	-1	-1	-1	-1	-1	-1	-1	-1	-1	-1	-1	-1	-1	-1	-1	-1
XMTQxOTc0NDA2NA==	162	182	237	-1	-1	-1	-1	-1	-1	-1	-1	-1	-1	-1	-1	-1	-1	-1	-1	-1	-1	-1	-1	-1	-1	-1	-1	-1	-1	-1
XMTQxOTI3NzYyNA==	18	23	22	22	22	24	30	30	30	31	31	31	32	34	34	34	34	36	39	44	-1	-1	-1	-1	-1	-1	-1	-1	-1	-1
XMTQxOTYwOTc5Mg==	22	26	26	27	27	26	26	26	26	26	26	26	26	26	26	26	27	27	26	26	26	26	26	26	26	26	-1	-1	-1	-1
XMTQyMDczMjk5Ng==	2	2	2	3	4	5	-1	-1	-1	-1	-1	-1	-1	-1	-1	-1	-1	-1	-1	-1	-1	-1	-1	-1	-1	-1	-1	-1	-1	-1
XMTQxOTc4NzMwMA==	177	231	255	284	307	346	360	371	386	397	407	420	425	428	436	444	453	456	458	464	469	473	479	484	-1	-1	-1	-1	-1	-1
XMTQyMDcwNTE0MA==	6	-1	-1	-1	-1	-1	-1	-1	-1	-1	-1	-1	-1	-1	-1	-1	-1	-1	-1	-1	-1	-1	-1	-1	-1	-1	-1	-1	-1	-1
XMTQxOTY3NjI0MA==	115	119	114	115	117	124	124	124	-1	-1	-1	-1	-1	-1	-1	-1	-1	-1	-1	-1	-1	-1	-1	-1	-1	-1	-1	-1	-1	-1
XMTQyMDE1NDcwMA==	65	67	68	67	67	67	67	67	67	67	67	67	67	67	67	67	67	67	67	67	67	67	67	67	-1	-1	-1	-1	-1	-1
XMTQyMDE0Mzg0NA==	2	-1	-1	-1	-1	-1	-1	-1	-1	-1	-1	-1	-1	-1	-1	-1	-1	-1	-1	-1	-1	-1	-1	-1	-1	-1	-1	-1	-1	-1
XMTQxOTk3NzMyNA==	45	50	-1	-1	-1	-1	-1	-1	-1	-1	-1	-1	-1	-1	-1	-1	-1	-1	-1	-1	-1	-1	-1	-1	-1	-1	-1	-1	-1	-1
XMTQxOTM3MjU0NA==	44	44	48	48	48	48	82	92	96	110	-1	-1	-1	-1	-1	-1	-1	-1	-1	-1	-1	-1	-1	-1	-1	-1	-1	-1	-1	-1
XMTQxOTg0MDUxNg==	21	21	22	21	21	21	21	-1	-1	-1	-1	-1	-1	-1	-1	-1	-1	-1	-1	-1	-1	-1	-1	-1	-1	-1	-1	-1	-1	-1
XMTQyMDExNzIyOA==	359	494	541	591	598	616	617	623	623	623	-1	-1	-1	-1	-1	-1	-1	-1	-1	-1	-1	-1	-1	-1	-1	-1	-1	-1	-1	-1
XMTQxOTY5MjIyNA==	50	73	90	95	97	98	99	99	100	101	103	103	104	104	104	104	106	108	-1	-1	-1	-1	-1	-1	-1	-1	-1	-1	-1	-1
XMTQyMDE1MTI5Mg==	30	33	33	33	33	34	34	36	36	36	36	36	37	37	37	37	37	-1	-1	-1	-1	-1	-1	-1	-1	-1	-1	-1	-1	-1
XMTQyMDU0MTkzNg==	8	11	13	11	11	11	11	11	11	11	11	11	11	11	11	11	-1	-1	-1	-1	-1	-1	-1	-1	-1	-1	-1	-1	-1	-1
XMTQxOTcxNjA3Ng==	21	31	41	50	52	52	60	64	68	76	77	79	86	95	98	102	105	114	-1	-1	-1	-1	-1	-1	-1	-1	-1	-1	-1	-1
XMTQyMDI5Mjc2OA==	5	-1	-1	-1	-1	-1	-1	-1	-1	-1	-1	-1	-1	-1	-1	-1	-1	-1	-1	-1	-1	-1	-1	-1	-1	-1	-1	-1	-1	-1
XMTQxOTk0OTI5Ng==	101	134	134	154	155	173	175	179	179	181	179	179	179	179	179	179	179	179	179	179	179	-1	-1	-1	-1	-1	-1	-1	-1	-1
XMTQxOTU3NTU1Mg==	2556	3524	4362	7702	9950	15780	16719	16730	16498	16482	16491	16520	16526	16530	16531	16537	16538	-1	-1	-1	-1	-1	-1	-1	-1	-1	-1	-1	-1	-1
XMTQyMDExOTk3Mg==	130	193	209	-1	-1	-1	-1	-1	-1	-1	-1	-1	-1	-1	-1	-1	-1	-1	-1	-1	-1	-1	-1	-1	-1	-1	-1	-1	-1	-1
XMTQyMDY3NzQxNg==	3	9	9	7	7	7	7	7	7	7	7	7	7	7	7	7	7	7	7	7	-1	-1	-1	-1	-1	-1	-1	-1	-1	-1
XMTQyMDQwMDA2NA==	37	-1	-1	-1	-1	-1	-1	-1	-1	-1	-1	-1	-1	-1	-1	-1	-1	-1	-1	-1	-1	-1	-1	-1	-1	-1	-1	-1	-1	-1
XMTQxOTc3NDE4OA==	130	150	151	152	152	-1	-1	-1	-1	-1	-1	-1	-1	-1	-1	-1	-1	-1	-1	-1	-1	-1	-1	-1	-1	-1	-1	-1	-1	-1
XMTQxOTczMjk2MA==	83	92	94	97	97	98	99	104	107	109	109	110	110	112	112	113	113	115	117	119	121	122	122	123	-1	-1	-1	-1	-1	-1
XMTQyMDA0MzIyMA==	40	52	57	59	61	65	65	65	66	66	66	66	68	69	69	69	69	69	70	71	71	71	71	71	71	71	71	71	-1	-1
XMTQyMDA0NDk5Ng==	22	23	22	20	-1	-1	-1	-1	-1	-1	-1	-1	-1	-1	-1	-1	-1	-1	-1	-1	-1	-1	-1	-1	-1	-1	-1	-1	-1	-1
XMTQxOTgzMTgzNg==	36	48	53	53	53	53	53	53	53	53	-1	-1	-1	-1	-1	-1	-1	-1	-1	-1	-1	-1	-1	-1	-1	-1	-1	-1	-1	-1
XMTQyMDE1MDcxMg==	33	34	34	33	33	34	34	34	34	34	34	34	34	35	35	35	35	-1	-1	-1	-1	-1	-1	-1	-1	-1	-1	-1	-1	-1
XMTQyMDIzNTUwOA==	49	67	68	66	-1	-1	-1	-1	-1	-1	-1	-1	-1	-1	-1	-1	-1	-1	-1	-1	-1	-1	-1	-1	-1	-1	-1	-1	-1	-1
XMTQyMDY0NzE0OA==	2	2	2	5	5	-1	-1	-1	-1	-1	-1	-1	-1	-1	-1	-1	-1	-1	-1	-1	-1	-1	-1	-1	-1	-1	-1	-1	-1	-1
XMTQxOTM5MzM1Mg==	433	448	456	463	464	-1	-1	-1	-1	-1	-1	-1	-1	-1	-1	-1	-1	-1	-1	-1	-1	-1	-1	-1	-1	-1	-1	-1	-1	-1
XMTQxOTY5MTcxNg==	16	18	24	32	32	35	37	37	-1	-1	-1	-1	-1	-1	-1	-1	-1	-1	-1	-1	-1	-1	-1	-1	-1	-1	-1	-1	-1	-1
XMTQyMDI1MDU4NA==	6	20	21	-1	-1	-1	-1	-1	-1	-1	-1	-1	-1	-1	-1	-1	-1	-1	-1	-1	-1	-1	-1	-1	-1	-1	-1	-1	-1	-1
XMTQxOTk2NzM1Ng==	16	16	17	17	17	17	17	17	17	17	17	17	-1	-1	-1	-1	-1	-1	-1	-1	-1	-1	-1	-1	-1	-1	-1	-1	-1	-1
XMTQyMDUyNjc4OA==	-1	-1	-1	-1	-1	-1	-1	-1	-1	-1	-1	-1	-1	-1	-1	-1	-1	-1	-1	-1	-1	-1	-1	-1	-1	-1	-1	-1	-1	-1
XMTQyMDE2MTE0OA==	6	6	-1	-1	-1	-1	-1	-1	-1	-1	-1	-1	-1	-1	-1	-1	-1	-1	-1	-1	-1	-1	-1	-1	-1	-1	-1	-1	-1	-1
XMTQxOTczNjQwNA==	13	-1	-1	-1	-1	-1	-1	-1	-1	-1	-1	-1	-1	-1	-1	-1	-1	-1	-1	-1	-1	-1	-1	-1	-1	-1	-1	-1	-1	-1
XMTQyMDgwNjMyNA==	27195	-1	-1	-1	-1	-1	-1	-1	-1	-1	-1	-1	-1	-1	-1	-1	-1	-1	-1	-1	-1	-1	-1	-1	-1	-1	-1	-1	-1	-1
XMTQxOTkwMzY2OA==	14	15	15	-1	-1	-1	-1	-1	-1	-1	-1	-1	-1	-1	-1	-1	-1	-1	-1	-1	-1	-1	-1	-1	-1	-1	-1	-1	-1	-1
XMTQxOTYzNDgxMg==	309	603	625	657	663	-1	-1	-1	-1	-1	-1	-1	-1	-1	-1	-1	-1	-1	-1	-1	-1	-1	-1	-1	-1	-1	-1	-1	-1	-1
XMTQyMDY5MjAyMA==	8	-1	-1	-1	-1	-1	-1	-1	-1	-1	-1	-1	-1	-1	-1	-1	-1	-1	-1	-1	-1	-1	-1	-1	-1	-1	-1	-1	-1	-1
XMTQyMDI3NzcxMg==	18	31	35	-1	-1	-1	-1	-1	-1	-1	-1	-1	-1	-1	-1	-1	-1	-1	-1	-1	-1	-1	-1	-1	-1	-1	-1	-1	-1	-1
XMTQxOTkxODIyOA==	1506	1620	1552	-1	-1	-1	-1	-1	-1	-1	-1	-1	-1	-1	-1	-1	-1	-1	-1	-1	-1	-1	-1	-1	-1	-1	-1	-1	-1	-1
XMTQyMDA4ODM3Ng==	47	68	69	68	68	70	71	71	71	72	72	72	72	72	76	76	79	80	80	80	-1	-1	-1	-1	-1	-1	-1	-1	-1	-1
XMTQyMDQxMzIwOA==	37	-1	-1	-1	-1	-1	-1	-1	-1	-1	-1	-1	-1	-1	-1	-1	-1	-1	-1	-1	-1	-1	-1	-1	-1	-1	-1	-1	-1	-1
XMTQxOTkzODMyMA==	16	-1	-1	-1	-1	-1	-1	-1	-1	-1	-1	-1	-1	-1	-1	-1	-1	-1	-1	-1	-1	-1	-1	-1	-1	-1	-1	-1	-1	-1
XMTQxOTMxMjgwNA==	937	1163	1323	1472	1497	1539	-1	-1	-1	-1	-1	-1	-1	1570	1586	1606	1626	1666	1686	1708	1711	1722	1730	1737	1746	1758	1774	1787	1795	1799
XMTQyMDEwNjMzMg==	25	40	39	41	42	-1	-1	-1	-1	-1	-1	-1	-1	-1	-1	-1	-1	-1	-1	-1	-1	-1	-1	-1	-1	-1	-1	-1	-1	-1
XMTQxOTkyNTE4NA==	950	986	1034	1093	1111	1140	1182	1205	1239	1297	1343	1316	1329	1346	-1	-1	-1	-1	-1	-1	-1	-1	-1	-1	-1	-1	-1	-1	-1	-1
XMTQyMDQwNjMwMA==	91	-1	-1	-1	-1	-1	-1	-1	-1	-1	-1	-1	-1	-1	-1	-1	-1	-1	-1	-1	-1	-1	-1	-1	-1	-1	-1	-1	-1	-1
XMTQxOTUzMTkyNA==	201	-1	-1	-1	-1	-1	-1	-1	-1	-1	-1	-1	-1	-1	-1	-1	-1	-1	-1	-1	-1	-1	-1	-1	-1	-1	-1	-1	-1	-1
XMTQyMDI2OTAzNg==	8	9	9	-1	-1	-1	-1	-1	-1	-1	-1	-1	-1	-1	-1	-1	-1	-1	-1	-1	-1	-1	-1	-1	-1	-1	-1	-1	-1	-1
XMTQxOTczMTU4NA==	24	36	38	53	53	54	54	58	58	59	59	59	59	59	59	-1	-1	-1	-1	-1	-1	-1	-1	-1	-1	-1	-1	-1	-1	-1
XMTQxOTczNDc1Mg==	10	10	-1	-1	-1	-1	-1	-1	-1	-1	-1	-1	-1	-1	-1	-1	-1	-1	-1	-1	-1	-1	-1	-1	-1	-1	-1	-1	-1	-1
XMTQxOTk5NzU0NA==	16	18	21	22	24	25	25	25	27	27	28	28	28	29	29	31	31	31	31	31	-1	-1	-1	-1	-1	-1	-1	-1	-1	-1
XMTQyMDg3ODQ1Ng==	7	-1	-1	-1	-1	-1	-1	-1	-1	-1	-1	-1	-1	-1	-1	-1	-1	-1	-1	-1	-1	-1	-1	-1	-1	-1	-1	-1	-1	-1
XMTQxOTk0MzQwNA==	18	22	27	27	28	32	32	33	33	34	34	34	34	34	35	38	38	-1	-1	-1	-1	-1	-1	-1	-1	-1	-1	-1	-1	-1
XMTQyMDY0NTY4OA==	3	3	3	3	3	3	3	-1	-1	-1	-1	-1	-1	-1	-1	-1	-1	-1	-1	-1	-1	-1	-1	-1	-1	-1	-1	-1	-1	-1
XMTQxOTY4NjcwOA==	134	-1	-1	-1	-1	-1	-1	-1	-1	-1	-1	-1	-1	-1	-1	-1	-1	-1	-1	-1	-1	-1	-1	-1	-1	-1	-1	-1	-1	-1
XMTQxOTk4NTM3Ng==	1639	2039	-1	-1	-1	-1	-1	-1	-1	-1	-1	-1	-1	-1	-1	-1	-1	-1	-1	-1	-1	-1	-1	-1	-1	-1	-1	-1	-1	-1
XMTQyMDEyNTQ1Mg==	37	-1	-1	-1	-1	-1	-1	-1	-1	-1	-1	-1	-1	-1	-1	-1	-1	-1	-1	-1	-1	-1	-1	-1	-1	-1	-1	-1	-1	-1
XMTQxOTkwOTAyOA==	204	214	210	228	228	230	230	231	231	232	232	232	232	232	232	-1	-1	-1	-1	-1	-1	-1	-1	-1	-1	-1	-1	-1	-1	-1
XMTQyMDUxNDU3Ng==	4	5	5	5	5	5	5	5	5	6	6	6	6	6	6	6	6	6	6	6	6	6	6	6	6	6	-1	-1	-1	-1
XMTQxOTczMDY2NA==	-1	-1	-1	-1	-1	-1	-1	-1	-1	-1	-1	-1	-1	-1	-1	-1	-1	-1	-1	-1	-1	-1	-1	-1	-1	-1	-1	-1	-1	-1
XMTQyMDAyNzcxNg==	181	215	220	223	223	223	239	242	242	242	242	242	242	-1	-1	-1	-1	-1	-1	-1	-1	-1	-1	-1	-1	-1	-1	-1	-1	-1
XMTQyMDY2OTQ2NA==	45	157	173	647	656	695	709	813	1492	1492	1493	1621	2304	2310	2315	2315	2313	2324	2325	2328	2329	2329	2330	2329	2330	2331	2335	2336	2343	-1
XMTQyMDkwMDM4OA==	32	-1	-1	-1	-1	-1	-1	-1	-1	-1	-1	-1	-1	-1	-1	-1	-1	-1	-1	-1	-1	-1	-1	-1	-1	-1	-1	-1	-1	-1
XMTQyMDI0MDM2OA==	23	-1	-1	-1	-1	-1	-1	-1	-1	-1	-1	-1	-1	-1	-1	-1	-1	-1	-1	-1	-1	-1	-1	-1	-1	-1	-1	-1	-1	-1
XMTQxOTc3OTIyOA==	9	9	8	11	11	11	11	11	11	11	11	-1	-1	-1	-1	-1	-1	-1	-1	-1	-1	-1	-1	-1	-1	-1	-1	-1	-1	-1
XMTQxOTQ0ODM0MA==	128	149	155	-1	-1	-1	-1	-1	-1	-1	-1	-1	-1	-1	-1	-1	-1	-1	-1	-1	-1	-1	-1	-1	-1	-1	-1	-1	-1	-1
XMTQyMDM5MTM1Ng==	2	2	-1	-1	-1	-1	-1	-1	-1	-1	-1	-1	-1	-1	-1	-1	-1	-1	-1	-1	-1	-1	-1	-1	-1	-1	-1	-1	-1	-1
XMTQxOTczNTcyMA==	160	165	165	-1	-1	-1	-1	-1	-1	-1	-1	-1	-1	-1	-1	-1	-1	-1	-1	-1	-1	-1	-1	-1	-1	-1	-1	-1	-1	-1
XMTQxOTY2MTgyNA==	63	67	61	70	71	78	80	80	85	95	96	97	99	100	100	100	100	103	-1	-1	-1	-1	-1	-1	-1	-1	-1	-1	-1	-1
XMTQxOTczNjA4MA==	577	861	1984	-1	-1	-1	-1	-1	-1	-1	-1	-1	-1	-1	-1	-1	-1	-1	-1	-1	-1	-1	-1	-1	-1	-1	-1	-1	-1	-1
XMTQyMDUxNDE1Ng==	9	23	59	112	131	179	224	276	324	375	-1	-1	-1	-1	-1	-1	-1	-1	-1	-1	-1	-1	-1	-1	-1	-1	-1	-1	-1	-1
XMTQyMDAwNTM2MA==	4	4	4	5	5	5	5	5	5	5	5	5	5	5	5	5	5	5	5	5	5	5	-1	-1	-1	-1	-1	-1	-1	-1
XMTQyMDA4NzYwNA==	2	6	7	6	6	6	-1	-1	-1	-1	-1	-1	-1	-1	-1	-1	-1	-1	-1	-1	-1	-1	-1	-1	-1	-1	-1	-1	-1	-1
XMTQxOTg0MTM0OA==	341	382	463	477	478	483	483	484	486	489	507	511	-1	-1	-1	-1	-1	-1	-1	-1	-1	-1	-1	-1	-1	-1	-1	-1	-1	-1
XMTQxOTg5MzE0MA==	104	111	110	112	112	117	117	121	120	120	120	120	120	120	120	-1	-1	-1	-1	-1	-1	-1	-1	-1	-1	-1	-1	-1	-1	-1
XMTQyMDI3MzI2OA==	16	21	22	24	25	25	25	27	28	28	29	29	29	30	32	32	32	34	37	38	38	38	38	38	38	38	38	38	38	-1
XMTQyMDY0ODYzMg==	2	2	2	2	2	2	2	-1	-1	-1	-1	-1	-1	-1	-1	-1	-1	-1	-1	-1	-1	-1	-1	-1	-1	-1	-1	-1	-1	-1
XMTQxOTg2NzQ2MA==	44	52	54	51	53	53	55	56	56	56	56	56	56	56	56	-1	-1	-1	-1	-1	-1	-1	-1	-1	-1	-1	-1	-1	-1	-1
XMTQxOTg2ODE2OA==	321	479	499	477	495	517	527	530	543	554	-1	-1	-1	-1	-1	-1	-1	-1	-1	-1	-1	-1	-1	-1	-1	-1	-1	-1	-1	-1
XMTQxOTg1ODMzNg==	73	77	70	69	69	69	69	69	72	72	72	72	72	72	72	-1	-1	-1	-1	-1	-1	-1	-1	-1	-1	-1	-1	-1	-1	-1
XMTQxOTk4ODI0OA==	117	137	175	239	-1	-1	-1	-1	-1	-1	-1	-1	-1	-1	-1	-1	-1	-1	-1	-1	-1	-1	-1	-1	-1	-1	-1	-1	-1	-1
XMTQxOTkxNDIyNA==	122	126	122	124	127	128	128	128	128	128	128	128	128	128	128	-1	-1	-1	-1	-1	-1	-1	-1	-1	-1	-1	-1	-1	-1	-1
XMTQxOTk5ODEyNA==	5	8	8	9	9	9	10	10	10	10	10	10	10	10	10	10	10	10	10	-1	-1	-1	-1	-1	-1	-1	-1	-1	-1	-1
XMTQxOTg2NjA2OA==	124	126	126	-1	-1	-1	-1	-1	-1	-1	-1	-1	-1	-1	-1	-1	-1	-1	-1	-1	-1	-1	-1	-1	-1	-1	-1	-1	-1	-1
XMTQxOTkzNTE4OA==	543	612	630	682	708	791	816	844	858	875	912	970	995	999	1002	1004	1008	1010	1020	1025	1032	1044	-1	-1	-1	-1	-1	-1	-1	-1
XMTQyMDI3ODA5Mg==	-1	-1	-1	-1	-1	-1	-1	-1	-1	-1	-1	-1	-1	-1	-1	-1	-1	-1	-1	-1	-1	-1	-1	-1	-1	-1	-1	-1	-1	-1
XMTQxOTg0ODA2OA==	12	-1	-1	-1	-1	-1	-1	-1	-1	-1	-1	-1	-1	-1	-1	-1	-1	-1	-1	-1	-1	-1	-1	-1	-1	-1	-1	-1	-1	-1
XMTQyMDcxMzgyNA==	4	31	36	38	42	44	-1	-1	-1	-1	-1	-1	-1	-1	-1	-1	-1	-1	-1	-1	-1	-1	-1	-1	-1	-1	-1	-1	-1	-1
XMTQxOTg2NzIxNg==	181	268	-1	-1	-1	-1	-1	-1	-1	-1	-1	-1	-1	-1	-1	-1	-1	-1	-1	-1	-1	-1	-1	-1	-1	-1	-1	-1	-1	-1
XMTQxOTY4NzQ2NA==	281	-1	-1	-1	-1	-1	-1	-1	-1	-1	-1	-1	-1	-1	-1	-1	-1	-1	-1	-1	-1	-1	-1	-1	-1	-1	-1	-1	-1	-1
XMTQxOTk0ODQxMg==	20	20	20	-1	-1	-1	-1	-1	-1	-1	-1	-1	-1	-1	-1	-1	-1	-1	-1	-1	-1	-1	-1	-1	-1	-1	-1	-1	-1	-1
XMTQyMDA4NDc3Mg==	4	4	4	4	4	4	4	4	4	4	4	4	4	4	4	4	-1	-1	-1	-1	-1	-1	-1	-1	-1	-1	-1	-1	-1	-1
XMTQxOTI5NTU4NA==	88	-1	-1	-1	-1	-1	-1	-1	-1	-1	-1	-1	-1	-1	-1	-1	-1	-1	-1	-1	-1	-1	-1	-1	-1	-1	-1	-1	-1	-1
XMTQyMDYxNTU3Ng==	7	8	8	-1	-1	-1	-1	-1	-1	-1	-1	-1	-1	-1	-1	-1	-1	-1	-1	-1	-1	-1	-1	-1	-1	-1	-1	-1	-1	-1
XMTQxOTU2OTY1Mg==	30	-1	-1	-1	-1	-1	-1	-1	-1	-1	-1	-1	-1	-1	-1	-1	-1	-1	-1	-1	-1	-1	-1	-1	-1	-1	-1	-1	-1	-1
XMTQxOTg2NzU0OA==	26	28	28	29	29	29	29	30	30	-1	-1	-1	-1	-1	-1	-1	-1	-1	-1	-1	-1	-1	-1	-1	-1	-1	-1	-1	-1	-1
XMTQxOTczODIxMg==	586	779	-1	-1	-1	-1	-1	-1	-1	-1	-1	-1	-1	-1	-1	-1	-1	-1	-1	-1	-1	-1	-1	-1	-1	-1	-1	-1	-1	-1
XMTQxOTc5NTA2OA==	116	126	126	127	133	131	132	133	142	155	167	174	178	182	183	188	208	212	-1	-1	-1	-1	-1	-1	-1	-1	-1	-1	-1	-1
XMTQxOTE3ODQ3Mg==	107	124	121	124	127	128	130	129	130	130	132	133	133	133	133	134	134	-1	-1	-1	-1	-1	-1	-1	-1	-1	-1	-1	-1	-1
XMTQxOTkzODgyNA==	1034	1087	1080	1108	1112	1129	1131	1143	1143	1136	1138	1141	1148	1160	-1	-1	-1	-1	-1	-1	-1	-1	-1	-1	-1	-1	-1	-1	-1	-1
XMTQxOTYwMDcyOA==	33	48	48	54	55	57	57	58	58	58	63	63	-1	-1	-1	-1	-1	-1	-1	-1	-1	-1	-1	-1	-1	-1	-1	-1	-1	-1
XMTQxOTUwNTA2OA==	34	-1	-1	-1	-1	-1	-1	-1	-1	-1	-1	-1	-1	-1	-1	-1	-1	-1	-1	-1	-1	-1	-1	-1	-1	-1	-1	-1	-1	-1
XMTQxOTUyNDQ2OA==	95	96	-1	-1	-1	-1	-1	-1	-1	-1	-1	-1	-1	-1	-1	-1	-1	-1	-1	-1	-1	-1	-1	-1	-1	-1	-1	-1	-1	-1
XMTQxOTc5MjE0OA==	97	101	104	105	105	107	107	107	108	108	108	109	109	110	111	111	114	114	114	114	114	114	115	115	116	116	116	-1	-1	-1
XMTQyMDU2Mjc5Ng==	715	-1	-1	-1	-1	-1	-1	-1	-1	-1	-1	-1	-1	-1	-1	-1	-1	-1	-1	-1	-1	-1	-1	-1	-1	-1	-1	-1	-1	-1
XMTQxOTkyNDcyNA==	123	129	127	128	129	130	132	132	132	130	130	130	130	130	130	-1	-1	-1	-1	-1	-1	-1	-1	-1	-1	-1	-1	-1	-1	-1
XMTQyMDkzNzAxMg==	15	107	140	170	177	-1	-1	-1	-1	-1	-1	-1	-1	-1	-1	-1	-1	-1	-1	-1	-1	-1	-1	-1	-1	-1	-1	-1	-1	-1
XMTQxOTk3MjYwNA==	20	23	23	-1	-1	-1	-1	-1	-1	-1	-1	-1	-1	-1	-1	-1	-1	-1	-1	-1	-1	-1	-1	-1	-1	-1	-1	-1	-1	-1
XMTQxOTYyMzUyMA==	545	639	752	737	743	743	747	756	-1	-1	-1	-1	-1	-1	-1	-1	-1	-1	-1	-1	-1	-1	-1	-1	-1	-1	-1	-1	-1	-1
XMTQyMDE0OTYzMg==	9	13	12	11	11	12	12	12	12	12	12	12	12	12	12	12	12	-1	-1	-1	-1	-1	-1	-1	-1	-1	-1	-1	-1	-1
XMTQyMDcwNjE5Ng==	4	-1	-1	-1	-1	-1	-1	-1	-1	-1	-1	-1	-1	-1	-1	-1	-1	-1	-1	-1	-1	-1	-1	-1	-1	-1	-1	-1	-1	-1
XMTQyMDYwNzI4OA==	2	-1	-1	-1	-1	-1	-1	-1	-1	-1	-1	-1	-1	-1	-1	-1	-1	-1	-1	-1	-1	-1	-1	-1	-1	-1	-1	-1	-1	-1
XMTQxOTkyMDAyMA==	279	308	322	336	341	351	351	352	357	358	365	373	377	378	381	383	385	385	386	387	389	389	-1	-1	-1	-1	-1	-1	-1	-1
XMTQyMDM3ODM0MA==	285	-1	-1	-1	-1	-1	-1	-1	-1	-1	-1	-1	-1	-1	-1	-1	-1	-1	-1	-1	-1	-1	-1	-1	-1	-1	-1	-1	-1	-1
XMTQxOTg4ODA2MA==	96	133	158	167	170	179	184	188	188	192	196	199	201	205	210	217	219	221	224	226	228	-1	-1	-1	-1	-1	-1	-1	-1	-1
XMTQxOTc4NDA4OA==	10555	10567	10569	10571	10571	10572	-1	-1	-1	-1	-1	-1	-1	-1	-1	-1	-1	-1	-1	-1	-1	-1	-1	-1	-1	-1	-1	-1	-1	-1
XMTQyMDM5Nzk1Ng==	83	105	123	131	137	142	145	146	148	148	148	149	149	149	149	-1	-1	-1	-1	-1	-1	-1	-1	-1	-1	-1	-1	-1	-1	-1
XMTQyMDIwNzc5Ng==	7	305	311	296	297	298	299	298	299	299	301	301	301	301	301	301	301	-1	-1	-1	-1	-1	-1	-1	-1	-1	-1	-1	-1	-1
XMTQxOTk3ODYwNA==	109	126	147	178	178	193	202	217	233	242	250	264	271	279	282	283	288	301	310	314	318	319	319	320	-1	-1	-1	-1	-1	-1
XMTQyMDQxNjIwMA==	79	-1	-1	-1	-1	-1	-1	-1	-1	-1	-1	-1	-1	-1	-1	-1	-1	-1	-1	-1	-1	-1	-1	-1	-1	-1	-1	-1	-1	-1
XMTQyMDM1NTYzMg==	26	60	-1	-1	-1	-1	-1	-1	-1	-1	-1	-1	-1	-1	-1	-1	-1	-1	-1	-1	-1	-1	-1	-1	-1	-1	-1	-1	-1	-1
XMTQxOTYyMzcxNg==	1681	1781	1881	1923	1932	1953	1974	1996	-1	-1	-1	-1	-1	-1	-1	-1	-1	-1	-1	-1	-1	-1	-1	-1	-1	-1	-1	-1	-1	-1
XMTQyMDcyMzA3Mg==	4	26	29	46	46	49	49	54	53	53	53	-1	-1	-1	-1	-1	-1	-1	-1	-1	-1	-1	-1	-1	-1	-1	-1	-1	-1	-1
XMTQxOTU5MzM1Ng==	32	33	32	32	32	-1	-1	-1	-1	-1	-1	-1	-1	-1	-1	-1	-1	-1	-1	-1	-1	-1	-1	-1	-1	-1	-1	-1	-1	-1
XMTQxOTkwOTkxMg==	235	239	230	230	230	235	235	236	233	233	233	233	233	234	234	-1	-1	-1	-1	-1	-1	-1	-1	-1	-1	-1	-1	-1	-1	-1
XMTQyMDM3ODM1Ng==	494	796	857	-1	-1	-1	-1	-1	-1	-1	-1	-1	-1	-1	-1	-1	-1	-1	-1	-1	-1	-1	-1	-1	-1	-1	-1	-1	-1	-1
XMTQxOTQwNDI0MA==	104	-1	-1	-1	-1	-1	-1	-1	-1	-1	-1	-1	-1	-1	-1	-1	-1	-1	-1	-1	-1	-1	-1	-1	-1	-1	-1	-1	-1	-1
XMTQyMDQ1NjA1Ng==	497	1106	1127	1101	-1	-1	-1	-1	-1	-1	-1	-1	-1	-1	-1	-1	-1	-1	-1	-1	-1	-1	-1	-1	-1	-1	-1	-1	-1	-1
XMTQxOTk2MzE1Mg==	17	24	22	-1	-1	-1	-1	-1	-1	-1	-1	-1	-1	-1	-1	-1	-1	-1	-1	-1	-1	-1	-1	-1	-1	-1	-1	-1	-1	-1
XMTQyMDE3MDEyNA==	107	113	108	107	107	108	108	108	108	110	111	113	113	113	113	113	113	-1	-1	-1	-1	-1	-1	-1	-1	-1	-1	-1	-1	-1
XMTQxOTkzODMzMg==	19	20	23	23	-1	-1	-1	-1	-1	-1	-1	-1	-1	-1	-1	-1	-1	-1	-1	-1	-1	-1	-1	-1	-1	-1	-1	-1	-1	-1
XMTQyMDI3ODU2NA==	-1	-1	-1	-1	-1	-1	-1	-1	-1	-1	-1	-1	-1	-1	-1	-1	-1	-1	-1	-1	-1	-1	-1	-1	-1	-1	-1	-1	-1	-1
XMTQyMDcxNjEwNA==	19	51	88	145	162	182	194	203	209	-1	-1	-1	-1	-1	-1	-1	-1	-1	-1	-1	-1	-1	-1	-1	-1	-1	-1	-1	-1	-1
XMTQxOTc3NDU2MA==	378	414	430	452	460	467	470	475	-1	-1	-1	-1	-1	-1	-1	-1	-1	-1	-1	-1	-1	-1	-1	-1	-1	-1	-1	-1	-1	-1
XMTQxOTUxMjkxNg==	513	614	740	766	766	766	-1	-1	-1	-1	-1	-1	-1	-1	-1	-1	-1	-1	-1	-1	-1	-1	-1	-1	-1	-1	-1	-1	-1	-1
XMTQyMDIxMDE0NA==	2760	8104	10236	15478	-1	-1	-1	-1	-1	-1	-1	-1	-1	-1	-1	-1	-1	-1	-1	-1	-1	-1	-1	-1	-1	-1	-1	-1	-1	-1
XMTQxOTgxMDEzMg==	156	234	247	250	256	271	269	-1	-1	-1	-1	-1	-1	-1	-1	-1	-1	-1	-1	-1	-1	-1	-1	-1	-1	-1	-1	-1	-1	-1
XMTQyMDE0OTY0NA==	27	27	26	24	24	25	25	25	25	25	25	25	25	25	25	25	25	-1	-1	-1	-1	-1	-1	-1	-1	-1	-1	-1	-1	-1
XMTQxOTY3MTEzNg==	17	-1	-1	-1	-1	-1	-1	-1	-1	-1	-1	-1	-1	-1	-1	-1	-1	-1	-1	-1	-1	-1	-1	-1	-1	-1	-1	-1	-1	-1
XMTQyMDI2MDgwMA==	6	-1	-1	-1	-1	-1	-1	-1	-1	-1	-1	-1	-1	-1	-1	-1	-1	-1	-1	-1	-1	-1	-1	-1	-1	-1	-1	-1	-1	-1
XMTQyMDE5OTI5Ng==	18	24	24	24	24	24	24	37	38	38	40	40	-1	-1	-1	-1	-1	-1	-1	-1	-1	-1	-1	-1	-1	-1	-1	-1	-1	-1
XMTQxOTc0NDU2OA==	106	113	114	114	114	116	116	118	119	119	119	121	123	124	124	125	125	125	127	127	129	129	129	129	129	129	-1	-1	-1	-1
XMTQxOTc5NzQwMA==	364	406	511	544	550	561	575	581	585	587	591	592	603	603	606	614	617	628	-1	-1	-1	-1	-1	-1	-1	-1	-1	-1	-1	-1
XMTQyMDA5NjU0MA==	33	34	35	35	35	35	36	36	36	37	37	37	37	37	37	38	38	38	38	38	38	38	38	-1	-1	-1	-1	-1	-1	-1
XMTQyMDY4MjUwOA==	159	194	220	211	213	216	219	221	225	225	227	233	233	236	239	240	240	243	245	248	250	250	251	253	256	256	256	-1	-1	-1
XMTQyMDEyOTYyMA==	685	883	993	-1	-1	-1	-1	-1	-1	-1	-1	-1	-1	-1	-1	-1	-1	-1	-1	-1	-1	-1	-1	-1	-1	-1	-1	-1	-1	-1
XMTQyMDEwMTA1Mg==	384	588	670	684	684	684	-1	-1	-1	-1	-1	-1	-1	-1	-1	-1	-1	-1	-1	-1	-1	-1	-1	-1	-1	-1	-1	-1	-1	-1
XMTQyMDQ2OTM4MA==	12	13	13	13	13	13	13	13	13	-1	-1	-1	-1	-1	-1	-1	-1	-1	-1	-1	-1	-1	-1	-1	-1	-1	-1	-1	-1	-1
XMTQxOTk2MjIwOA==	78	93	89	102	107	109	110	110	110	110	112	112	112	112	112	112	112	112	114	114	114	-1	-1	-1	-1	-1	-1	-1	-1	-1
XMTQxOTkzNzA5Mg==	30	33	31	31	31	31	31	31	31	31	31	31	31	31	31	31	32	32	32	32	32	32	32	32	32	32	32	32	-1	-1
XMTQxOTcyMzk0MA==	507	573	624	-1	-1	-1	-1	-1	-1	-1	-1	-1	-1	-1	-1	-1	-1	-1	-1	-1	-1	-1	-1	-1	-1	-1	-1	-1	-1	-1
XMTQyMDUxMzI0NA==	26	-1	-1	-1	-1	-1	-1	-1	-1	-1	-1	-1	-1	-1	-1	-1	-1	-1	-1	-1	-1	-1	-1	-1	-1	-1	-1	-1	-1	-1
XMTQxOTY2Nzg0NA==	14	24	31	34	35	44	49	57	57	78	83	92	99	108	125	134	143	139	-1	-1	-1	-1	-1	-1	-1	-1	-1	-1	-1	-1
XMTQxOTcwMDEzNg==	22	23	23	23	23	23	23	-1	-1	-1	-1	-1	-1	-1	-1	-1	-1	-1	-1	-1	-1	-1	-1	-1	-1	-1	-1	-1	-1	-1
XMTQyMDM5NjIwMA==	9	11	12	11	11	11	11	11	11	-1	-1	-1	-1	-1	-1	-1	-1	-1	-1	-1	-1	-1	-1	-1	-1	-1	-1	-1	-1	-1
XMTQxOTkyMzkyMA==	-1	-1	-1	-1	-1	-1	-1	-1	-1	-1	-1	-1	-1	-1	-1	-1	-1	-1	-1	-1	-1	-1	-1	-1	-1	-1	-1	-1	-1	-1
XMTQxOTgzMjYyOA==	285	347	357	-1	-1	-1	-1	-1	-1	-1	-1	-1	-1	-1	-1	-1	-1	-1	-1	-1	-1	-1	-1	-1	-1	-1	-1	-1	-1	-1
XMTQyMDkxOTA4MA==	3	6	13	15	15	15	15	15	16	16	16	16	-1	-1	-1	-1	-1	-1	-1	-1	-1	-1	-1	-1	-1	-1	-1	-1	-1	-1
XMTQyMDY0NDk0NA==	14	19	-1	-1	-1	-1	-1	-1	-1	-1	-1	-1	-1	-1	-1	-1	-1	-1	-1	-1	-1	-1	-1	-1	-1	-1	-1	-1	-1	-1
XMTQyMDc2NDgzNg==	2	4	4	4	4	4	4	4	4	4	4	4	4	4	-1	-1	-1	-1	-1	-1	-1	-1	-1	-1	-1	-1	-1	-1	-1	-1
XMTQyMDczNjEzNg==	4	8	11	12	12	-1	-1	-1	-1	-1	-1	-1	-1	-1	-1	-1	-1	-1	-1	-1	-1	-1	-1	-1	-1	-1	-1	-1	-1	-1
XMTQyMDIwOTg4OA==	2079	5566	7506	10752	-1	-1	-1	-1	-1	-1	-1	-1	-1	-1	-1	-1	-1	-1	-1	-1	-1	-1	-1	-1	-1	-1	-1	-1	-1	-1
XMTQyMDE3NzQ2MA==	35	-1	-1	-1	-1	-1	-1	-1	-1	-1	-1	-1	-1	-1	-1	-1	-1	-1	-1	-1	-1	-1	-1	-1	-1	-1	-1	-1	-1	-1
XMTQxOTk5OTk2NA==	169	194	204	217	218	222	224	225	228	231	236	238	-1	-1	-1	-1	-1	-1	-1	-1	-1	-1	-1	-1	-1	-1	-1	-1	-1	-1
XMTQxOTQyMTA2MA==	385	-1	-1	-1	-1	-1	-1	-1	-1	-1	-1	-1	-1	-1	-1	-1	-1	-1	-1	-1	-1	-1	-1	-1	-1	-1	-1	-1	-1	-1
XMTQxOTkyMzk0MA==	1143	1226	1232	1396	1518	1707	1756	1799	1822	1839	1891	1933	1972	1978	1985	1993	2002	2012	2029	2046	2053	2058	-1	-1	-1	-1	-1	-1	-1	-1
XMTQxOTgzMDk2MA==	24	25	-1	-1	-1	-1	-1	-1	-1	-1	-1	-1	-1	-1	-1	-1	-1	-1	-1	-1	-1	-1	-1	-1	-1	-1	-1	-1	-1	-1
XMTQyMDExNzEwMA==	152	267	286	307	310	-1	-1	-1	-1	-1	-1	-1	-1	-1	-1	-1	-1	-1	-1	-1	-1	-1	-1	-1	-1	-1	-1	-1	-1	-1
XMTQyMDYxMjIwOA==	3	3	3	3	3	4	4	4	3	3	3	3	3	3	-1	-1	-1	-1	-1	-1	-1	-1	-1	-1	-1	-1	-1	-1	-1	-1
XMTQxOTg0MjA2MA==	1302	1460	-1	-1	-1	-1	-1	-1	-1	-1	-1	-1	-1	-1	-1	-1	-1	-1	-1	-1	-1	-1	-1	-1	-1	-1	-1	-1	-1	-1
XMTQxOTk0MDAxNg==	32	-1	-1	-1	-1	-1	-1	-1	-1	-1	-1	-1	-1	-1	-1	-1	-1	-1	-1	-1	-1	-1	-1	-1	-1	-1	-1	-1	-1	-1
XMTQxOTk2MDAwNA==	11	-1	-1	-1	-1	-1	-1	-1	-1	-1	-1	-1	-1	-1	-1	-1	-1	-1	-1	-1	-1	-1	-1	-1	-1	-1	-1	-1	-1	-1
XMTQxOTQ0NzYxNg==	17	17	16	16	16	17	17	17	-1	-1	-1	-1	-1	-1	-1	-1	-1	-1	-1	-1	-1	-1	-1	-1	-1	-1	-1	-1	-1	-1
XMTQyMDExMzQ1Ng==	59	72	71	-1	-1	-1	-1	-1	-1	-1	-1	-1	-1	-1	-1	-1	-1	-1	-1	-1	-1	-1	-1	-1	-1	-1	-1	-1	-1	-1
XMTQxOTQ4NzMxNg==	181	-1	-1	-1	-1	-1	-1	-1	-1	-1	-1	-1	-1	-1	-1	-1	-1	-1	-1	-1	-1	-1	-1	-1	-1	-1	-1	-1	-1	-1
XMTQxOTc5NzA0OA==	95	116	220	4259	5835	10605	12269	7529	2172	305	293	296	303	315	473	813	980	957	810	831	832	748	-1	-1	-1	-1	-1	-1	-1	-1
XMTQxOTY5MTQ3Ng==	217	-1	-1	-1	-1	-1	-1	-1	-1	-1	-1	-1	-1	-1	-1	-1	-1	-1	-1	-1	-1	-1	-1	-1	-1	-1	-1	-1	-1	-1
XMTQxOTk4MjczMg==	11	13	14	12	13	13	13	14	16	16	16	16	16	16	16	16	16	16	16	16	-1	-1	-1	-1	-1	-1	-1	-1	-1	-1
XMTQyMDIxNjU2NA==	5	8	7	9	9	11	11	11	11	11	11	11	12	12	12	12	12	-1	-1	-1	-1	-1	-1	-1	-1	-1	-1	-1	-1	-1
XMTQyMDU4NDk1Ng==	2	256	-1	-1	-1	-1	-1	-1	-1	-1	-1	-1	-1	-1	-1	-1	-1	-1	-1	-1	-1	-1	-1	-1	-1	-1	-1	-1	-1	-1
XMTQyMDc0Mjg4NA==	5	5	5	5	5	5	5	-1	-1	-1	-1	-1	-1	-1	-1	-1	-1	-1	-1	-1	-1	-1	-1	-1	-1	-1	-1	-1	-1	-1
XMTQxOTYyMzUzMg==	380	434	463	502	515	520	523	542	-1	-1	-1	-1	-1	-1	-1	-1	-1	-1	-1	-1	-1	-1	-1	-1	-1	-1	-1	-1	-1	-1
XMTQyMDIxMDU1Ng==	6167	9037	9520	10455	-1	-1	-1	-1	-1	-1	-1	-1	-1	-1	-1	-1	-1	-1	-1	-1	-1	-1	-1	-1	-1	-1	-1	-1	-1	-1
XMTQyMDczODMyOA==	7	12	13	-1	-1	-1	-1	-1	-1	-1	-1	-1	-1	-1	-1	-1	-1	-1	-1	-1	-1	-1	-1	-1	-1	-1	-1	-1	-1	-1
XMTQyMDQ3MTc0MA==	37	41	41	41	41	41	-1	-1	-1	-1	-1	-1	-1	-1	-1	-1	-1	-1	-1	-1	-1	-1	-1	-1	-1	-1	-1	-1	-1	-1
XMTQyMDIwNzc4OA==	8	10	11	12	13	15	15	14	14	14	14	14	14	14	14	14	14	-1	-1	-1	-1	-1	-1	-1	-1	-1	-1	-1	-1	-1
XMTQxOTQyNjg3Ng==	87	101	101	95	96	96	96	96	96	96	96	96	96	96	96	96	-1	-1	-1	-1	-1	-1	-1	-1	-1	-1	-1	-1	-1	-1
XMTQyMDYyNzY5Ng==	4	-1	-1	-1	-1	-1	-1	-1	-1	-1	-1	-1	-1	-1	-1	-1	-1	-1	-1	-1	-1	-1	-1	-1	-1	-1	-1	-1	-1	-1
XMTQxOTkxMzY1Mg==	63	65	66	68	68	69	69	71	71	71	71	71	71	71	71	-1	-1	-1	-1	-1	-1	-1	-1	-1	-1	-1	-1	-1	-1	-1
XMTQxOTc5NzMwOA==	78	225	406	393	395	398	404	411	415	416	424	430	436	439	440	454	456	459	-1	-1	-1	-1	-1	-1	-1	-1	-1	-1	-1	-1
XMTQyMDgyNjQyNA==	-1	-1	-1	-1	-1	-1	-1	-1	-1	-1	-1	-1	-1	-1	-1	-1	-1	-1	-1	-1	-1	-1	-1	-1	-1	-1	-1	-1	-1	-1
XMTQyMDIxOTUzNg==	81	89	91	87	87	90	91	93	94	94	94	94	94	96	96	96	96	-1	-1	-1	-1	-1	-1	-1	-1	-1	-1	-1	-1	-1
XMTQyMDg2MDQxMg==	1121	2365	2618	3183	3472	3795	3876	3946	3996	4080	4205	4403	4536	4566	4602	4614	4635	4680	4846	4926	4956	5006	-1	-1	-1	-1	-1	-1	-1	-1
XMTQxOTk4Mjg4NA==	107	109	112	117	117	117	120	120	120	120	121	121	121	121	122	123	123	123	123	123	123	-1	-1	-1	-1	-1	-1	-1	-1	-1
XMTQyMDAzMzY4MA==	30452	-1	-1	-1	-1	-1	-1	-1	-1	-1	-1	-1	-1	-1	-1	-1	-1	-1	-1	-1	-1	-1	-1	-1	-1	-1	-1	-1	-1	-1
XMTQxOTk3MjQ5Ng==	60	64	68	69	69	70	70	70	70	70	-1	-1	-1	-1	-1	-1	-1	-1	-1	-1	-1	-1	-1	-1	-1	-1	-1	-1	-1	-1
XMTQxOTc3NDMxNg==	223	265	275	290	292	296	301	310	-1	-1	-1	-1	-1	-1	-1	-1	-1	-1	-1	-1	-1	-1	-1	-1	-1	-1	-1	-1	-1	-1
XMTQxOTk0NTkzMg==	17	18	18	-1	-1	-1	-1	-1	-1	-1	-1	-1	-1	-1	-1	-1	-1	-1	-1	-1	-1	-1	-1	-1	-1	-1	-1	-1	-1	-1
XMTQyMDA0ODQ2OA==	22	-1	-1	-1	-1	-1	-1	-1	-1	-1	-1	-1	-1	-1	-1	-1	-1	-1	-1	-1	-1	-1	-1	-1	-1	-1	-1	-1	-1	-1
XMTQyMDA5MDIwMA==	178	-1	-1	-1	-1	-1	-1	-1	-1	-1	-1	-1	-1	-1	-1	-1	-1	-1	-1	-1	-1	-1	-1	-1	-1	-1	-1	-1	-1	-1
XMTQyMDI3MzUyOA==	304	1205	1451	1609	1637	1764	1863	1961	2024	2076	-1	-1	-1	-1	-1	-1	-1	-1	-1	-1	-1	-1	-1	-1	-1	-1	-1	-1	-1	-1
XMTQyMDIwNzc5Mg==	11	13	13	9	9	10	10	10	10	10	10	10	11	13	13	13	13	-1	-1	-1	-1	-1	-1	-1	-1	-1	-1	-1	-1	-1
XMTQyMDA1NTc2NA==	9472	9870	1242	1260	1278	1308	1316	1347	1349	1359	1383	1427	1473	1483	-1	1489	1510	1525	1546	1552	1555	1553	1556	1560	1563	1569	1574	1578	1582	1585
XMTQxOTk2NjA0NA==	943	997	999	1071	1073	1079	1077	1092	1097	1100	1105	1111	1120	1126	1131	1132	1138	1144	1158	1169	1174	-1	-1	-1	-1	-1	-1	-1	-1	-1
XMTQyMDYyMzE0MA==	54	-1	-1	-1	-1	-1	-1	-1	-1	-1	-1	-1	-1	-1	-1	-1	-1	-1	-1	-1	-1	-1	-1	-1	-1	-1	-1	-1	-1	-1
XMTQxOTc3NDg3Mg==	471	518	545	573	576	589	592	597	-1	-1	-1	-1	-1	-1	-1	-1	-1	-1	-1	-1	-1	-1	-1	-1	-1	-1	-1	-1	-1	-1
XMTQyMDkwMTYwNA==	1	13	-1	-1	-1	-1	-1	-1	-1	-1	-1	-1	-1	-1	-1	-1	-1	-1	-1	-1	-1	-1	-1	-1	-1	-1	-1	-1	-1	-1
XMTQyMDI1OTU4MA==	2	7	7	7	7	7	7	7	7	7	7	7	7	7	7	7	7	7	7	7	7	-1	-1	-1	-1	-1	-1	-1	-1	-1
XMTQyMDcyODg1Mg==	2	7	7	4	4	4	4	6	6	6	6	6	6	6	6	6	6	6	-1	-1	-1	-1	-1	-1	-1	-1	-1	-1	-1	-1
XMTQyMDE4MjczMg==	137	308	433	590	681	787	862	946	995	1031	1069	1101	1137	1172	1208	1247	1275	-1	-1	-1	-1	-1	-1	-1	-1	-1	-1	-1	-1	-1
XMTQxODg3NTc3Mg==	2	5	10	-1	-1	-1	-1	-1	-1	-1	-1	-1	-1	-1	-1	-1	-1	-1	-1	-1	-1	-1	-1	-1	-1	-1	-1	-1	-1	-1
XMTQyMDQ4NDQ5Mg==	10	10	11	11	11	13	13	13	13	13	13	13	13	13	13	13	13	13	13	-1	-1	-1	-1	-1	-1	-1	-1	-1	-1	-1
XMTQyMDYwMDQwNA==	298	1161	1227	1249	1251	1255	1259	1281	1285	1292	1295	1297	1309	1310	1313	1317	1317	1323	1329	1332	1332	1335	1335	1337	1337	-1	-1	-1	-1	-1
XMTQyMDcyODgxMg==	5	8	8	6	6	6	7	7	7	7	7	8	8	8	8	8	8	10	-1	-1	-1	-1	-1	-1	-1	-1	-1	-1	-1	-1
XMTQxOTg3ODE3Mg==	140	204	-1	-1	-1	-1	-1	-1	-1	-1	-1	-1	-1	-1	-1	-1	-1	-1	-1	-1	-1	-1	-1	-1	-1	-1	-1	-1	-1	-1
XMTQyMDA4OTAwOA==	13	15	15	18	18	-1	-1	-1	-1	-1	-1	-1	-1	-1	-1	-1	-1	-1	-1	-1	-1	-1	-1	-1	-1	-1	-1	-1	-1	-1
XMTQyMDY4ODk2MA==	25	33	33	34	35	35	35	35	35	35	35	35	35	35	35	35	35	35	35	35	35	35	35	35	35	35	35	-1	-1	-1
XMTQyMDUwMDg0MA==	10	-1	-1	-1	-1	-1	-1	-1	-1	-1	-1	-1	-1	-1	-1	-1	-1	-1	-1	-1	-1	-1	-1	-1	-1	-1	-1	-1	-1	-1
XMTQxOTYzODA0OA==	984	1590	1960	2320	2378	2543	-1	-1	-1	-1	-1	-1	-1	2601	2649	2732	2786	2848	2916	2955	2989	3041	3059	3093	3132	3162	3185	3213	3234	3248
XMTQyMDUyOTk4MA==	65	-1	-1	-1	-1	-1	-1	-1	-1	-1	-1	-1	-1	-1	-1	-1	-1	-1	-1	-1	-1	-1	-1	-1	-1	-1	-1	-1	-1	-1
XMTQyMDIxOTkxMg==	19	39	52	73	75	75	76	76	97	113	113	114	127	127	128	128	128	128	130	133	133	136	138	-1	-1	-1	-1	-1	-1	-1
XMTQyMDYyMTcxNg==	5	8	8	7	7	7	7	8	8	9	10	10	9	9	9	9	-1	-1	-1	-1	-1	-1	-1	-1	-1	-1	-1	-1	-1	-1
XMTQyMDkyOTkxMg==	3	-1	-1	-1	-1	-1	-1	-1	-1	-1	-1	-1	-1	-1	-1	-1	-1	-1	-1	-1	-1	-1	-1	-1	-1	-1	-1	-1	-1	-1
XMTQxOTg1NjE5Ng==	1683	3462	4756	7221	8830	14587	16147	18652	-1	-1	-1	-1	-1	-1	-1	-1	-1	-1	-1	-1	-1	-1	-1	-1	-1	-1	-1	-1	-1	-1
XMTQyMDYzNjQ4MA==	2	-1	-1	-1	-1	-1	-1	-1	-1	-1	-1	-1	-1	-1	-1	-1	-1	-1	-1	-1	-1	-1	-1	-1	-1	-1	-1	-1	-1	-1
XMTQxOTQzODM4MA==	102	117	127	132	132	137	142	146	150	154	167	168	170	170	175	175	178	178	179	-1	-1	-1	-1	-1	-1	-1	-1	-1	-1	-1
XMTQxOTQyODg4OA==	9	19	24	-1	-1	-1	-1	-1	-1	-1	-1	-1	-1	-1	-1	-1	-1	-1	-1	-1	-1	-1	-1	-1	-1	-1	-1	-1	-1	-1
XMTQyMDA4MzkwOA==	47	55	59	63	66	76	79	79	80	82	89	92	93	96	97	100	102	102	109	116	121	124	125	130	131	134	140	142	144	-1
XMTQyMDcyOTA4MA==	20	21	-1	-1	-1	-1	-1	-1	-1	-1	-1	-1	-1	-1	-1	-1	-1	-1	-1	-1	-1	-1	-1	-1	-1	-1	-1	-1	-1	-1
XMTQyMDI5NzEwMA==	16	17	17	17	17	17	17	17	17	17	17	-1	-1	-1	-1	-1	-1	-1	-1	-1	-1	-1	-1	-1	-1	-1	-1	-1	-1	-1
XMTQxOTg0MTU3Mg==	10	13	15	11	11	11	11	-1	-1	-1	-1	-1	-1	-1	-1	-1	-1	-1	-1	-1	-1	-1	-1	-1	-1	-1	-1	-1	-1	-1
XMTQyMDgwNjE0MA==	2	29	29	27	27	27	-1	-1	-1	-1	-1	-1	-1	-1	-1	-1	-1	-1	-1	-1	-1	-1	-1	-1	-1	-1	-1	-1	-1	-1
XMTQxOTcyNjc1Ng==	14	15	15	15	15	16	16	16	17	18	18	19	19	19	19	19	19	19	20	-1	-1	-1	-1	-1	-1	-1	-1	-1	-1	-1
XMTQxOTU1ODE4MA==	30	30	30	34	34	35	35	35	35	35	35	35	35	35	35	37	37	39	-1	-1	-1	-1	-1	-1	-1	-1	-1	-1	-1	-1
XMTQyMDI4MDA4NA==	454	778	1016	1334	1425	1640	1891	2093	2336	-1	-1	-1	-1	-1	-1	-1	-1	-1	-1	-1	-1	-1	-1	-1	-1	-1	-1	-1	-1	-1
XMTQxOTg0NTg4NA==	153	163	170	174	175	189	192	195	195	195	195	195	195	-1	-1	-1	-1	-1	-1	-1	-1	-1	-1	-1	-1	-1	-1	-1	-1	-1
XMTQyMDAxOTc4NA==	18	23	30	32	32	32	31	31	31	31	32	33	33	33	34	34	34	33	33	34	-1	-1	-1	-1	-1	-1	-1	-1	-1	-1
XMTQyMDcxNTcwMA==	5	6	6	4	4	8	8	8	8	8	8	8	8	8	8	8	8	8	8	8	8	8	8	8	8	-1	-1	-1	-1	-1
XMTQxOTcyMTk2OA==	1281	1624	-1	-1	-1	-1	-1	-1	-1	-1	-1	-1	-1	-1	-1	-1	-1	-1	-1	-1	-1	-1	-1	-1	-1	-1	-1	-1	-1	-1
XMTQyMDgwMTgyMA==	7	18	20	20	22	22	22	23	23	23	24	24	24	24	24	27	27	27	27	27	27	27	28	28	28	29	29	29	-1	-1
XMTQyMDgxMzQ5Ng==	2	20	22	23	23	23	-1	-1	-1	-1	-1	-1	-1	-1	-1	-1	-1	-1	-1	-1	-1	-1	-1	-1	-1	-1	-1	-1	-1	-1
XMTQyMDExMDgzNg==	27	112	169	286	331	395	-1	-1	-1	-1	-1	-1	-1	-1	-1	-1	-1	-1	-1	-1	-1	-1	-1	-1	-1	-1	-1	-1	-1	-1
XMTQyMDAwOTM0MA==	40	42	43	42	-1	-1	-1	-1	-1	-1	-1	-1	-1	-1	-1	-1	-1	-1	-1	-1	-1	-1	-1	-1	-1	-1	-1	-1	-1	-1
XMTQyMDQ3MjU2MA==	2	2	2	2	2	2	2	2	2	2	2	2	2	2	2	2	2	2	2	2	2	2	2	2	2	2	-1	-1	-1	-1
XMTQyMDUyNjM2NA==	1	1	1	1	1	1	1	1	1	1	1	1	1	1	1	-1	-1	-1	-1	-1	-1	-1	-1	-1	-1	-1	-1	-1	-1	-1
XMTQyMDMyNzg2MA==	10	10	11	11	11	11	12	12	12	-1	-1	-1	-1	-1	-1	-1	-1	-1	-1	-1	-1	-1	-1	-1	-1	-1	-1	-1	-1	-1
XMTQyMDI1ODE0OA==	1783	3054	3731	4450	4766	5224	5525	5779	5957	6158	6321	6467	6620	6717	6836	6965	7079	7210	7299	7397	7483	7552	7603	-1	-1	-1	-1	-1	-1	-1
XMTQyMDIxNTg0OA==	5	29	-1	-1	-1	-1	-1	-1	-1	-1	-1	-1	-1	-1	-1	-1	-1	-1	-1	-1	-1	-1	-1	-1	-1	-1	-1	-1	-1	-1
XMTQyMDIyMDIwOA==	8	9	9	9	9	9	9	9	9	9	9	9	9	9	9	9	9	9	-1	-1	-1	-1	-1	-1	-1	-1	-1	-1	-1	-1
XMTQxOTcyNDI0OA==	130	-1	-1	-1	-1	-1	-1	-1	-1	-1	-1	-1	-1	-1	-1	-1	-1	-1	-1	-1	-1	-1	-1	-1	-1	-1	-1	-1	-1	-1
XMTQxOTgxODg0OA==	31	-1	-1	-1	-1	-1	-1	-1	-1	-1	-1	-1	-1	-1	-1	-1	-1	-1	-1	-1	-1	-1	-1	-1	-1	-1	-1	-1	-1	-1
XMTQxOTg1NjY0MA==	10	11	11	11	11	11	11	11	11	11	11	11	11	12	12	12	12	12	12	12	12	-1	-1	-1	-1	-1	-1	-1	-1	-1
XMTQxOTcxOTM4OA==	16	19	19	-1	-1	-1	-1	-1	-1	-1	-1	-1	-1	-1	-1	-1	-1	-1	-1	-1	-1	-1	-1	-1	-1	-1	-1	-1	-1	-1
XMTQxOTc5Njg1Ng==	217	248	257	285	287	296	318	332	354	362	387	398	411	419	426	433	450	461	-1	-1	-1	-1	-1	-1	-1	-1	-1	-1	-1	-1
XMTQxOTc3NDUyNA==	369	408	424	434	437	444	448	453	-1	-1	-1	-1	-1	-1	-1	-1	-1	-1	-1	-1	-1	-1	-1	-1	-1	-1	-1	-1	-1	-1
XMTQyMDY1Mzk4OA==	3	-1	-1	-1	-1	-1	-1	-1	-1	-1	-1	-1	-1	-1	-1	-1	-1	-1	-1	-1	-1	-1	-1	-1	-1	-1	-1	-1	-1	-1
XMTQyMDYzNjkwOA==	41	72	72	63	63	65	65	65	65	65	65	65	65	65	65	65	65	65	65	65	65	65	65	65	65	-1	-1	-1	-1	-1
XMTQyMDczNTQ0MA==	10	-1	-1	-1	-1	-1	-1	-1	-1	-1	-1	-1	-1	-1	-1	-1	-1	-1	-1	-1	-1	-1	-1	-1	-1	-1	-1	-1	-1	-1
XMTQyMDA2Njg2MA==	206	-1	-1	-1	-1	-1	-1	-1	-1	-1	-1	-1	-1	-1	-1	-1	-1	-1	-1	-1	-1	-1	-1	-1	-1	-1	-1	-1	-1	-1
XMTQxOTc3NTIyNA==	463	505	478	496	498	513	514	519	-1	-1	-1	-1	-1	-1	-1	-1	-1	-1	-1	-1	-1	-1	-1	-1	-1	-1	-1	-1	-1	-1
XMTQxOTgxMzUyNA==	139	206	213	210	210	210	228	-1	-1	-1	-1	-1	-1	-1	-1	-1	-1	-1	-1	-1	-1	-1	-1	-1	-1	-1	-1	-1	-1	-1
XMTQyMDE0NDY0NA==	41	154	246	427	503	605	-1	-1	-1	-1	-1	-1	-1	-1	-1	-1	-1	-1	-1	-1	-1	-1	-1	-1	-1	-1	-1	-1	-1	-1
XMTQxOTg1NzY0NA==	18	-1	-1	-1	-1	-1	-1	-1	-1	-1	-1	-1	-1	-1	-1	-1	-1	-1	-1	-1	-1	-1	-1	-1	-1	-1	-1	-1	-1	-1
XMTQyMDg0ODI0NA==	5	-1	-1	-1	-1	-1	-1	-1	-1	-1	-1	-1	-1	-1	-1	-1	-1	-1	-1	-1	-1	-1	-1	-1	-1	-1	-1	-1	-1	-1
XMTQxOTY0NTU5Ng==	202	220	243	264	279	294	300	327	336	347	370	376	385	391	397	400	412	413	-1	-1	-1	-1	-1	-1	-1	-1	-1	-1	-1	-1
XMTQxOTg1MTk4NA==	25	29	29	25	25	25	25	25	25	25	25	25	25	25	25	-1	-1	-1	-1	-1	-1	-1	-1	-1	-1	-1	-1	-1	-1	-1
XMTQyMDA4MTQzNg==	94	155	177	175	175	176	-1	-1	-1	-1	-1	-1	-1	-1	-1	-1	-1	-1	-1	-1	-1	-1	-1	-1	-1	-1	-1	-1	-1	-1
XMTQyMDgzNTU2OA==	2	-1	-1	-1	-1	-1	-1	-1	-1	-1	-1	-1	-1	-1	-1	-1	-1	-1	-1	-1	-1	-1	-1	-1	-1	-1	-1	-1	-1	-1
XMTQyMDIwMzI5Ng==	2	3	3	3	3	3	3	3	-1	-1	-1	-1	-1	-1	-1	-1	-1	-1	-1	-1	-1	-1	-1	-1	-1	-1	-1	-1	-1	-1
XMTQxOTYzMTg4OA==	44	52	53	61	62	-1	-1	-1	-1	-1	-1	-1	-1	-1	-1	-1	-1	-1	-1	-1	-1	-1	-1	-1	-1	-1	-1	-1	-1	-1
XMTQxOTg2NDAxMg==	31	38	38	36	37	37	39	39	38	38	38	38	38	38	38	-1	-1	-1	-1	-1	-1	-1	-1	-1	-1	-1	-1	-1	-1	-1
XMTQyMDExNTA3Mg==	183	244	279	304	309	322	323	326	-1	-1	-1	-1	-1	-1	-1	-1	-1	-1	-1	-1	-1	-1	-1	-1	-1	-1	-1	-1	-1	-1
XMTQxOTczODE4OA==	6	12	18	18	18	18	18	18	18	18	18	18	18	18	18	18	18	18	-1	-1	-1	-1	-1	-1	-1	-1	-1	-1	-1	-1
XMTQyMDcyMTMyOA==	2	-1	-1	-1	-1	-1	-1	-1	-1	-1	-1	-1	-1	-1	-1	-1	-1	-1	-1	-1	-1	-1	-1	-1	-1	-1	-1	-1	-1	-1
XMTQxOTg2OTQ4NA==	9	9	-1	-1	-1	-1	-1	-1	-1	-1	-1	-1	-1	-1	-1	-1	-1	-1	-1	-1	-1	-1	-1	-1	-1	-1	-1	-1	-1	-1
XMTQxOTcyNzExMg==	894	1060	-1	-1	-1	-1	-1	-1	-1	-1	-1	-1	-1	-1	-1	-1	-1	-1	-1	-1	-1	-1	-1	-1	-1	-1	-1	-1	-1	-1
XMTQyMDAxODU0OA==	67	71	70	-1	-1	-1	-1	-1	-1	-1	-1	-1	-1	-1	-1	-1	-1	-1	-1	-1	-1	-1	-1	-1	-1	-1	-1	-1	-1	-1
XMTQyMDkzNzA0NA==	46	584	739	852	885	-1	-1	-1	-1	-1	-1	-1	-1	-1	-1	-1	-1	-1	-1	-1	-1	-1	-1	-1	-1	-1	-1	-1	-1	-1
XMTQxOTU2NTEzMg==	18	18	14	15	15	15	15	15	15	15	15	15	15	15	15	15	15	15	15	15	15	15	15	15	15	15	15	-1	-1	-1
XMTQxOTQ1ODM3Mg==	21	44	44	46	46	48	48	-1	-1	-1	-1	-1	-1	-1	-1	-1	-1	-1	-1	-1	-1	-1	-1	-1	-1	-1	-1	-1	-1	-1
XMTQxOTkxODg0NA==	66	67	66	66	66	-1	-1	-1	-1	-1	-1	-1	-1	-1	-1	-1	-1	-1	-1	-1	-1	-1	-1	-1	-1	-1	-1	-1	-1	-1
XMTQyMDE3Mjg1Ng==	24	29	31	30	30	-1	-1	-1	-1	-1	-1	-1	-1	-1	-1	-1	-1	-1	-1	-1	-1	-1	-1	-1	-1	-1	-1	-1	-1	-1
XMTQyMDA4NDM2OA==	28	32	45	-1	-1	-1	-1	-1	-1	-1	-1	-1	-1	-1	-1	-1	-1	-1	-1	-1	-1	-1	-1	-1	-1	-1	-1	-1	-1	-1
XMTQxOTcxNjA2MA==	18	25	25	30	30	31	31	32	33	34	35	35	35	35	35	35	35	35	-1	-1	-1	-1	-1	-1	-1	-1	-1	-1	-1	-1
XMTQyMDExMDY1Ng==	70	82	94	98	101	-1	-1	-1	-1	-1	-1	-1	-1	-1	-1	-1	-1	-1	-1	-1	-1	-1	-1	-1	-1	-1	-1	-1	-1	-1
XMTQyMDk2ODE3Ng==	1	3	4	-1	-1	-1	-1	-1	-1	-1	-1	-1	-1	-1	-1	-1	-1	-1	-1	-1	-1	-1	-1	-1	-1	-1	-1	-1	-1	-1
XMTQxOTUzNjQ1Ng==	94	132	173	195	198	207	214	218	223	226	228	230	238	243	252	255	260	265	270	281	-1	-1	-1	-1	-1	-1	-1	-1	-1	-1
XMTQyMDUyMTM2MA==	1	2	2	2	2	2	2	2	2	2	2	2	2	2	2	-1	-1	-1	-1	-1	-1	-1	-1	-1	-1	-1	-1	-1	-1	-1
XMTQxOTU3NTQ5Ng==	30	36	38	36	37	37	37	42	45	45	45	45	45	45	45	45	45	46	47	49	50	-1	-1	-1	-1	-1	-1	-1	-1	-1
XMTQxOTg1OTMyMA==	506	967	1356	1693	1771	1902	1997	2081	2144	2261	2372	2468	2551	2610	2652	2718	-1	-1	-1	-1	-1	-1	-1	-1	-1	-1	-1	-1	-1	-1
XMTQyMDAzMzk5Ng==	7	7	6	6	6	6	6	6	6	6	6	6	6	6	6	6	6	9	-1	-1	-1	-1	-1	-1	-1	-1	-1	-1	-1	-1
XMTQxOTg3MTk4NA==	113	124	119	135	152	155	155	155	157	160	162	166	167	168	-1	-1	-1	-1	-1	-1	-1	-1	-1	-1	-1	-1	-1	-1	-1	-1
XMTQyMDgwNTc0MA==	464	-1	-1	-1	-1	-1	-1	-1	-1	-1	-1	-1	-1	-1	-1	-1	-1	-1	-1	-1	-1	-1	-1	-1	-1	-1	-1	-1	-1	-1
XMTQyMDA1NjI3Ng==	18	-1	-1	-1	-1	-1	-1	-1	-1	-1	-1	-1	-1	-1	-1	-1	-1	-1	-1	-1	-1	-1	-1	-1	-1	-1	-1	-1	-1	-1
XMTQyMDIwOTk0OA==	345	480	535	594	-1	-1	-1	-1	-1	-1	-1	-1	-1	-1	-1	-1	-1	-1	-1	-1	-1	-1	-1	-1	-1	-1	-1	-1	-1	-1
XMTQxOTgxMzM1Mg==	13	14	15	15	15	15	15	15	15	15	-1	-1	-1	-1	-1	-1	-1	-1	-1	-1	-1	-1	-1	-1	-1	-1	-1	-1	-1	-1
XMTQyMDE4MjAzNg==	9	-1	-1	-1	-1	-1	-1	-1	-1	-1	-1	-1	-1	-1	-1	-1	-1	-1	-1	-1	-1	-1	-1	-1	-1	-1	-1	-1	-1	-1
XMTQyMDQ1NDI2MA==	47	70	69	67	-1	-1	-1	-1	-1	-1	-1	-1	-1	-1	-1	-1	-1	-1	-1	-1	-1	-1	-1	-1	-1	-1	-1	-1	-1	-1
XMTQyMDQyMDkyOA==	-1	-1	-1	-1	-1	-1	-1	-1	-1	-1	-1	-1	-1	-1	-1	-1	-1	-1	-1	-1	-1	-1	-1	-1	-1	-1	-1	-1	-1	-1
XMTQxOTgxOTgyOA==	5	-1	-1	-1	-1	-1	-1	-1	-1	-1	-1	-1	-1	-1	-1	-1	-1	-1	-1	-1	-1	-1	-1	-1	-1	-1	-1	-1	-1	-1
XMTQyMDA4NjM2OA==	3	13	15	15	16	17	17	17	17	17	17	17	17	17	17	17	-1	-1	-1	-1	-1	-1	-1	-1	-1	-1	-1	-1	-1	-1
XMTQxOTUwMzg4MA==	42	43	44	-1	-1	-1	-1	-1	-1	-1	-1	-1	-1	-1	-1	-1	-1	-1	-1	-1	-1	-1	-1	-1	-1	-1	-1	-1	-1	-1
XMTQyMDIwNzA4NA==	3	3	3	3	3	4	4	4	4	4	4	4	4	4	4	4	4	-1	-1	-1	-1	-1	-1	-1	-1	-1	-1	-1	-1	-1
XMTQxOTcxNjgzNg==	57	60	68	75	80	82	85	85	85	85	-1	-1	-1	-1	-1	-1	-1	-1	-1	-1	-1	-1	-1	-1	-1	-1	-1	-1	-1	-1
XMTQyMDM1NzE3Mg==	6	8	8	-1	-1	-1	-1	-1	-1	-1	-1	-1	-1	-1	-1	-1	-1	-1	-1	-1	-1	-1	-1	-1	-1	-1	-1	-1	-1	-1
XMTQxOTY2NTA2OA==	188	212	282	317	333	-1	-1	-1	-1	-1	-1	-1	-1	-1	-1	-1	-1	-1	-1	-1	-1	-1	-1	-1	-1	-1	-1	-1	-1	-1
XMTQyMDExNzY3Ng==	618	815	925	1077	1108	1177	1211	1273	-1	-1	-1	-1	-1	-1	-1	-1	-1	-1	-1	-1	-1	-1	-1	-1	-1	-1	-1	-1	-1	-1
XMTQxOTAwOTU4NA==	6	7	7	7	7	7	7	7	7	7	7	7	7	7	7	7	7	7	8	8	8	8	8	8	8	-1	-1	-1	-1	-1
XMTQyMDAzODUzMg==	26	29	35	34	34	39	39	39	39	39	39	41	41	41	-1	-1	-1	-1	-1	-1	-1	-1	-1	-1	-1	-1	-1	-1	-1	-1
XMTQyMDY1NDI3Mg==	263	389	433	504	545	594	621	643	659	-1	-1	-1	-1	-1	-1	-1	-1	-1	-1	-1	-1	-1	-1	-1	-1	-1	-1	-1	-1	-1
XMTQyMDg0MTc4MA==	6	11	16	18	22	25	-1	-1	-1	-1	-1	-1	-1	-1	-1	-1	-1	-1	-1	-1	-1	-1	-1	-1	-1	-1	-1	-1	-1	-1
XMTQyMDY1NTQxNg==	3	3	3	3	3	3	3	-1	-1	-1	-1	-1	-1	-1	-1	-1	-1	-1	-1	-1	-1	-1	-1	-1	-1	-1	-1	-1	-1	-1
XMTQxOTY2MTMzNg==	178	180	169	166	166	169	169	174	-1	-1	-1	-1	-1	-1	-1	-1	-1	-1	-1	-1	-1	-1	-1	-1	-1	-1	-1	-1	-1	-1
XMTQyMDgxMzkyNA==	1	-1	-1	-1	-1	-1	-1	-1	-1	-1	-1	-1	-1	-1	-1	-1	-1	-1	-1	-1	-1	-1	-1	-1	-1	-1	-1	-1	-1	-1
XMTQxOTk1MjE2NA==	102	110	113	128	130	131	131	136	136	140	140	-1	-1	-1	-1	-1	-1	-1	-1	-1	-1	-1	-1	-1	-1	-1	-1	-1	-1	-1
XMTQyMDY4ODgzMg==	2	2	2	3	-1	-1	-1	-1	-1	-1	-1	-1	-1	-1	-1	-1	-1	-1	-1	-1	-1	-1	-1	-1	-1	-1	-1	-1	-1	-1
XMTQxOTU0MDE1Mg==	99	131	132	122	123	123	123	123	-1	-1	-1	-1	-1	-1	-1	-1	-1	-1	-1	-1	-1	-1	-1	-1	-1	-1	-1	-1	-1	-1
XMTQyMDM5MzQ1Ng==	3500	-1	4988	3084	3186	3308	3372	3514	3710	3878	4024	4128	4224	4272	4336	4426	4518	4602	4728	4809	4863	4921	4964	5027	5081	5142	5185	5206	5258	5315
XMTQyMDM5NDA0MA==	4	7	8	8	8	8	8	9	9	9	9	9	9	9	9	9	-1	-1	-1	-1	-1	-1	-1	-1	-1	-1	-1	-1	-1	-1
XMTQxOTkwNTQ4OA==	154	158	146	148	148	149	149	149	149	149	149	149	149	149	149	-1	-1	-1	-1	-1	-1	-1	-1	-1	-1	-1	-1	-1	-1	-1
XMTQyMDE0OTI4NA==	195	199	202	203	205	206	222	228	228	228	228	229	229	229	230	230	-1	-1	-1	-1	-1	-1	-1	-1	-1	-1	-1	-1	-1	-1
XMTQxOTk4MTc4OA==	6	10	9	9	9	9	9	9	-1	-1	-1	-1	-1	-1	-1	-1	-1	-1	-1	-1	-1	-1	-1	-1	-1	-1	-1	-1	-1	-1
XMTQyMDE3Nzk3Mg==	21	28	27	27	27	27	27	28	28	28	30	30	30	31	31	31	32	32	33	33	33	33	33	33	34	-1	-1	-1	-1	-1
XMTQyMDY2NDk2MA==	8	13	14	14	14	14	14	14	14	14	14	14	14	14	14	14	20	-1	-1	-1	-1	-1	-1	-1	-1	-1	-1	-1	-1	-1
XMTQxOTYyMzg0NA==	534	588	601	627	632	638	641	648	-1	-1	-1	-1	-1	-1	-1	-1	-1	-1	-1	-1	-1	-1	-1	-1	-1	-1	-1	-1	-1	-1
XMTQyMDcwNjM2MA==	18	22	22	-1	-1	-1	-1	-1	-1	-1	-1	-1	-1	-1	-1	-1	-1	-1	-1	-1	-1	-1	-1	-1	-1	-1	-1	-1	-1	-1
XMTQxOTkyOTQ1Mg==	1117	1469	1600	1877	1987	2173	2237	2356	2427	2485	2615	2780	2940	2992	3041	3099	3140	3190	3312	3433	3462	3524	-1	-1	-1	-1	-1	-1	-1	-1
XMTQxOTk0MzM0OA==	461	539	563	621	645	669	672	678	684	697	705	715	720	727	729	732	736	737	756	769	771	777	-1	-1	-1	-1	-1	-1	-1	-1
XMTQxOTk4MTE0MA==	1038	1140	1206	1379	1410	1509	1577	1628	1693	1750	1843	1921	1990	2036	2089	2151	2210	2264	-1	-1	-1	-1	-1	-1	-1	-1	-1	-1	-1	-1
XMTQxOTYxNjY2OA==	13	14	14	14	14	14	14	14	14	14	14	14	14	14	14	14	14	14	14	14	-1	-1	-1	-1	-1	-1	-1	-1	-1	-1
XMTQyMDUyOTQ0NA==	51	-1	-1	-1	-1	-1	-1	-1	-1	-1	-1	-1	-1	-1	-1	-1	-1	-1	-1	-1	-1	-1	-1	-1	-1	-1	-1	-1	-1	-1
XMTQyMDQwODgzNg==	16	22	23	-1	-1	-1	-1	-1	-1	-1	-1	-1	-1	-1	-1	-1	-1	-1	-1	-1	-1	-1	-1	-1	-1	-1	-1	-1	-1	-1
XMTQxOTg1NDAzNg==	7	8	-1	-1	-1	-1	-1	-1	-1	-1	-1	-1	-1	-1	-1	-1	-1	-1	-1	-1	-1	-1	-1	-1	-1	-1	-1	-1	-1	-1
XMTQyMDAzNDk1Mg==	29	40	51	55	64	-1	-1	-1	-1	-1	-1	-1	-1	-1	-1	-1	-1	-1	-1	-1	-1	-1	-1	-1	-1	-1	-1	-1	-1	-1
XMTQyMDA1MDA2NA==	42	-1	-1	-1	-1	-1	-1	-1	-1	-1	-1	-1	-1	-1	-1	-1	-1	-1	-1	-1	-1	-1	-1	-1	-1	-1	-1	-1	-1	-1
XMTQyMDUwNDI1Ng==	16	-1	-1	-1	-1	-1	-1	-1	-1	-1	-1	-1	-1	-1	-1	-1	-1	-1	-1	-1	-1	-1	-1	-1	-1	-1	-1	-1	-1	-1
XMTQxOTY0NzEyNA==	56	65	67	71	73	74	74	78	78	85	94	95	96	96	96	97	99	99	-1	-1	-1	-1	-1	-1	-1	-1	-1	-1	-1	-1
XMTQxOTY2NzE0OA==	19	27	28	40	48	55	60	64	67	72	73	74	83	86	87	96	100	105	-1	-1	-1	-1	-1	-1	-1	-1	-1	-1	-1	-1
XMTQxOTI1NzM1Ng==	28	28	27	-1	-1	-1	-1	-1	-1	-1	-1	-1	-1	-1	-1	-1	-1	-1	-1	-1	-1	-1	-1	-1	-1	-1	-1	-1	-1	-1
XMTQyMDY3ODMwOA==	9	20	40	83	105	132	146	159	168	-1	-1	-1	-1	-1	-1	-1	-1	-1	-1	-1	-1	-1	-1	-1	-1	-1	-1	-1	-1	-1
XMTQxOTQ0MDQ2OA==	29	30	30	-1	-1	-1	-1	-1	-1	-1	-1	-1	-1	-1	-1	-1	-1	-1	-1	-1	-1	-1	-1	-1	-1	-1	-1	-1	-1	-1
XMTQyMDYzODAwOA==	15	22	25	-1	-1	-1	-1	-1	-1	-1	-1	-1	-1	-1	-1	-1	-1	-1	-1	-1	-1	-1	-1	-1	-1	-1	-1	-1	-1	-1
XMTQxOTkxOTA4OA==	21	22	22	22	22	22	-1	-1	-1	-1	-1	-1	-1	-1	-1	-1	-1	-1	-1	-1	-1	-1	-1	-1	-1	-1	-1	-1	-1	-1
XMTQxOTU4ODQ1Mg==	1715	2957	3118	3070	3107	3347	3643	3733	3794	3916	4008	4107	4253	4405	4607	4713	4831	-1	-1	-1	-1	-1	-1	-1	-1	-1	-1	-1	-1	-1
XMTQyMDc1NTg2OA==	2	1371	-1	-1	-1	-1	-1	-1	-1	-1	-1	-1	-1	-1	-1	-1	-1	-1	-1	-1	-1	-1	-1	-1	-1	-1	-1	-1	-1	-1
XMTQyMDAxODg3Mg==	218	226	193	197	202	206	210	-1	-1	-1	-1	-1	-1	-1	-1	-1	-1	-1	-1	-1	-1	-1	-1	-1	-1	-1	-1	-1	-1	-1
XMTQxOTYyNzM0MA==	102	105	109	108	108	108	108	124	-1	-1	-1	-1	-1	-1	-1	-1	-1	-1	-1	-1	-1	-1	-1	-1	-1	-1	-1	-1	-1	-1
XMTQyMDgzNzM3Mg==	1308	2101	2225	-1	-1	-1	-1	-1	-1	-1	-1	-1	-1	-1	-1	-1	-1	-1	-1	-1	-1	-1	-1	-1	-1	-1	-1	-1	-1	-1
XMTQyMDgwMTQ4OA==	5	5	-1	-1	-1	-1	-1	-1	-1	-1	-1	-1	-1	-1	-1	-1	-1	-1	-1	-1	-1	-1	-1	-1	-1	-1	-1	-1	-1	-1
XMTQxOTkwMzcxMg==	147	154	146	144	144	147	148	148	149	149	149	149	149	149	149	-1	-1	-1	-1	-1	-1	-1	-1	-1	-1	-1	-1	-1	-1	-1
XMTQxOTg3NjA2MA==	89	94	94	93	93	94	94	98	98	98	98	98	98	98	98	-1	-1	-1	-1	-1	-1	-1	-1	-1	-1	-1	-1	-1	-1	-1
XMTQyMDUyMTIxMg==	4	6	6	6	6	6	6	6	6	6	6	10	10	-1	-1	-1	-1	-1	-1	-1	-1	-1	-1	-1	-1	-1	-1	-1	-1	-1
XMTQxOTg5MzM2NA==	70	80	74	83	83	85	84	84	84	85	85	86	86	86	86	86	86	86	86	86	86	-1	-1	-1	-1	-1	-1	-1	-1	-1
XMTQyMDE5MjExMg==	5	-1	-1	-1	-1	-1	-1	-1	-1	-1	-1	-1	-1	-1	-1	-1	-1	-1	-1	-1	-1	-1	-1	-1	-1	-1	-1	-1	-1	-1
XMTQyMDIxMDUxNg==	1225	1816	2324	3622	-1	-1	-1	-1	-1	-1	-1	-1	-1	-1	-1	-1	-1	-1	-1	-1	-1	-1	-1	-1	-1	-1	-1	-1	-1	-1
XMTQyMDI4NDMyOA==	-1	-1	-1	-1	-1	-1	-1	-1	-1	-1	-1	-1	-1	-1	-1	-1	-1	-1	-1	-1	-1	-1	-1	-1	-1	-1	-1	-1	-1	-1
XMTQxOTg5NTc4OA==	26	31	32	30	30	30	30	30	-1	-1	-1	-1	-1	-1	-1	-1	-1	-1	-1	-1	-1	-1	-1	-1	-1	-1	-1	-1	-1	-1
XMTQxOTQzMDkxMg==	7	8	8	-1	-1	-1	-1	-1	-1	-1	-1	-1	-1	-1	-1	-1	-1	-1	-1	-1	-1	-1	-1	-1	-1	-1	-1	-1	-1	-1
XMTQyMDA0Njk4OA==	196	298	313	314	316	316	317	318	318	319	-1	-1	-1	-1	-1	-1	-1	-1	-1	-1	-1	-1	-1	-1	-1	-1	-1	-1	-1	-1
XMTQyMDQwNTIyMA==	29	-1	-1	-1	-1	-1	-1	-1	-1	-1	-1	-1	-1	-1	-1	-1	-1	-1	-1	-1	-1	-1	-1	-1	-1	-1	-1	-1	-1	-1
XMTQxOTk3MzEwOA==	133	133	133	2	2	2	2	2	2	2	2	2	2	2	2	2	2	2	2	2	2	2	2	-1	-1	-1	-1	-1	-1	-1
XMTQxOTg1Mzk4NA==	17	19	18	18	18	20	21	22	22	22	22	22	-1	-1	-1	-1	-1	-1	-1	-1	-1	-1	-1	-1	-1	-1	-1	-1	-1	-1
XMTQxOTk3OTcxNg==	11	13	14	15	15	17	18	19	19	19	20	20	20	20	21	22	22	-1	-1	-1	-1	-1	-1	-1	-1	-1	-1	-1	-1	-1
XMTQxOTczNzU2MA==	7	10	12	13	13	14	14	14	14	14	14	14	14	14	14	16	16	16	-1	-1	-1	-1	-1	-1	-1	-1	-1	-1	-1	-1
XMTQxOTY3ODQwOA==	21	-1	-1	-1	-1	-1	-1	-1	-1	-1	-1	-1	-1	-1	-1	-1	-1	-1	-1	-1	-1	-1	-1	-1	-1	-1	-1	-1	-1	-1
XMTQyMDAzMjM2OA==	18	22	-1	-1	-1	-1	-1	-1	-1	-1	-1	-1	-1	-1	-1	-1	-1	-1	-1	-1	-1	-1	-1	-1	-1	-1	-1	-1	-1	-1
XMTQxOTgzODc5Ng==	43	64	85	87	87	88	88	88	88	89	89	89	89	89	-1	-1	-1	-1	-1	-1	-1	-1	-1	-1	-1	-1	-1	-1	-1	-1
XMTQyMDQ3MjE0MA==	4	6	6	6	6	6	6	6	6	6	6	6	6	6	6	6	6	6	6	6	6	6	6	6	6	6	-1	-1	-1	-1
XMTQyMDQ1Njg0NA==	25	37	45	46	47	48	60	61	-1	-1	-1	-1	-1	-1	-1	-1	-1	-1	-1	-1	-1	-1	-1	-1	-1	-1	-1	-1	-1	-1
XMTQyMDIxMDQwOA==	762	1268	1326	1664	-1	-1	-1	-1	-1	-1	-1	-1	-1	-1	-1	-1	-1	-1	-1	-1	-1	-1	-1	-1	-1	-1	-1	-1	-1	-1
XMTQxOTg5NzQ5Ng==	180	194	206	225	-1	-1	-1	-1	-1	-1	-1	-1	-1	-1	-1	-1	-1	-1	-1	-1	-1	-1	-1	-1	-1	-1	-1	-1	-1	-1
XMTQyMDY3ODk5Mg==	2	180	-1	-1	-1	-1	-1	-1	-1	-1	-1	-1	-1	-1	-1	-1	-1	-1	-1	-1	-1	-1	-1	-1	-1	-1	-1	-1	-1	-1
XMTQyMDQ3ODk3Mg==	2	3	3	3	3	3	3	3	3	3	3	3	3	3	3	-1	-1	-1	-1	-1	-1	-1	-1	-1	-1	-1	-1	-1	-1	-1
XMTQyMDc4MzE2NA==	9	13	-1	-1	-1	-1	-1	-1	-1	-1	-1	-1	-1	-1	-1	-1	-1	-1	-1	-1	-1	-1	-1	-1	-1	-1	-1	-1	-1	-1
XMTQyMDUxNDQ5Ng==	2	4	4	4	4	4	4	4	4	4	4	4	4	4	4	-1	-1	-1	-1	-1	-1	-1	-1	-1	-1	-1	-1	-1	-1	-1
XMTQyMDQ4MzMyNA==	-1	-1	-1	-1	-1	-1	-1	-1	-1	-1	-1	-1	-1	-1	-1	-1	-1	-1	-1	-1	-1	-1	-1	-1	-1	-1	-1	-1	-1	-1
XMTQyMDE5OTg0MA==	7	-1	-1	-1	-1	-1	-1	-1	-1	-1	-1	-1	-1	-1	-1	-1	-1	-1	-1	-1	-1	-1	-1	-1	-1	-1	-1	-1	-1	-1
XMTQxOTkwMTA0NA==	23	24	-1	-1	-1	-1	-1	-1	-1	-1	-1	-1	-1	-1	-1	-1	-1	-1	-1	-1	-1	-1	-1	-1	-1	-1	-1	-1	-1	-1
XMTQxOTU0MTkyMA==	109	115	-1	-1	-1	-1	-1	-1	-1	-1	-1	-1	-1	-1	-1	-1	-1	-1	-1	-1	-1	-1	-1	-1	-1	-1	-1	-1	-1	-1
XMTQxOTkwMDA5Mg==	91	96	91	90	90	94	94	95	94	94	93	93	93	93	93	-1	-1	-1	-1	-1	-1	-1	-1	-1	-1	-1	-1	-1	-1	-1
XMTQyMDI4NzA3Mg==	13	-1	-1	-1	-1	-1	-1	-1	-1	-1	-1	-1	-1	-1	-1	-1	-1	-1	-1	-1	-1	-1	-1	-1	-1	-1	-1	-1	-1	-1
XMTQyMDg0MDk4NA==	9	-1	-1	-1	-1	-1	-1	-1	-1	-1	-1	-1	-1	-1	-1	-1	-1	-1	-1	-1	-1	-1	-1	-1	-1	-1	-1	-1	-1	-1
XMTQyMDEwNjA1Mg==	8720	14536	17013	19787	20780	21829	-1	-1	-1	-1	-1	-1	-1	-1	-1	-1	-1	-1	-1	-1	-1	-1	-1	-1	-1	-1	-1	-1	-1	-1
XMTQyMDYxMjA0MA==	1335	3818	3822	151	151	151	-1	-1	-1	-1	-1	-1	-1	-1	-1	-1	-1	-1	-1	-1	-1	-1	-1	-1	-1	-1	-1	-1	-1	-1
XMTQxOTg4OTYyOA==	110	132	143	159	159	160	161	167	167	167	169	170	171	172	173	174	174	176	176	177	178	-1	-1	-1	-1	-1	-1	-1	-1	-1
XMTQyMDE5NDA3Mg==	10	-1	-1	-1	-1	-1	-1	-1	-1	-1	-1	-1	-1	-1	-1	-1	-1	-1	-1	-1	-1	-1	-1	-1	-1	-1	-1	-1	-1	-1
XMTQxOTU5ODM3Mg==	163	175	206	232	234	234	-1	-1	-1	-1	-1	-1	-1	-1	-1	-1	-1	-1	-1	-1	-1	-1	-1	-1	-1	-1	-1	-1	-1	-1
XMTQxOTc4NDEzNg==	6	6	6	6	6	6	6	6	8	8	8	8	8	8	8	-1	-1	-1	-1	-1	-1	-1	-1	-1	-1	-1	-1	-1	-1	-1
XMTQxOTU1MzMzNg==	15	16	-1	-1	-1	-1	-1	-1	-1	-1	-1	-1	-1	-1	-1	-1	-1	-1	-1	-1	-1	-1	-1	-1	-1	-1	-1	-1	-1	-1
XMTQyMDY1NzEyOA==	4	4	4	4	4	4	4	-1	-1	-1	-1	-1	-1	-1	-1	-1	-1	-1	-1	-1	-1	-1	-1	-1	-1	-1	-1	-1	-1	-1
XMTQyMDE4NjgxNg==	14	22	21	19	19	-1	-1	-1	-1	-1	-1	-1	-1	-1	-1	-1	-1	-1	-1	-1	-1	-1	-1	-1	-1	-1	-1	-1	-1	-1
XMTQyMDUzMDYxMg==	59	-1	-1	-1	-1	-1	-1	-1	-1	-1	-1	-1	-1	-1	-1	-1	-1	-1	-1	-1	-1	-1	-1	-1	-1	-1	-1	-1	-1	-1
XMTQxOTc3NDg0MA==	668	754	812	879	891	909	924	971	-1	-1	-1	-1	-1	-1	-1	-1	-1	-1	-1	-1	-1	-1	-1	-1	-1	-1	-1	-1	-1	-1
XMTQxOTU1NzYyOA==	15	18	20	21	21	21	21	21	21	21	21	21	21	21	21	21	21	22	-1	-1	-1	-1	-1	-1	-1	-1	-1	-1	-1	-1
XMTQyMDU5ODc3Ng==	2	5	5	6	6	7	7	7	7	7	7	7	7	12	12	12	12	12	12	12	12	12	-1	-1	-1	-1	-1	-1	-1	-1
XMTQyMDExNzMzNg==	10	13	17	-1	-1	-1	-1	-1	-1	-1	-1	-1	-1	-1	-1	-1	-1	-1	-1	-1	-1	-1	-1	-1	-1	-1	-1	-1	-1	-1
XMTQxOTY3NDMwNA==	11	12	12	12	12	12	12	-1	-1	-1	-1	-1	-1	-1	-1	-1	-1	-1	-1	-1	-1	-1	-1	-1	-1	-1	-1	-1	-1	-1
XMTQyMDMzMjgzMg==	2	2	2	2	2	2	2	2	2	2	-1	-1	-1	-1	-1	-1	-1	-1	-1	-1	-1	-1	-1	-1	-1	-1	-1	-1	-1	-1
XMTQyMDI3MTgwOA==	41	47	47	45	45	46	47	47	47	47	47	47	47	47	47	47	47	48	50	50	-1	-1	-1	-1	-1	-1	-1	-1	-1	-1
XMTQyMDM2NjkwNA==	601	846	-1	-1	-1	-1	-1	-1	-1	-1	-1	-1	-1	-1	-1	-1	-1	-1	-1	-1	-1	-1	-1	-1	-1	-1	-1	-1	-1	-1
XMTQyMDY0NTAwMA==	7	9	9	9	9	9	9	9	9	9	9	9	9	9	9	9	9	9	9	9	9	9	9	9	9	-1	-1	-1	-1	-1
XMTQyMDA1MjYxMg==	126	127	127	127	127	129	129	130	130	130	-1	-1	-1	-1	-1	-1	-1	-1	-1	-1	-1	-1	-1	-1	-1	-1	-1	-1	-1	-1
XMTQxOTI4Mjg0MA==	102	108	107	108	108	109	-1	-1	-1	-1	-1	-1	-1	-1	-1	-1	-1	-1	-1	-1	-1	-1	-1	-1	-1	-1	-1	-1	-1	-1
XMTQxOTc3NDUyOA==	492	560	586	620	629	641	646	651	-1	-1	-1	-1	-1	-1	-1	-1	-1	-1	-1	-1	-1	-1	-1	-1	-1	-1	-1	-1	-1	-1
XMTQxOTkxOTEyOA==	451	516	524	-1	-1	-1	-1	-1	-1	-1	-1	-1	-1	-1	-1	-1	-1	-1	-1	-1	-1	-1	-1	-1	-1	-1	-1	-1	-1	-1
XMTQyMDI3MzQxMg==	23	-1	-1	-1	-1	-1	-1	-1	-1	-1	-1	-1	-1	-1	-1	-1	-1	-1	-1	-1	-1	-1	-1	-1	-1	-1	-1	-1	-1	-1
XMTQxOTc3NDMwNA==	470	531	521	546	550	557	560	565	-1	-1	-1	-1	-1	-1	-1	-1	-1	-1	-1	-1	-1	-1	-1	-1	-1	-1	-1	-1	-1	-1
XMTQxOTg2ODk2OA==	17	-1	-1	-1	-1	-1	-1	-1	-1	-1	-1	-1	-1	-1	-1	-1	-1	-1	-1	-1	-1	-1	-1	-1	-1	-1	-1	-1	-1	-1
XMTQyMDE0OTYzNg==	22	24	22	21	21	22	22	22	22	22	22	22	22	22	22	22	22	-1	-1	-1	-1	-1	-1	-1	-1	-1	-1	-1	-1	-1
XMTQyMDc2MTQ4NA==	3	1739	-1	-1	-1	-1	-1	-1	-1	-1	-1	-1	-1	-1	-1	-1	-1	-1	-1	-1	-1	-1	-1	-1	-1	-1	-1	-1	-1	-1
XMTQxOTc3NDMwOA==	438	492	521	558	566	578	583	596	-1	-1	-1	-1	-1	-1	-1	-1	-1	-1	-1	-1	-1	-1	-1	-1	-1	-1	-1	-1	-1	-1
XMTQyMDUwNjkwOA==	16	38	73	128	151	214	285	348	387	439	-1	-1	-1	-1	-1	-1	-1	-1	-1	-1	-1	-1	-1	-1	-1	-1	-1	-1	-1	-1
XMTQxOTk2Mjk4MA==	26	37	37	37	37	37	41	41	41	39	39	40	40	40	40	40	40	40	40	40	42	45	45	56	56	56	-1	-1	-1	-1
XMTQxOTI1ODgwNA==	27	28	-1	-1	-1	-1	-1	-1	-1	-1	-1	-1	-1	-1	-1	-1	-1	-1	-1	-1	-1	-1	-1	-1	-1	-1	-1	-1	-1	-1
XMTQxOTc0NTc4OA==	338	384	393	405	410	416	-1	-1	-1	-1	-1	-1	-1	-1	-1	-1	-1	-1	-1	-1	-1	-1	-1	-1	-1	-1	-1	-1	-1	-1
XMTQxOTg4NTQzNg==	9	9	8	8	8	8	8	8	8	8	8	8	8	8	8	-1	-1	-1	-1	-1	-1	-1	-1	-1	-1	-1	-1	-1	-1	-1
XMTQxOTQyNjg2MA==	99	103	95	-1	-1	-1	-1	-1	-1	-1	-1	-1	-1	-1	-1	-1	-1	-1	-1	-1	-1	-1	-1	-1	-1	-1	-1	-1	-1	-1
XMTQxOTY3MzA4OA==	5	-1	-1	-1	-1	-1	-1	-1	-1	-1	-1	-1	-1	-1	-1	-1	-1	-1	-1	-1	-1	-1	-1	-1	-1	-1	-1	-1	-1	-1
XMTQyMDIzMTkwOA==	4	4	4	4	4	4	4	4	4	4	4	-1	-1	-1	-1	-1	-1	-1	-1	-1	-1	-1	-1	-1	-1	-1	-1	-1	-1	-1
XMTQxOTg5ODc3Ng==	82	134	157	186	188	192	193	196	197	202	212	217	220	-1	-1	-1	-1	-1	-1	-1	-1	-1	-1	-1	-1	-1	-1	-1	-1	-1
XMTQyMDIxNzQyOA==	38	-1	-1	-1	-1	-1	-1	-1	-1	-1	-1	-1	-1	-1	-1	-1	-1	-1	-1	-1	-1	-1	-1	-1	-1	-1	-1	-1	-1	-1
XMTQxOTY2NzIzMg==	1097	1314	1433	-1	-1	-1	1437	1449	1460	1470	1485	1500	1518	1524	1533	1536	1551	1557	1565	1569	1584	1596	1600	1601	1606	1613	1618	1624	1629	1630
XMTQyMDk2Njk3Ng==	1	-1	-1	-1	-1	-1	-1	-1	-1	-1	-1	-1	-1	-1	-1	-1	-1	-1	-1	-1	-1	-1	-1	-1	-1	-1	-1	-1	-1	-1
XMTQxOTI0NzUwOA==	413	520	591	673	703	738	754	786	790	812	-1	-1	-1	-1	-1	-1	-1	-1	-1	-1	-1	-1	-1	-1	-1	-1	-1	-1	-1	-1
XMTQyMDcwMDg1Mg==	3	3	4	-1	-1	-1	-1	-1	-1	-1	-1	-1	-1	-1	-1	-1	-1	-1	-1	-1	-1	-1	-1	-1	-1	-1	-1	-1	-1	-1
XMTQxOTgxMDY4OA==	126	134	139	143	143	143	148	153	157	163	168	175	184	192	197	204	208	213	219	220	220	221	223	223	223	223	-1	-1	-1	-1
XMTQyMDEyMTcxNg==	233	402	488	650	761	1039	-1	-1	-1	-1	-1	-1	-1	-1	-1	-1	-1	-1	-1	-1	-1	-1	-1	-1	-1	-1	-1	-1	-1	-1
XMTQyMDE1OTQ0MA==	14	-1	-1	-1	-1	-1	-1	-1	-1	-1	-1	-1	-1	-1	-1	-1	-1	-1	-1	-1	-1	-1	-1	-1	-1	-1	-1	-1	-1	-1
XMTQxOTgxNTQxNg==	180	258	252	248	248	248	261	-1	-1	-1	-1	-1	-1	-1	-1	-1	-1	-1	-1	-1	-1	-1	-1	-1	-1	-1	-1	-1	-1	-1
XMTQxOTU2OTMzNg==	50	50	50	-1	-1	-1	-1	-1	-1	-1	-1	-1	-1	-1	-1	-1	-1	-1	-1	-1	-1	-1	-1	-1	-1	-1	-1	-1	-1	-1
XMTQyMDI1OTYxNg==	15	18	21	-1	-1	-1	-1	-1	-1	-1	-1	-1	-1	-1	-1	-1	-1	-1	-1	-1	-1	-1	-1	-1	-1	-1	-1	-1	-1	-1
XMTQxOTUxMTMyMA==	400	412	529	539	539	540	-1	-1	-1	-1	-1	-1	-1	-1	-1	-1	-1	-1	-1	-1	-1	-1	-1	-1	-1	-1	-1	-1	-1	-1
XMTQxOTE0NDUwNA==	31	37	39	42	42	44	44	44	45	46	-1	-1	-1	-1	-1	-1	-1	-1	-1	-1	-1	-1	-1	-1	-1	-1	-1	-1	-1	-1
XMTQxOTU0MDM5Ng==	72	84	86	87	89	92	94	94	-1	-1	-1	-1	-1	-1	-1	-1	-1	-1	-1	-1	-1	-1	-1	-1	-1	-1	-1	-1	-1	-1
XMTQyMDAxMDYwOA==	512	685	840	936	957	1045	1179	1240	1332	-1	-1	-1	-1	-1	-1	-1	-1	-1	-1	-1	-1	-1	-1	-1	-1	-1	-1	-1	-1	-1
XMTQxOTc5NTA3Mg==	13	27	38	41	41	42	42	45	47	47	47	48	48	50	50	50	50	52	-1	-1	-1	-1	-1	-1	-1	-1	-1	-1	-1	-1
XMTQyMDUyMDg2MA==	3	4	5	-1	-1	-1	-1	-1	-1	-1	-1	-1	-1	-1	-1	-1	-1	-1	-1	-1	-1	-1	-1	-1	-1	-1	-1	-1	-1	-1
XMTQxOTc5NjQwNA==	72	100	135	150	151	154	161	168	173	178	180	186	188	189	188	203	206	206	-1	-1	-1	-1	-1	-1	-1	-1	-1	-1	-1	-1
XMTQyMDYxMDY3Mg==	31	33	34	-1	-1	-1	-1	-1	-1	-1	-1	-1	-1	-1	-1	-1	-1	-1	-1	-1	-1	-1	-1	-1	-1	-1	-1	-1	-1	-1
XMTQxOTY5MjIyOA==	73	94	133	134	134	140	148	153	159	168	174	183	184	185	190	192	197	201	-1	-1	-1	-1	-1	-1	-1	-1	-1	-1	-1	-1
XMTQxOTk5Njg5Ng==	670	-1	-1	-1	-1	-1	-1	-1	-1	-1	-1	-1	-1	-1	-1	-1	-1	-1	-1	-1	-1	-1	-1	-1	-1	-1	-1	-1	-1	-1
XMTQyMDY5Njk5Ng==	5	10	10	9	9	9	9	9	-1	-1	-1	-1	-1	-1	-1	-1	-1	-1	-1	-1	-1	-1	-1	-1	-1	-1	-1	-1	-1	-1
XMTQxOTk3MDQwMA==	70	82	87	90	90	95	97	103	107	110	113	121	129	134	139	144	-1	-1	-1	-1	-1	-1	-1	-1	-1	-1	-1	-1	-1	-1
XMTQxOTQyNDU4MA==	1983	2624	3028	3410	3466	3596	-1	-1	-1	-1	-1	-1	-1	-1	-1	-1	-1	-1	-1	-1	-1	-1	-1	-1	-1	-1	-1	-1	-1	-1
XMTQyMDY4MzQyMA==	2	2	3	5	5	5	5	-1	-1	-1	-1	-1	-1	-1	-1	-1	-1	-1	-1	-1	-1	-1	-1	-1	-1	-1	-1	-1	-1	-1
XMTQxOTI4NDQwMA==	17	22	19	22	22	23	23	25	25	26	26	26	26	26	26	26	26	27	27	28	28	-1	-1	-1	-1	-1	-1	-1	-1	-1
XMTQxOTkxNTk2MA==	20	19	18	19	19	19	19	-1	-1	-1	-1	-1	-1	-1	-1	-1	-1	-1	-1	-1	-1	-1	-1	-1	-1	-1	-1	-1	-1	-1
XMTQyMDM5ODA2OA==	30	-1	-1	-1	-1	-1	-1	-1	-1	-1	-1	-1	-1	-1	-1	-1	-1	-1	-1	-1	-1	-1	-1	-1	-1	-1	-1	-1	-1	-1
XMTQyMDA1NTQ3Ng==	4	6	6	6	6	6	6	6	-1	-1	-1	-1	-1	-1	-1	-1	-1	-1	-1	-1	-1	-1	-1	-1	-1	-1	-1	-1	-1	-1
XMTQyMDc1Mzc4OA==	2	1125	-1	-1	-1	-1	-1	-1	-1	-1	-1	-1	-1	-1	-1	-1	-1	-1	-1	-1	-1	-1	-1	-1	-1	-1	-1	-1	-1	-1
XMTQyMDMzMDAyOA==	42	45	45	44	44	45	45	45	45	45	45	45	-1	-1	-1	-1	-1	-1	-1	-1	-1	-1	-1	-1	-1	-1	-1	-1	-1	-1
XMTQyMDI3NTQwMA==	21	38	77	126	133	-1	-1	-1	-1	-1	-1	-1	-1	-1	-1	-1	-1	-1	-1	-1	-1	-1	-1	-1	-1	-1	-1	-1	-1	-1
XMTQyMDAxMTA3Mg==	63	73	-1	-1	-1	-1	-1	-1	-1	-1	-1	-1	-1	-1	-1	-1	-1	-1	-1	-1	-1	-1	-1	-1	-1	-1	-1	-1	-1	-1
XMTQxOTQ0MTk1Ng==	27	28	28	28	28	28	29	31	31	32	32	32	32	32	35	36	36	38	39	39	39	39	39	39	39	39	39	39	-1	-1
XMTQxOTkwMTQ0NA==	106	116	110	107	107	109	109	109	109	109	109	109	109	109	109	-1	-1	-1	-1	-1	-1	-1	-1	-1	-1	-1	-1	-1	-1	-1
XMTQyMDQ5OTcwNA==	3	4	6	5	5	4	4	4	4	4	4	4	4	4	-1	-1	-1	-1	-1	-1	-1	-1	-1	-1	-1	-1	-1	-1	-1	-1
XMTQyMDU1Nzg3Ng==	10	11	11	11	14	14	14	14	15	15	15	15	16	19	19	19	21	23	24	26	26	28	28	28	-1	-1	-1	-1	-1	-1
XMTQyMDUxNTk0OA==	-1	-1	-1	-1	-1	-1	-1	-1	-1	-1	-1	-1	-1	-1	-1	-1	-1	-1	-1	-1	-1	-1	-1	-1	-1	-1	-1	-1	-1	-1
XMTQyMDAzMDQ3Ng==	22	27	28	27	27	27	27	-1	-1	-1	-1	-1	-1	-1	-1	-1	-1	-1	-1	-1	-1	-1	-1	-1	-1	-1	-1	-1	-1	-1
XMTQxOTM2MjUyMA==	56	-1	-1	-1	-1	-1	-1	-1	-1	-1	-1	-1	-1	-1	-1	-1	-1	-1	-1	-1	-1	-1	-1	-1	-1	-1	-1	-1	-1	-1
XMTQyMDIxNzcwOA==	218	239	252	-1	-1	-1	-1	-1	-1	-1	-1	-1	-1	-1	-1	-1	-1	-1	-1	-1	-1	-1	-1	-1	-1	-1	-1	-1	-1	-1
XMTQxOTgzODkwOA==	567	660	-1	-1	-1	-1	-1	-1	-1	-1	-1	-1	-1	-1	-1	-1	-1	-1	-1	-1	-1	-1	-1	-1	-1	-1	-1	-1	-1	-1
XMTQyMDEwMjIyOA==	13	-1	-1	-1	-1	-1	-1	-1	-1	-1	-1	-1	-1	-1	-1	-1	-1	-1	-1	-1	-1	-1	-1	-1	-1	-1	-1	-1	-1	-1
XMTQyMDU4NjA5Mg==	2	2	-1	-1	-1	-1	-1	-1	-1	-1	-1	-1	-1	-1	-1	-1	-1	-1	-1	-1	-1	-1	-1	-1	-1	-1	-1	-1	-1	-1
XMTQyMDA0OTEzNg==	4	5	5	4	4	4	4	4	4	4	4	4	6	6	6	6	6	6	6	6	6	-1	-1	-1	-1	-1	-1	-1	-1	-1
XMTQyMDQ0MTk2NA==	2	5	5	4	4	4	4	4	4	4	4	4	4	4	4	4	4	-1	-1	-1	-1	-1	-1	-1	-1	-1	-1	-1	-1	-1
XMTQxOTg2MzEwMA==	77	180	713	1127	1145	1213	1308	1399	1508	1607	1683	1799	1915	2009	2116	2190	2249	2331	2452	2527	2999	3003	3004	2910	2910	2910	2910	-1	-1	-1
XMTQyMDA4NjUyMA==	160	332	444	628	697	787	874	944	992	1034	1075	1132	1166	1194	1224	1256	1290	-1	-1	-1	-1	-1	-1	-1	-1	-1	-1	-1	-1	-1
XMTQyMDY0MzM1Ng==	4	4	4	4	4	4	4	4	4	4	4	4	4	4	4	4	4	4	4	4	4	4	4	4	4	-1	-1	-1	-1	-1
XMTQyMDA0MzQ5Mg==	385	410	435	447	447	446	447	449	449	449	449	450	451	451	452	452	452	453	453	453	454	454	454	456	456	456	457	457	457	-1
XMTQxOTM3NjkyMA==	13	-1	-1	-1	-1	-1	-1	-1	-1	-1	-1	-1	-1	-1	-1	-1	-1	-1	-1	-1	-1	-1	-1	-1	-1	-1	-1	-1	-1	-1
XMTQyMDg0NjU4OA==	1625	-1	-1	-1	-1	-1	-1	-1	-1	-1	-1	-1	-1	-1	-1	-1	-1	-1	-1	-1	-1	-1	-1	-1	-1	-1	-1	-1	-1	-1
XMTQxOTc3NTY4OA==	7	7	6	5	5	5	5	5	5	5	5	5	5	5	5	5	7	7	-1	-1	-1	-1	-1	-1	-1	-1	-1	-1	-1	-1
XMTQxOTkwODE2NA==	35	35	33	33	-1	-1	-1	-1	-1	-1	-1	-1	-1	-1	-1	-1	-1	-1	-1	-1	-1	-1	-1	-1	-1	-1	-1	-1	-1	-1
XMTQxOTg3NDc3Ng==	53	59	59	59	60	60	62	64	64	64	64	64	64	64	64	-1	-1	-1	-1	-1	-1	-1	-1	-1	-1	-1	-1	-1	-1	-1
XMTQyMDE1OTQ4MA==	30	43	44	-1	-1	-1	-1	-1	-1	-1	-1	-1	-1	-1	-1	-1	-1	-1	-1	-1	-1	-1	-1	-1	-1	-1	-1	-1	-1	-1
XMTQxOTk0MjgzMg==	1374	1462	1459	1481	1489	1499	1511	1516	1516	1521	1523	1523	1524	1525	1527	1534	1537	1537	1538	1541	1547	1548	1549	1551	1554	1555	1555	1556	1556	-1
XMTQxOTc3NDg3Ng==	315	345	372	384	387	393	394	398	-1	-1	-1	-1	-1	-1	-1	-1	-1	-1	-1	-1	-1	-1	-1	-1	-1	-1	-1	-1	-1	-1
XMTQyMDIxNDI3Ng==	20	39	43	36	36	36	36	37	38	38	-1	-1	-1	-1	-1	-1	-1	-1	-1	-1	-1	-1	-1	-1	-1	-1	-1	-1	-1	-1
XMTQxOTk5NDYyMA==	28	29	37	39	39	39	40	40	40	40	40	41	-1	-1	-1	-1	-1	-1	-1	-1	-1	-1	-1	-1	-1	-1	-1	-1	-1	-1
XMTQyMDEyNTEyOA==	117	172	187	223	233	252	255	257	258	259	260	266	273	274	277	277	277	279	281	283	283	284	289	290	291	293	-1	-1	-1	-1
