XMTQwOTk4NDAwNA==	5	6	12	172	181	176	158	158	158	158	160	162	-1	-1	-1	-1	-1	-1	-1	-1	-1	-1	-1	-1	-1	-1	-1	-1	-1	-1
XMTQwOTg5NjU1Mg==	33	97	167	185	208	216	240	259	284	298	301	319	329	342	388	400	421	432	456	474	485	490	502	515	525	525	536	-1	-1	-1
XMTQwOTEzMDI4OA==	454	502	505	519	519	525	595	625	638	642	644	650	662	673	677	686	694	698	699	703	712	727	732	742	753	759	-1	-1	-1	-1
XMTQwOTQwNjQ2OA==	117	161	-1	-1	-1	-1	-1	-1	-1	-1	-1	-1	-1	-1	-1	-1	-1	-1	-1	-1	-1	-1	-1	-1	-1	-1	-1	-1	-1	-1
XMTQwOTE5MjI0OA==	157	195	219	251	311	345	360	385	415	441	470	531	-1	-1	-1	-1	-1	-1	-1	-1	-1	-1	-1	-1	-1	-1	-1	-1	-1	-1
XMTQwOTAyMjA3Mg==	8	8	8	8	8	8	-1	-1	-1	-1	-1	-1	-1	-1	-1	-1	-1	-1	-1	-1	-1	-1	-1	-1	-1	-1	-1	-1	-1	-1
XMTQwOTQzNDY5Ng==	294	342	-1	-1	-1	-1	-1	-1	-1	-1	-1	-1	-1	-1	-1	-1	-1	-1	-1	-1	-1	-1	-1	-1	-1	-1	-1	-1	-1	-1
XMTQwOTcwNzE2MA==	3	5	5	4	3	3	3	3	3	3	3	3	3	3	-1	-1	-1	-1	-1	-1	-1	-1	-1	-1	-1	-1	-1	-1	-1	-1
XMTQwOTk4OTg2MA==	-1	-1	-1	-1	-1	-1	-1	-1	-1	-1	-1	-1	-1	-1	-1	-1	-1	-1	-1	-1	-1	-1	-1	-1	-1	-1	-1	-1	-1	-1
XMTQwOTc2ODU4OA==	18	-1	-1	-1	-1	-1	-1	-1	-1	-1	-1	-1	-1	-1	-1	-1	-1	-1	-1	-1	-1	-1	-1	-1	-1	-1	-1	-1	-1	-1
XMTQwOTA5NTg2OA==	14	-1	-1	-1	-1	-1	-1	-1	-1	-1	-1	-1	-1	-1	-1	-1	-1	-1	-1	-1	-1	-1	-1	-1	-1	-1	-1	-1	-1	-1
XMTQwOTcwMzQ1Ng==	7	9	12	11	11	11	11	11	11	11	11	11	11	12	-1	-1	-1	-1	-1	-1	-1	-1	-1	-1	-1	-1	-1	-1	-1	-1
XMTQwOTQ2NjQwMA==	470	537	559	582	596	611	619	632	661	688	698	706	711	718	737	744	-1	-1	-1	-1	-1	-1	-1	-1	-1	-1	-1	-1	-1	-1
XMTQwOTA4MjMyMA==	6	6	6	6	6	6	6	6	6	6	6	6	6	6	-1	-1	-1	-1	-1	-1	-1	-1	-1	-1	-1	-1	-1	-1	-1	-1
XMTQxMDM1Mjg0NA==	5	-1	-1	-1	-1	-1	-1	-1	-1	-1	-1	-1	-1	-1	-1	-1	-1	-1	-1	-1	-1	-1	-1	-1	-1	-1	-1	-1	-1	-1
XMTQwOTE3ODAwNA==	9	126	-1	-1	-1	-1	-1	-1	-1	-1	-1	-1	-1	-1	-1	-1	-1	-1	-1	-1	-1	-1	-1	-1	-1	-1	-1	-1	-1	-1
XMTQwODgyNDkxNg==	13	13	15	15	15	15	15	15	15	15	15	15	15	-1	-1	-1	-1	-1	-1	-1	-1	-1	-1	-1	-1	-1	-1	-1	-1	-1
XMTQwOTQ4ODYwNA==	44	47	45	45	-1	-1	-1	-1	-1	-1	-1	-1	-1	-1	-1	-1	-1	-1	-1	-1	-1	-1	-1	-1	-1	-1	-1	-1	-1	-1
XMTQwOTczNjY2NA==	365	-1	-1	-1	-1	-1	-1	-1	-1	-1	-1	-1	-1	-1	-1	-1	-1	-1	-1	-1	-1	-1	-1	-1	-1	-1	-1	-1	-1	-1
XMTQwOTk4ODYzNg==	21	-1	-1	-1	-1	-1	-1	-1	-1	-1	-1	-1	-1	-1	-1	-1	-1	-1	-1	-1	-1	-1	-1	-1	-1	-1	-1	-1	-1	-1
XMTQwOTcxMjg0OA==	-1	-1	-1	-1	-1	-1	-1	-1	-1	-1	-1	-1	-1	-1	-1	-1	-1	-1	-1	-1	-1	-1	-1	-1	-1	-1	-1	-1	-1	-1
XMTQwOTIzNTg4MA==	975	1476	1820	2193	-1	-1	-1	-1	-1	-1	-1	-1	-1	-1	-1	-1	-1	-1	-1	-1	-1	-1	-1	-1	-1	-1	-1	-1	-1	-1
XMTQxMDI2NjcwOA==	39	57	-1	-1	-1	-1	-1	-1	-1	-1	-1	-1	-1	-1	-1	-1	-1	-1	-1	-1	-1	-1	-1	-1	-1	-1	-1	-1	-1	-1
XMTQxMDA4NDIwNA==	18	67	76	92	-1	-1	-1	-1	-1	-1	-1	-1	-1	-1	-1	-1	-1	-1	-1	-1	-1	-1	-1	-1	-1	-1	-1	-1	-1	-1
XMTQwOTYxNTEyMA==	186	318	-1	-1	-1	-1	-1	-1	-1	-1	-1	-1	-1	-1	-1	-1	-1	-1	-1	-1	-1	-1	-1	-1	-1	-1	-1	-1	-1	-1
XMTQwOTM2Nzg4OA==	136	157	149	166	170	-1	-1	-1	-1	-1	-1	-1	-1	-1	-1	-1	-1	-1	-1	-1	-1	-1	-1	-1	-1	-1	-1	-1	-1	-1
XMTQwOTM0MjU1Ng==	2545	3161	3320	3302	3319	3341	3357	3389	3436	3456	3464	-1	-1	-1	-1	-1	-1	-1	-1	-1	-1	-1	-1	-1	-1	-1	-1	-1	-1	-1
XMTQwOTQ0MDU3Ng==	62	73	-1	-1	-1	-1	-1	-1	-1	-1	-1	-1	-1	-1	-1	-1	-1	-1	-1	-1	-1	-1	-1	-1	-1	-1	-1	-1	-1	-1
XMTQwOTk4NDc4OA==	5	8	9	10	9	9	9	10	10	10	-1	-1	-1	-1	-1	-1	-1	-1	-1	-1	-1	-1	-1	-1	-1	-1	-1	-1	-1	-1
XMTQwOTk0NTYzNg==	113	198	249	311	340	407	466	593	735	905	996	1079	1129	1189	1322	1400	1516	1681	1770	1809	2010	-1	-1	-1	-1	-1	-1	-1	-1	-1
XMTQwOTc2MTY0NA==	16	26	-1	-1	-1	-1	-1	-1	-1	-1	-1	-1	-1	-1	-1	-1	-1	-1	-1	-1	-1	-1	-1	-1	-1	-1	-1	-1	-1	-1
XMTQwOTk0NDA1Ng==	2	3	4	4	4	4	4	4	4	4	4	-1	-1	-1	-1	-1	-1	-1	-1	-1	-1	-1	-1	-1	-1	-1	-1	-1	-1	-1
XMTQwOTA0MTQyMA==	20	22	22	23	23	24	24	24	25	25	25	25	26	27	27	27	27	27	27	28	28	-1	-1	-1	-1	-1	-1	-1	-1	-1
XMTQwOTAxNjgwOA==	126	140	155	160	168	173	192	197	204	211	239	324	393	463	540	577	651	722	-1	-1	-1	-1	-1	-1	-1	-1	-1	-1	-1	-1
XMTQxMDE4OTU0NA==	6	7	7	-1	-1	-1	-1	-1	-1	-1	-1	-1	-1	-1	-1	-1	-1	-1	-1	-1	-1	-1	-1	-1	-1	-1	-1	-1	-1	-1
XMTQwOTMwMDYwMA==	13	14	14	-1	-1	15	15	15	15	15	15	15	15	15	17	17	17	17	17	17	17	17	18	18	19	20	20	21	21	21
XMTQxMDE4MzI0OA==	24	51	79	86	96	105	-1	-1	-1	-1	-1	-1	-1	-1	-1	-1	-1	-1	-1	-1	-1	-1	-1	-1	-1	-1	-1	-1	-1	-1
XMTQxMDE2ODgxNg==	10	-1	-1	-1	-1	-1	-1	-1	-1	-1	-1	-1	-1	-1	-1	-1	-1	-1	-1	-1	-1	-1	-1	-1	-1	-1	-1	-1	-1	-1
XMTQwODgwMTI0NA==	11	11	7	6	6	7	7	-1	-1	-1	-1	-1	-1	-1	-1	-1	-1	-1	-1	-1	-1	-1	-1	-1	-1	-1	-1	-1	-1	-1
XMTQwODk5NTA2NA==	94	155	220	265	339	377	413	461	485	514	550	-1	-1	-1	-1	-1	-1	-1	-1	-1	-1	-1	-1	-1	-1	-1	-1	-1	-1	-1
XMTQxMDE0NzkyMA==	6	9	10	-1	-1	-1	-1	-1	-1	-1	-1	-1	-1	-1	-1	-1	-1	-1	-1	-1	-1	-1	-1	-1	-1	-1	-1	-1	-1	-1
XMTQwOTM1MzE0NA==	76	112	122	122	125	-1	-1	-1	-1	-1	-1	-1	-1	-1	-1	-1	-1	-1	-1	-1	-1	-1	-1	-1	-1	-1	-1	-1	-1	-1
XMTQxMDI5OTg4NA==	4	4	6	5	8	8	8	4	4	4	4	-1	-1	-1	-1	-1	-1	-1	-1	-1	-1	-1	-1	-1	-1	-1	-1	-1	-1	-1
XMTQxMDA3MTk4NA==	6	-1	-1	-1	-1	-1	-1	-1	-1	-1	-1	-1	-1	-1	-1	-1	-1	-1	-1	-1	-1	-1	-1	-1	-1	-1	-1	-1	-1	-1
XMTQwOTIwMzM0OA==	215	229	237	252	265	270	272	279	-1	-1	-1	-1	-1	-1	-1	-1	-1	-1	-1	-1	-1	-1	-1	-1	-1	-1	-1	-1	-1	-1
XMTQwOTk2OTk1Ng==	86	95	96	99	99	99	102	102	102	102	102	-1	-1	-1	-1	-1	-1	-1	-1	-1	-1	-1	-1	-1	-1	-1	-1	-1	-1	-1
XMTQwOTYxNTI4NA==	31798	228058	389745	472742	385279	-1	-1	-1	-1	-1	-1	-1	-1	-1	-1	-1	-1	-1	-1	-1	-1	-1	-1	-1	-1	-1	-1	-1	-1	-1
XMTQwOTQ2NzA0MA==	11	12	11	11	-1	-1	-1	-1	-1	-1	-1	-1	-1	-1	-1	-1	-1	-1	-1	-1	-1	-1	-1	-1	-1	-1	-1	-1	-1	-1
XMTQwOTkyODIxNg==	52	-1	-1	-1	-1	-1	-1	-1	-1	-1	-1	-1	-1	-1	-1	-1	-1	-1	-1	-1	-1	-1	-1	-1	-1	-1	-1	-1	-1	-1
XMTQwOTcwOTI4OA==	12	14	14	-1	-1	-1	-1	-1	-1	-1	-1	-1	-1	-1	-1	-1	-1	-1	-1	-1	-1	-1	-1	-1	-1	-1	-1	-1	-1	-1
XMTQwOTIyOTkwNA==	98	99	98	98	98	99	101	101	101	101	101	101	-1	-1	-1	-1	-1	-1	-1	-1	-1	-1	-1	-1	-1	-1	-1	-1	-1	-1
XMTQwOTM1MjIxMg==	30	36	34	34	34	35	35	36	37	37	37	37	42	44	45	45	45	45	45	45	-1	-1	-1	-1	-1	-1	-1	-1	-1	-1
XMTQwOTQ2NDM3Ng==	4	8	8	8	8	8	8	8	8	8	8	8	-1	-1	-1	-1	-1	-1	-1	-1	-1	-1	-1	-1	-1	-1	-1	-1	-1	-1
XMTQxMDEzODQ4MA==	30	36	38	38	37	37	38	38	38	38	38	38	38	38	38	38	-1	-1	-1	-1	-1	-1	-1	-1	-1	-1	-1	-1	-1	-1
XMTQxMDM2MDU2NA==	11	-1	-1	-1	-1	-1	-1	-1	-1	-1	-1	-1	-1	-1	-1	-1	-1	-1	-1	-1	-1	-1	-1	-1	-1	-1	-1	-1	-1	-1
XMTQwOTkxMzM3Mg==	12	26	28	28	28	28	29	29	30	30	31	32	32	32	34	34	34	34	34	35	35	35	35	35	35	35	35	35	-1	-1
XMTQwOTMzOTE4OA==	40	42	42	42	42	42	42	42	42	42	-1	-1	-1	-1	-1	-1	-1	-1	-1	-1	-1	-1	-1	-1	-1	-1	-1	-1	-1	-1
XMTQwOTk2OTA1Mg==	157	-1	-1	-1	-1	-1	-1	-1	-1	-1	-1	-1	-1	-1	-1	-1	-1	-1	-1	-1	-1	-1	-1	-1	-1	-1	-1	-1	-1	-1
XMTQwOTg3OTYxNg==	24	46	48	43	43	43	44	46	47	48	48	50	49	49	50	50	52	53	53	53	53	54	55	-1	-1	-1	-1	-1	-1	-1
XMTQwOTUzMzUxMg==	114	138	153	163	168	174	177	180	181	183	185	-1	-1	-1	-1	-1	-1	-1	-1	-1	-1	-1	-1	-1	-1	-1	-1	-1	-1	-1
XMTQwOTEyNjA2OA==	328	362	377	391	406	415	-1	-1	-1	-1	-1	-1	-1	-1	-1	-1	-1	-1	-1	-1	-1	-1	-1	-1	-1	-1	-1	-1	-1	-1
XMTQwODg1NTk0OA==	333	340	336	347	353	352	353	352	-1	-1	-1	-1	-1	-1	-1	-1	-1	-1	-1	-1	-1	-1	-1	-1	-1	-1	-1	-1	-1	-1
XMTQwOTg4NDMxNg==	8	9	9	-1	-1	-1	-1	-1	-1	-1	-1	-1	-1	-1	-1	-1	-1	-1	-1	-1	-1	-1	-1	-1	-1	-1	-1	-1	-1	-1
XMTQwOTM2ODQ5Mg==	91	-1	-1	-1	-1	-1	-1	-1	-1	-1	-1	-1	-1	-1	-1	-1	-1	-1	-1	-1	-1	-1	-1	-1	-1	-1	-1	-1	-1	-1
XMTQwOTY5MDMzNg==	11	-1	-1	-1	-1	-1	-1	-1	-1	-1	-1	-1	-1	-1	-1	-1	-1	-1	-1	-1	-1	-1	-1	-1	-1	-1	-1	-1	-1	-1
XMTQwOTY1NTI3Mg==	12	13	13	12	11	11	11	11	11	11	11	11	11	11	11	11	-1	-1	-1	-1	-1	-1	-1	-1	-1	-1	-1	-1	-1	-1
XMTQwOTY5MDYyMA==	5	6	8	8	10	10	10	10	10	10	10	10	10	10	-1	-1	-1	-1	-1	-1	-1	-1	-1	-1	-1	-1	-1	-1	-1	-1
XMTQwOTQwNzE0OA==	7	7	7	-1	-1	-1	-1	-1	-1	-1	-1	-1	-1	-1	-1	-1	-1	-1	-1	-1	-1	-1	-1	-1	-1	-1	-1	-1	-1	-1
XMTQwOTkyNDExNg==	6	6	6	6	6	6	6	6	6	6	-1	-1	-1	-1	-1	-1	-1	-1	-1	-1	-1	-1	-1	-1	-1	-1	-1	-1	-1	-1
XMTQwOTI4NzU5Mg==	233	272	287	305	326	333	344	350	-1	-1	-1	-1	-1	-1	-1	-1	-1	-1	-1	-1	-1	-1	-1	-1	-1	-1	-1	-1	-1	-1
XMTQwOTEwNDUyNA==	16	16	14	14	14	14	-1	-1	-1	-1	-1	-1	-1	-1	-1	-1	-1	-1	-1	-1	-1	-1	-1	-1	-1	-1	-1	-1	-1	-1
XMTQwOTY3NjY5Mg==	10	19	25	25	29	28	28	29	30	30	31	31	31	31	-1	-1	-1	-1	-1	-1	-1	-1	-1	-1	-1	-1	-1	-1	-1	-1
XMTQwOTQ0OTQ3Ng==	1264	1819	-1	-1	-1	-1	-1	-1	-1	-1	-1	-1	-1	-1	-1	-1	-1	-1	-1	-1	-1	-1	-1	-1	-1	-1	-1	-1	-1	-1
XMTQwOTEwNjMzMg==	89	92	97	99	100	101	101	102	103	105	106	106	-1	-1	-1	-1	-1	-1	-1	-1	-1	-1	-1	-1	-1	-1	-1	-1	-1	-1
XMTQxMDAyNjYwNA==	151	583	753	1198	1298	1388	1563	2192	-1	-1	-1	-1	-1	-1	-1	-1	-1	-1	-1	-1	-1	-1	-1	-1	-1	-1	-1	-1	-1	-1
XMTQwOTg3ODI5Ng==	3	-1	-1	-1	-1	-1	-1	-1	-1	-1	-1	-1	-1	-1	-1	-1	-1	-1	-1	-1	-1	-1	-1	-1	-1	-1	-1	-1	-1	-1
XMTQwOTU5NzE4OA==	69	74	-1	-1	-1	-1	-1	-1	-1	-1	-1	-1	-1	-1	-1	-1	-1	-1	-1	-1	-1	-1	-1	-1	-1	-1	-1	-1	-1	-1
XMTQxMDE1NzgxMg==	2	-1	-1	-1	-1	-1	-1	-1	-1	-1	-1	-1	-1	-1	-1	-1	-1	-1	-1	-1	-1	-1	-1	-1	-1	-1	-1	-1	-1	-1
XMTQwOTc1ODY1Ng==	17	21	-1	-1	-1	-1	-1	-1	-1	-1	-1	-1	-1	-1	-1	-1	-1	-1	-1	-1	-1	-1	-1	-1	-1	-1	-1	-1	-1	-1
XMTQxMDA0NjI1Mg==	3	5	-1	-1	-1	-1	-1	-1	-1	-1	-1	-1	-1	-1	-1	-1	-1	-1	-1	-1	-1	-1	-1	-1	-1	-1	-1	-1	-1	-1
XMTQwOTE1MTAxNg==	551	865	1254	-1	-1	-1	-1	-1	-1	-1	-1	-1	-1	-1	-1	-1	-1	-1	-1	-1	-1	-1	-1	-1	-1	-1	-1	-1	-1	-1
XMTQwOTY4MzMxNg==	3	9	11	10	11	10	10	11	13	15	15	15	15	15	-1	-1	-1	-1	-1	-1	-1	-1	-1	-1	-1	-1	-1	-1	-1	-1
XMTQxMDA3NTA1Mg==	12	-1	-1	-1	-1	-1	-1	-1	-1	-1	-1	-1	-1	-1	-1	-1	-1	-1	-1	-1	-1	-1	-1	-1	-1	-1	-1	-1	-1	-1
XMTQwODUwNjg4MA==	4	4	3	3	3	3	3	3	3	3	3	3	3	3	3	3	3	3	3	3	3	3	3	3	3	3	3	3	-1	-1
XMTQxMDA3MDg4MA==	14	-1	-1	-1	-1	-1	-1	-1	-1	-1	-1	-1	-1	-1	-1	-1	-1	-1	-1	-1	-1	-1	-1	-1	-1	-1	-1	-1	-1	-1
XMTQwOTMxNjQ2MA==	52	-1	-1	-1	-1	-1	-1	-1	-1	-1	-1	-1	-1	-1	-1	-1	-1	-1	-1	-1	-1	-1	-1	-1	-1	-1	-1	-1	-1	-1
XMTQxMDA1MTI5Mg==	-1	-1	-1	-1	-1	-1	-1	-1	-1	-1	-1	-1	-1	-1	-1	-1	-1	-1	-1	-1	-1	-1	-1	-1	-1	-1	-1	-1	-1	-1
XMTQwOTYzMjM4MA==	12	20	20	19	19	19	19	19	19	19	19	19	19	19	19	19	-1	-1	-1	-1	-1	-1	-1	-1	-1	-1	-1	-1	-1	-1
XMTQwODk5OTM5Mg==	5	5	5	5	5	5	5	-1	-1	-1	-1	-1	-1	-1	-1	-1	-1	-1	-1	-1	-1	-1	-1	-1	-1	-1	-1	-1	-1	-1
XMTQwOTQ3MjU3Ng==	72	75	80	80	80	80	80	85	88	89	91	107	109	-1	-1	-1	-1	-1	-1	-1	-1	-1	-1	-1	-1	-1	-1	-1	-1	-1
XMTQwOTIyMTM2OA==	12	14	15	16	18	17	19	19	19	19	19	-1	-1	-1	-1	-1	-1	-1	-1	-1	-1	-1	-1	-1	-1	-1	-1	-1	-1	-1
XMTQwOTM2MjQ0NA==	180	238	275	314	319	-1	-1	-1	-1	-1	-1	-1	-1	-1	-1	-1	-1	-1	-1	-1	-1	-1	-1	-1	-1	-1	-1	-1	-1	-1
XMTQwOTQ5MDI4NA==	57	60	59	56	-1	-1	-1	-1	-1	-1	-1	-1	-1	-1	-1	-1	-1	-1	-1	-1	-1	-1	-1	-1	-1	-1	-1	-1	-1	-1
XMTQwOTcyODMzMg==	5	11	11	11	10	10	10	10	10	10	10	10	10	10	-1	-1	-1	-1	-1	-1	-1	-1	-1	-1	-1	-1	-1	-1	-1	-1
XMTQwOTI2OTMyMA==	12	17	16	16	19	19	20	23	24	26	26	27	29	29	33	34	33	33	34	36	36	-1	-1	-1	-1	-1	-1	-1	-1	-1
XMTQxMDEzODI2MA==	7	10	10	10	10	10	10	10	-1	-1	-1	-1	-1	-1	-1	-1	-1	-1	-1	-1	-1	-1	-1	-1	-1	-1	-1	-1	-1	-1
XMTQwOTY2NTU0NA==	6	8	10	10	10	10	10	13	15	16	16	17	17	17	17	17	17	-1	-1	-1	-1	-1	-1	-1	-1	-1	-1	-1	-1	-1
XMTQwOTYyNjAzMg==	7	7	11	11	11	11	11	11	11	11	11	11	11	11	11	-1	-1	-1	-1	-1	-1	-1	-1	-1	-1	-1	-1	-1	-1	-1
XMTQwNDI0OTQ0OA==	8	35	52	70	80	91	99	112	-1	-1	-1	-1	-1	-1	-1	-1	-1	-1	-1	-1	-1	-1	-1	-1	-1	-1	-1	-1	-1	-1
XMTQwOTI2OTQ2OA==	704	-1	-1	-1	-1	-1	-1	-1	-1	-1	-1	-1	-1	-1	-1	-1	-1	-1	-1	-1	-1	-1	-1	-1	-1	-1	-1	-1	-1	-1
XMTQwOTg4ODA2OA==	75	160	182	186	193	201	207	215	224	250	254	257	-1	-1	-1	-1	-1	-1	-1	-1	-1	-1	-1	-1	-1	-1	-1	-1	-1	-1
XMTQwOTI1NzgxNg==	89	92	95	96	95	95	95	96	-1	-1	-1	-1	-1	-1	-1	-1	-1	-1	-1	-1	-1	-1	-1	-1	-1	-1	-1	-1	-1	-1
XMTQwOTA0NjY1Ng==	75	122	124	123	123	128	129	129	130	130	130	130	131	132	133	-1	-1	-1	-1	-1	-1	-1	-1	-1	-1	-1	-1	-1	-1	-1
XMTQwOTI0MDY2OA==	198	-1	-1	-1	-1	-1	-1	-1	-1	-1	-1	-1	-1	-1	-1	-1	-1	-1	-1	-1	-1	-1	-1	-1	-1	-1	-1	-1	-1	-1
XMTQwOTQ2MTU2OA==	124	-1	-1	-1	-1	-1	-1	-1	-1	-1	-1	-1	-1	-1	-1	-1	-1	-1	-1	-1	-1	-1	-1	-1	-1	-1	-1	-1	-1	-1
XMTQwOTE0OTA4MA==	186	192	193	197	197	197	198	202	203	202	203	204	204	205	207	207	-1	-1	-1	-1	-1	-1	-1	-1	-1	-1	-1	-1	-1	-1
XMTQwOTc1MTU4NA==	24324	68032	68033	20572	18576	18576	-1	-1	-1	-1	-1	-1	-1	-1	-1	-1	-1	-1	-1	-1	-1	-1	-1	-1	-1	-1	-1	-1	-1	-1
XMTQxMDA3NDE1Ng==	6	-1	-1	-1	-1	-1	-1	-1	-1	-1	-1	-1	-1	-1	-1	-1	-1	-1	-1	-1	-1	-1	-1	-1	-1	-1	-1	-1	-1	-1
XMTQxMDE2NjQ0MA==	5	-1	-1	-1	-1	-1	-1	-1	-1	-1	-1	-1	-1	-1	-1	-1	-1	-1	-1	-1	-1	-1	-1	-1	-1	-1	-1	-1	-1	-1
XMTQwOTQ3MDc4OA==	122	-1	-1	-1	-1	-1	-1	-1	-1	-1	-1	-1	-1	-1	-1	-1	-1	-1	-1	-1	-1	-1	-1	-1	-1	-1	-1	-1	-1	-1
XMTQwOTMyNzU2MA==	30	-1	-1	-1	-1	-1	-1	-1	-1	-1	-1	-1	-1	-1	-1	-1	-1	-1	-1	-1	-1	-1	-1	-1	-1	-1	-1	-1	-1	-1
XMTQwOTM2NTY2MA==	190	244	266	287	299	-1	-1	-1	-1	-1	-1	-1	-1	-1	-1	-1	-1	-1	-1	-1	-1	-1	-1	-1	-1	-1	-1	-1	-1	-1
XMTQwOTk0MDUxNg==	138	313	323	333	338	-1	-1	-1	-1	-1	-1	-1	-1	-1	-1	-1	-1	-1	-1	-1	-1	-1	-1	-1	-1	-1	-1	-1	-1	-1
XMTQwOTc2ODk2NA==	31	37	38	30	28	27	28	28	29	29	48	50	49	49	50	-1	-1	-1	-1	-1	-1	-1	-1	-1	-1	-1	-1	-1	-1	-1
XMTQwMzk5MTYyOA==	3	6	8	-1	-1	-1	-1	-1	-1	-1	-1	-1	-1	-1	-1	-1	-1	-1	-1	-1	-1	-1	-1	-1	-1	-1	-1	-1	-1	-1
XMTQwOTc5MzA1Mg==	51	67	70	68	-1	-1	-1	-1	-1	-1	-1	-1	-1	-1	-1	-1	-1	-1	-1	-1	-1	-1	-1	-1	-1	-1	-1	-1	-1	-1
XMTQwOTM1OTY0OA==	271	281	290	299	301	301	301	301	301	302	302	302	302	302	303	303	303	303	303	303	304	304	304	304	-1	-1	-1	-1	-1	-1
XMTQwOTE0NzM4NA==	4	4	4	4	6	-1	-1	-1	-1	-1	-1	-1	-1	-1	-1	-1	-1	-1	-1	-1	-1	-1	-1	-1	-1	-1	-1	-1	-1	-1
XMTQwOTgwNjk2OA==	23	37	40	46	46	46	46	47	47	47	47	47	57	59	-1	-1	-1	-1	-1	-1	-1	-1	-1	-1	-1	-1	-1	-1	-1	-1
XMTQxMDEwMjQ4MA==	2	12	23	23	23	23	24	24	24	24	24	24	24	24	25	25	-1	-1	-1	-1	-1	-1	-1	-1	-1	-1	-1	-1	-1	-1
XMTQxMDE5MTM4NA==	3	6	7	7	7	11	-1	-1	-1	-1	-1	-1	-1	-1	-1	-1	-1	-1	-1	-1	-1	-1	-1	-1	-1	-1	-1	-1	-1	-1
XMTQwOTYyNDkxNg==	423	439	459	460	460	461	461	461	461	-1	-1	-1	-1	-1	-1	-1	-1	-1	-1	-1	-1	-1	-1	-1	-1	-1	-1	-1	-1	-1
XMTQwOTcyOTI1Ng==	6	11	14	14	14	14	14	14	14	14	14	14	14	14	-1	-1	-1	-1	-1	-1	-1	-1	-1	-1	-1	-1	-1	-1	-1	-1
XMTQwOTY4MjYwMA==	3	6	7	7	8	8	8	8	9	10	11	11	11	11	-1	-1	-1	-1	-1	-1	-1	-1	-1	-1	-1	-1	-1	-1	-1	-1
XMTQwOTY2NTg1Ng==	23	-1	-1	-1	-1	-1	-1	-1	-1	-1	-1	-1	-1	-1	-1	-1	-1	-1	-1	-1	-1	-1	-1	-1	-1	-1	-1	-1	-1	-1
XMTQwODk0NDM0MA==	216	232	226	227	229	229	230	230	231	231	231	231	232	232	232	232	232	-1	-1	-1	-1	-1	-1	-1	-1	-1	-1	-1	-1	-1
XMTQwOTM5NTIxNg==	91	-1	-1	-1	-1	-1	-1	-1	-1	-1	-1	-1	-1	-1	-1	-1	-1	-1	-1	-1	-1	-1	-1	-1	-1	-1	-1	-1	-1	-1
XMTQwOTY2MjU3Mg==	28	39	48	51	54	59	59	65	73	85	95	113	126	144	161	166	168	179	180	185	194	202	219	234	255	268	280	-1	-1	-1
XMTQwOTY5MjE3Mg==	15	26	32	31	-1	-1	-1	-1	-1	-1	-1	-1	-1	-1	-1	-1	-1	-1	-1	-1	-1	-1	-1	-1	-1	-1	-1	-1	-1	-1
XMTQxMDAwOTcxNg==	3	3	4	4	4	4	4	4	4	4	4	4	4	4	4	4	4	4	-1	-1	-1	-1	-1	-1	-1	-1	-1	-1	-1	-1
XMTQwOTA3MDY2OA==	166	181	193	194	194	195	195	197	199	199	200	200	201	-1	-1	-1	-1	-1	-1	-1	-1	-1	-1	-1	-1	-1	-1	-1	-1	-1
XMTQwOTUwNDEwNA==	27	30	28	-1	-1	-1	-1	-1	-1	-1	-1	-1	-1	-1	-1	-1	-1	-1	-1	-1	-1	-1	-1	-1	-1	-1	-1	-1	-1	-1
XMTQwODk3OTI5Mg==	8	8	7	-1	-1	-1	-1	-1	-1	-1	-1	-1	-1	-1	-1	-1	-1	-1	-1	-1	-1	-1	-1	-1	-1	-1	-1	-1	-1	-1
XMTQwOTQ2Nzk0MA==	83	94	90	-1	-1	-1	-1	-1	-1	-1	-1	-1	-1	-1	-1	-1	-1	-1	-1	-1	-1	-1	-1	-1	-1	-1	-1	-1	-1	-1
XMTQwOTQzODU1Mg==	46	51	51	-1	-1	-1	-1	-1	-1	-1	-1	-1	-1	-1	-1	-1	-1	-1	-1	-1	-1	-1	-1	-1	-1	-1	-1	-1	-1	-1
XMTQwODIwNjMyMA==	5	5	6	5	5	4	4	4	4	4	4	4	4	4	4	4	4	4	4	4	5	5	5	5	-1	-1	-1	-1	-1	-1
XMTQwOTU0Mzc2MA==	34	37	38	40	40	40	-1	-1	-1	-1	-1	-1	-1	-1	-1	-1	-1	-1	-1	-1	-1	-1	-1	-1	-1	-1	-1	-1	-1	-1
XMTQxMDA2NTc2OA==	-1	-1	-1	-1	-1	-1	-1	-1	-1	-1	-1	-1	-1	-1	-1	-1	-1	-1	-1	-1	-1	-1	-1	-1	-1	-1	-1	-1	-1	-1
XMTQwOTUwMzk2NA==	8	10	12	13	14	-1	-1	-1	-1	-1	-1	-1	-1	-1	-1	-1	-1	-1	-1	-1	-1	-1	-1	-1	-1	-1	-1	-1	-1	-1
XMTQwOTg3NjAzNg==	12	15	16	10	-1	-1	-1	-1	-1	-1	-1	-1	-1	-1	-1	-1	-1	-1	-1	-1	-1	-1	-1	-1	-1	-1	-1	-1	-1	-1
XMTQwOTQ2NjM4MA==	-1	-1	-1	-1	-1	-1	-1	-1	-1	-1	-1	-1	-1	-1	-1	-1	-1	-1	-1	-1	-1	-1	-1	-1	-1	-1	-1	-1	-1	-1
XMTQwODkyODgyMA==	18	19	20	24	24	25	-1	-1	-1	-1	-1	-1	-1	-1	-1	-1	-1	-1	-1	-1	-1	-1	-1	-1	-1	-1	-1	-1	-1	-1
XMTQwOTgxNjU2NA==	1062	3585	7882	12104	13163	13247	13271	13389	13488	13544	13581	13607	-1	-1	-1	-1	-1	-1	-1	-1	-1	-1	-1	-1	-1	-1	-1	-1	-1	-1
XMTQxMDE4ODIwNA==	29	46	51	49	50	49	49	-1	-1	-1	-1	-1	-1	-1	-1	-1	-1	-1	-1	-1	-1	-1	-1	-1	-1	-1	-1	-1	-1	-1
XMTQwOTIyOTg5Ng==	70	77	76	76	76	76	76	77	77	77	77	77	77	-1	-1	-1	-1	-1	-1	-1	-1	-1	-1	-1	-1	-1	-1	-1	-1	-1
XMTQwOTA1NTA5Ng==	8	9	11	10	-1	-1	-1	-1	-1	-1	-1	-1	-1	-1	-1	-1	-1	-1	-1	-1	-1	-1	-1	-1	-1	-1	-1	-1	-1	-1
XMTQwOTQyMzQ3Mg==	674	934	1067	1141	1191	1251	1274	1306	1333	1350	1360	1381	1405	-1	-1	-1	-1	-1	-1	-1	-1	-1	-1	-1	-1	-1	-1	-1	-1	-1
XMTQxMDEzODgwOA==	1	1	-1	-1	-1	-1	-1	-1	-1	-1	-1	-1	-1	-1	-1	-1	-1	-1	-1	-1	-1	-1	-1	-1	-1	-1	-1	-1	-1	-1
XMTQwOTM3MjU2OA==	7	8	9	-1	-1	-1	-1	-1	-1	-1	-1	-1	-1	-1	-1	-1	-1	-1	-1	-1	-1	-1	-1	-1	-1	-1	-1	-1	-1	-1
XMTQxMDE4NzAxNg==	38863	271024	478152	613242	514428	-1	-1	-1	-1	-1	-1	-1	-1	-1	-1	-1	-1	-1	-1	-1	-1	-1	-1	-1	-1	-1	-1	-1	-1	-1
XMTQxMDA1MzA4NA==	30	31	31	47	47	-1	-1	-1	-1	-1	-1	-1	-1	-1	-1	-1	-1	-1	-1	-1	-1	-1	-1	-1	-1	-1	-1	-1	-1	-1
XMTQwOTYyODAwNA==	12	17	17	14	-1	-1	-1	-1	-1	-1	-1	-1	-1	-1	-1	-1	-1	-1	-1	-1	-1	-1	-1	-1	-1	-1	-1	-1	-1	-1
XMTQwOTg4OTcyNA==	6	21	42	49	53	56	69	82	109	130	151	170	194	209	227	233	240	247	266	279	300	319	347	386	404	421	436	-1	-1	-1
XMTQwOTQ3NzYyMA==	33	34	34	34	34	35	35	35	35	35	35	35	35	35	35	35	35	35	35	35	-1	-1	-1	-1	-1	-1	-1	-1	-1	-1
XMTQwNjU1MjYxNg==	8	-1	-1	-1	-1	-1	-1	-1	-1	-1	-1	-1	-1	-1	-1	-1	-1	-1	-1	-1	-1	-1	-1	-1	-1	-1	-1	-1	-1	-1
XMTQwOTM5ODYxNg==	59	-1	-1	-1	-1	-1	-1	-1	-1	-1	-1	-1	-1	-1	-1	-1	-1	-1	-1	-1	-1	-1	-1	-1	-1	-1	-1	-1	-1	-1
XMTQxMDIzODQ5Ng==	38979	268924	477336	612854	517286	-1	-1	-1	-1	-1	-1	-1	-1	-1	-1	-1	-1	-1	-1	-1	-1	-1	-1	-1	-1	-1	-1	-1	-1	-1
XMTQwOTM4Njk5Mg==	364	-1	-1	-1	-1	-1	-1	-1	-1	-1	-1	-1	-1	-1	-1	-1	-1	-1	-1	-1	-1	-1	-1	-1	-1	-1	-1	-1	-1	-1
XMTQwOTIzNzQ0NA==	1144	1228	1280	1333	1358	1378	1392	1406	-1	-1	-1	-1	-1	-1	-1	-1	-1	-1	-1	-1	-1	-1	-1	-1	-1	-1	-1	-1	-1	-1
XMTQwODUyMjUxMg==	6	10	11	10	10	10	10	10	10	10	10	-1	-1	-1	-1	-1	-1	-1	-1	-1	-1	-1	-1	-1	-1	-1	-1	-1	-1	-1
XMTQwOTIyMjA5Ng==	20	20	21	21	21	21	21	21	22	22	-1	-1	-1	-1	-1	-1	-1	-1	-1	-1	-1	-1	-1	-1	-1	-1	-1	-1	-1	-1
XMTQwOTk1MzAwNA==	8	17	17	16	18	20	20	20	20	20	20	20	20	20	20	20	20	20	20	20	20	20	-1	-1	-1	-1	-1	-1	-1	-1
XMTQwOTk3NTU0OA==	279	525	730	901	996	1085	1296	1497	1828	2547	3540	4556	5699	6920	8891	9948	12338	14571	16906	19069	21409	23607	25972	29123	32060	35267	38154	41541	44388	-1
XMTQwOTgyOTAwOA==	5	12	13	-1	-1	-1	-1	-1	-1	-1	-1	-1	-1	-1	-1	-1	-1	-1	-1	-1	-1	-1	-1	-1	-1	-1	-1	-1	-1	-1
XMTQwOTkwNzkwOA==	1	9	11	11	11	11	11	11	11	11	11	11	11	11	11	11	11	11	-1	-1	-1	-1	-1	-1	-1	-1	-1	-1	-1	-1
XMTQwOTUwOTU2NA==	72	-1	-1	-1	-1	-1	-1	-1	-1	-1	-1	-1	-1	-1	-1	-1	-1	-1	-1	-1	-1	-1	-1	-1	-1	-1	-1	-1	-1	-1
XMTQwOTMyMzI5Ng==	1367	1574	1576	1550	1552	1554	1556	-1	-1	-1	-1	-1	-1	-1	-1	-1	-1	-1	-1	-1	-1	-1	-1	-1	-1	-1	-1	-1	-1	-1
XMTQwOTk0NjI5Mg==	16	19	19	20	20	20	21	22	22	22	22	22	22	22	22	22	22	-1	-1	-1	-1	-1	-1	-1	-1	-1	-1	-1	-1	-1
XMTQwOTA1NDE1Mg==	279	328	356	377	398	415	-1	-1	-1	-1	-1	-1	-1	-1	-1	-1	-1	-1	-1	-1	-1	-1	-1	-1	-1	-1	-1	-1	-1	-1
XMTQxMDE5MzI2NA==	62	-1	-1	-1	-1	-1	-1	-1	-1	-1	-1	-1	-1	-1	-1	-1	-1	-1	-1	-1	-1	-1	-1	-1	-1	-1	-1	-1	-1	-1
XMTQwOTIyNTA5Ng==	119	-1	-1	-1	-1	-1	-1	-1	-1	-1	-1	-1	-1	-1	-1	-1	-1	-1	-1	-1	-1	-1	-1	-1	-1	-1	-1	-1	-1	-1
XMTQxMDExMDIyOA==	97	460	867	1018	1175	1265	1317	1454	1548	1637	1707	1759	1791	1816	1865	1876	1900	1936	1961	1975	2010	2024	2043	2048	2060	2072	2080	-1	-1	-1
XMTQwOTU3MTY4MA==	34	35	40	-1	-1	-1	-1	-1	-1	-1	-1	-1	-1	-1	-1	-1	-1	-1	-1	-1	-1	-1	-1	-1	-1	-1	-1	-1	-1	-1
XMTQwOTkzMjIwOA==	3	-1	-1	-1	-1	-1	-1	-1	-1	-1	-1	-1	-1	-1	-1	-1	-1	-1	-1	-1	-1	-1	-1	-1	-1	-1	-1	-1	-1	-1
XMTQxMDEyMjQwOA==	2	-1	-1	-1	-1	-1	-1	-1	-1	-1	-1	-1	-1	-1	-1	-1	-1	-1	-1	-1	-1	-1	-1	-1	-1	-1	-1	-1	-1	-1
XMTQwOTM3MDE2NA==	186	226	219	226	231	-1	-1	-1	-1	-1	-1	-1	-1	-1	-1	-1	-1	-1	-1	-1	-1	-1	-1	-1	-1	-1	-1	-1	-1	-1
XMTQwOTQ0NzM4NA==	24	24	25	-1	-1	-1	-1	-1	-1	-1	-1	-1	-1	-1	-1	-1	-1	-1	-1	-1	-1	-1	-1	-1	-1	-1	-1	-1	-1	-1
XMTQwOTk4NjQ4MA==	266	545	-1	-1	-1	-1	-1	-1	-1	-1	-1	-1	-1	-1	-1	-1	-1	-1	-1	-1	-1	-1	-1	-1	-1	-1	-1	-1	-1	-1
XMTQwOTA3NTIxMg==	8	8	10	10	10	10	10	10	10	10	12	12	-1	-1	-1	-1	-1	-1	-1	-1	-1	-1	-1	-1	-1	-1	-1	-1	-1	-1
XMTQwOTg2NjM4OA==	-1	-1	-1	-1	-1	-1	-1	-1	-1	-1	-1	-1	-1	-1	-1	-1	-1	-1	-1	-1	-1	-1	-1	-1	-1	-1	-1	-1	-1	-1
XMTQwOTQ0NjkzMg==	322	365	-1	-1	-1	-1	-1	-1	-1	-1	-1	-1	-1	-1	-1	-1	-1	-1	-1	-1	-1	-1	-1	-1	-1	-1	-1	-1	-1	-1
XMTQwOTg4NzYzMg==	12	47	91	132	151	166	175	187	201	206	227	240	252	261	286	290	305	310	321	326	336	347	381	399	415	432	435	-1	-1	-1
XMTQwODk0ODYyNA==	11	11	11	-1	-1	-1	-1	-1	-1	-1	-1	-1	-1	-1	-1	-1	-1	-1	-1	-1	-1	-1	-1	-1	-1	-1	-1	-1	-1	-1
XMTQxMDMzNTUwMA==	2	9	9	9	9	9	-1	-1	-1	-1	-1	-1	-1	-1	-1	-1	-1	-1	-1	-1	-1	-1	-1	-1	-1	-1	-1	-1	-1	-1
XMTQwOTYwNDQ5Mg==	631	57993	111249	-1	-1	-1	-1	-1	-1	-1	-1	-1	-1	-1	-1	-1	-1	-1	-1	-1	-1	-1	-1	-1	-1	-1	-1	-1	-1	-1
XMTQwOTcyODU2MA==	9	16	18	19	24	24	30	-1	-1	-1	-1	-1	-1	-1	-1	-1	-1	-1	-1	-1	-1	-1	-1	-1	-1	-1	-1	-1	-1	-1
XMTQwOTkxMjQxMg==	21	21	21	22	22	22	22	-1	-1	-1	-1	-1	-1	-1	-1	-1	-1	-1	-1	-1	-1	-1	-1	-1	-1	-1	-1	-1	-1	-1
XMTQwOTkzMzU1Ng==	3	4	5	-1	-1	-1	-1	-1	-1	-1	-1	-1	-1	-1	-1	-1	-1	-1	-1	-1	-1	-1	-1	-1	-1	-1	-1	-1	-1	-1
XMTQwOTU4NTE4MA==	173	180	169	160	160	160	162	162	164	166	166	167	167	167	168	168	168	-1	-1	-1	-1	-1	-1	-1	-1	-1	-1	-1	-1	-1
XMTQwOTIwNzI2NA==	-1	-1	-1	-1	-1	-1	-1	-1	-1	-1	-1	-1	-1	-1	-1	-1	-1	-1	-1	-1	-1	-1	-1	-1	-1	-1	-1	-1	-1	-1
XMTQwOTA0MjM1Ng==	100	100	112	-1	-1	-1	-1	-1	-1	-1	-1	-1	-1	-1	-1	-1	-1	-1	-1	-1	-1	-1	-1	-1	-1	-1	-1	-1	-1	-1
XMTQwOTI4OTY5Ng==	3	7	8	8	-1	-1	-1	-1	-1	-1	-1	-1	-1	-1	-1	-1	-1	-1	-1	-1	-1	-1	-1	-1	-1	-1	-1	-1	-1	-1
XMTQwOTU1NDI5Mg==	59	86	103	133	-1	-1	-1	-1	-1	-1	-1	-1	-1	-1	-1	-1	-1	-1	-1	-1	-1	-1	-1	-1	-1	-1	-1	-1	-1	-1
XMTQwOTQzMTM0MA==	227	261	-1	-1	-1	-1	-1	-1	-1	-1	-1	-1	-1	-1	-1	-1	-1	-1	-1	-1	-1	-1	-1	-1	-1	-1	-1	-1	-1	-1
XMTQwODgxOTY3Mg==	7	-1	-1	-1	-1	-1	-1	-1	-1	-1	-1	-1	-1	-1	-1	-1	-1	-1	-1	-1	-1	-1	-1	-1	-1	-1	-1	-1	-1	-1
XMTQwODg0OTEyNA==	34	34	37	39	40	39	-1	-1	-1	-1	-1	-1	-1	-1	-1	-1	-1	-1	-1	-1	-1	-1	-1	-1	-1	-1	-1	-1	-1	-1
XMTQwOTM2NzE4NA==	70	84	-1	-1	-1	-1	-1	-1	-1	-1	-1	-1	-1	-1	-1	-1	-1	-1	-1	-1	-1	-1	-1	-1	-1	-1	-1	-1	-1	-1
XMTQwOTg4NDI2OA==	19	25	29	31	32	32	32	32	32	32	32	-1	-1	-1	-1	-1	-1	-1	-1	-1	-1	-1	-1	-1	-1	-1	-1	-1	-1	-1
XMTQwOTUwMTg5Ng==	370	-1	-1	-1	-1	-1	-1	-1	-1	-1	-1	-1	-1	-1	-1	-1	-1	-1	-1	-1	-1	-1	-1	-1	-1	-1	-1	-1	-1	-1
XMTQxMDE1NDI5Mg==	24	41	54	64	68	71	-1	-1	-1	-1	-1	-1	-1	-1	-1	-1	-1	-1	-1	-1	-1	-1	-1	-1	-1	-1	-1	-1	-1	-1
XMTQxMDM1MjI5Ng==	2	-1	-1	-1	-1	-1	-1	-1	-1	-1	-1	-1	-1	-1	-1	-1	-1	-1	-1	-1	-1	-1	-1	-1	-1	-1	-1	-1	-1	-1
XMTQwOTI5MDg2MA==	-1	-1	-1	-1	-1	-1	-1	-1	-1	-1	-1	-1	-1	-1	-1	-1	-1	-1	-1	-1	-1	-1	-1	-1	-1	-1	-1	-1	-1	-1
XMTQxMDEyNTczNg==	13	14	14	14	14	14	-1	-1	-1	-1	-1	-1	-1	-1	-1	-1	-1	-1	-1	-1	-1	-1	-1	-1	-1	-1	-1	-1	-1	-1
XMTQxMDA2MzA2MA==	4	-1	-1	-1	-1	-1	-1	-1	-1	-1	-1	-1	-1	-1	-1	-1	-1	-1	-1	-1	-1	-1	-1	-1	-1	-1	-1	-1	-1	-1
XMTQxMDAyMjI3Mg==	10	-1	-1	-1	-1	-1	-1	-1	-1	-1	-1	-1	-1	-1	-1	-1	-1	-1	-1	-1	-1	-1	-1	-1	-1	-1	-1	-1	-1	-1
XMTQwOTcyODcyOA==	11	19	34	37	37	38	45	62	73	80	88	91	92	96	-1	-1	-1	-1	-1	-1	-1	-1	-1	-1	-1	-1	-1	-1	-1	-1
XMTQwOTcwOTIxNg==	22	52	57	55	55	55	55	55	55	55	55	55	55	55	56	56	56	-1	-1	-1	-1	-1	-1	-1	-1	-1	-1	-1	-1	-1
XMTQxMDE4OTA3Mg==	1	1	1	1	1	1	1	-1	-1	-1	-1	-1	-1	-1	-1	-1	-1	-1	-1	-1	-1	-1	-1	-1	-1	-1	-1	-1	-1	-1
XMTQwOTc5OTMyOA==	29	36	38	37	38	38	-1	-1	-1	-1	-1	-1	-1	-1	-1	-1	-1	-1	-1	-1	-1	-1	-1	-1	-1	-1	-1	-1	-1	-1
XMTQwOTMxNTM4NA==	-1	-1	-1	-1	-1	-1	-1	-1	-1	-1	-1	-1	-1	-1	-1	-1	-1	-1	-1	-1	-1	-1	-1	-1	-1	-1	-1	-1	-1	-1
XMTQwOTQzMDAzNg==	10	17	18	21	22	25	49	62	63	64	67	67	67	72	-1	-1	-1	-1	-1	-1	-1	-1	-1	-1	-1	-1	-1	-1	-1	-1
XMTQwOTg1MDgzNg==	4	-1	-1	-1	-1	-1	-1	-1	-1	-1	-1	-1	-1	-1	-1	-1	-1	-1	-1	-1	-1	-1	-1	-1	-1	-1	-1	-1	-1	-1
XMTQwOTMwNTMyOA==	546	584	615	637	650	673	691	724	762	789	797	804	817	822	838	845	852	858	866	871	878	883	892	919	922	930	-1	-1	-1	-1
XMTQxMDIxNTg4OA==	3	4	4	6	-1	-1	-1	-1	-1	-1	-1	-1	-1	-1	-1	-1	-1	-1	-1	-1	-1	-1	-1	-1	-1	-1	-1	-1	-1	-1
XMTQwOTY5NTczMg==	5	6	9	9	10	10	10	10	10	10	10	10	11	11	-1	-1	-1	-1	-1	-1	-1	-1	-1	-1	-1	-1	-1	-1	-1	-1
XMTQwOTY0ODI4MA==	232	449	790	800	52952	55909	52579	82086	85780	67120	-1	-1	-1	-1	-1	-1	-1	-1	-1	-1	-1	-1	-1	-1	-1	-1	-1	-1	-1	-1
XMTQxMDIwNTYzNg==	1748	2022	2053	1975	1976	1979	1981	1982	1992	1992	1993	1990	1990	1993	1995	1995	1999	1999	1999	-1	-1	-1	-1	-1	-1	-1	-1	-1	-1	-1
XMTQwOTEyMjYwNA==	293	297	243	246	246	217	218	218	218	217	218	218	218	219	222	224	-1	-1	-1	-1	-1	-1	-1	-1	-1	-1	-1	-1	-1	-1
XMTQwOTU0MDU1Mg==	3	3	3	3	3	3	3	3	3	3	3	3	-1	-1	-1	-1	-1	-1	-1	-1	-1	-1	-1	-1	-1	-1	-1	-1	-1	-1
XMTQwOTQ0NjM5Ng==	59	86	89	97	102	104	105	106	110	-1	-1	-1	-1	-1	-1	-1	-1	-1	-1	-1	-1	-1	-1	-1	-1	-1	-1	-1	-1	-1
XMTQwODkxNDgxNg==	20	-1	-1	-1	-1	-1	-1	-1	-1	-1	-1	-1	-1	-1	-1	-1	-1	-1	-1	-1	-1	-1	-1	-1	-1	-1	-1	-1	-1	-1
XMTQwODk1MDk2MA==	100	102	113	128	128	134	137	139	141	143	143	144	144	-1	-1	-1	-1	-1	-1	-1	-1	-1	-1	-1	-1	-1	-1	-1	-1	-1
XMTQxMDI5MjQ5Mg==	2	3	4	-1	-1	-1	-1	-1	-1	-1	-1	-1	-1	-1	-1	-1	-1	-1	-1	-1	-1	-1	-1	-1	-1	-1	-1	-1	-1	-1
XMTQwOTU1NjMwNA==	12	12	12	12	12	12	12	12	12	12	12	12	12	12	-1	-1	-1	-1	-1	-1	-1	-1	-1	-1	-1	-1	-1	-1	-1	-1
XMTQwOTgwMjIwMA==	23	35	36	31	29	29	29	29	29	29	29	29	30	30	31	31	31	31	31	31	31	31	31	31	31	31	31	-1	-1	-1
XMTQwOTM3OTg0MA==	25	26	29	30	33	-1	-1	-1	-1	-1	-1	-1	-1	-1	-1	-1	-1	-1	-1	-1	-1	-1	-1	-1	-1	-1	-1	-1	-1	-1
XMTQwOTg1NTk2MA==	625	730	741	700	708	710	711	714	-1	-1	-1	-1	-1	-1	-1	-1	-1	-1	-1	-1	-1	-1	-1	-1	-1	-1	-1	-1	-1	-1
XMTQwODk3NzYwOA==	268	291	310	325	336	345	361	363	369	375	380	386	387	386	387	387	392	392	394	-1	-1	-1	-1	-1	-1	-1	-1	-1	-1	-1
XMTQwOTIyODg2OA==	295	314	312	314	319	322	327	330	-1	-1	-1	-1	-1	-1	-1	-1	-1	-1	-1	-1	-1	-1	-1	-1	-1	-1	-1	-1	-1	-1
XMTQxMDE1MzYzNg==	2	2	2	2	-1	-1	-1	-1	-1	-1	-1	-1	-1	-1	-1	-1	-1	-1	-1	-1	-1	-1	-1	-1	-1	-1	-1	-1	-1	-1
XMTQwOTM3NzY2NA==	19	33	38	38	39	38	38	39	45	50	52	53	54	57	59	59	61	63	64	-1	-1	-1	-1	-1	-1	-1	-1	-1	-1	-1
XMTQwOTM4NzczMg==	4	4	4	5	5	5	-1	-1	-1	-1	-1	-1	-1	-1	-1	-1	-1	-1	-1	-1	-1	-1	-1	-1	-1	-1	-1	-1	-1	-1
XMTQwOTQwMjY2OA==	110	-1	-1	-1	-1	-1	-1	-1	-1	-1	-1	-1	-1	-1	-1	-1	-1	-1	-1	-1	-1	-1	-1	-1	-1	-1	-1	-1	-1	-1
XMTQwOTQ5NTgzNg==	7	9	9	-1	-1	-1	-1	-1	-1	-1	-1	-1	-1	-1	-1	-1	-1	-1	-1	-1	-1	-1	-1	-1	-1	-1	-1	-1	-1	-1
XMTQxMDE5NDY2OA==	7	8	-1	-1	-1	-1	-1	-1	-1	-1	-1	-1	-1	-1	-1	-1	-1	-1	-1	-1	-1	-1	-1	-1	-1	-1	-1	-1	-1	-1
XMTQwOTI0OTkyMA==	-1	-1	-1	-1	-1	-1	-1	-1	-1	-1	-1	-1	-1	-1	-1	-1	-1	-1	-1	-1	-1	-1	-1	-1	-1	-1	-1	-1	-1	-1
XMTQwOTYyODYwOA==	11	13	13	11	-1	-1	-1	-1	-1	-1	-1	-1	-1	-1	-1	-1	-1	-1	-1	-1	-1	-1	-1	-1	-1	-1	-1	-1	-1	-1
XMTQwOTIyNTI0NA==	458	574	630	660	705	757	804	840	-1	-1	-1	-1	-1	-1	-1	-1	-1	-1	-1	-1	-1	-1	-1	-1	-1	-1	-1	-1	-1	-1
XMTQwOTI2OTQ1Ng==	125	148	178	190	201	219	229	248	-1	-1	-1	-1	-1	-1	-1	-1	-1	-1	-1	-1	-1	-1	-1	-1	-1	-1	-1	-1	-1	-1
XMTQwOTU0MTI2NA==	6	12	14	15	-1	-1	-1	-1	-1	-1	-1	-1	-1	-1	-1	-1	-1	-1	-1	-1	-1	-1	-1	-1	-1	-1	-1	-1	-1	-1
XMTQwOTQ3MDY5Ng==	26	32	31	33	32	32	32	33	37	38	38	38	38	39	-1	-1	-1	-1	-1	-1	-1	-1	-1	-1	-1	-1	-1	-1	-1	-1
XMTQwOTA0MjU2OA==	-1	-1	-1	-1	-1	-1	-1	-1	-1	-1	-1	-1	-1	-1	-1	-1	-1	-1	-1	-1	-1	-1	-1	-1	-1	-1	-1	-1	-1	-1
XMTQwNzQ4ODc3Ng==	8	8	10	10	13	-1	-1	-1	-1	-1	-1	-1	-1	-1	-1	-1	-1	-1	-1	-1	-1	-1	-1	-1	-1	-1	-1	-1	-1	-1
XMTQwOTk0NzMxNg==	6	8	15	14	14	14	13	-1	-1	-1	-1	-1	-1	-1	-1	-1	-1	-1	-1	-1	-1	-1	-1	-1	-1	-1	-1	-1	-1	-1
XMTQwOTMwNTA2MA==	19	23	23	23	23	23	24	24	24	24	25	25	25	25	25	25	25	25	25	25	25	-1	-1	-1	-1	-1	-1	-1	-1	-1
XMTQwOTg5MDkxNg==	19	47	56	58	64	119	184	218	-1	-1	-1	-1	-1	-1	-1	-1	-1	-1	-1	-1	-1	-1	-1	-1	-1	-1	-1	-1	-1	-1
XMTQxMDAzMzQyMA==	7	11	14	13	12	11	11	11	11	-1	-1	-1	-1	-1	-1	-1	-1	-1	-1	-1	-1	-1	-1	-1	-1	-1	-1	-1	-1	-1
XMTQwODg4MTY4OA==	24	24	26	27	-1	-1	-1	-1	-1	-1	-1	-1	-1	-1	-1	-1	-1	-1	-1	-1	-1	-1	-1	-1	-1	-1	-1	-1	-1	-1
XMTQwOTY5ODE5Ng==	2	8	10	10	11	10	10	10	10	10	10	10	10	11	-1	-1	-1	-1	-1	-1	-1	-1	-1	-1	-1	-1	-1	-1	-1	-1
XMTQxMDE3OTc3Mg==	2	6	7	7	-1	-1	-1	-1	-1	-1	-1	-1	-1	-1	-1	-1	-1	-1	-1	-1	-1	-1	-1	-1	-1	-1	-1	-1	-1	-1
XMTQwOTYyOTExMg==	21	23	-1	-1	-1	-1	-1	-1	-1	-1	-1	-1	-1	-1	-1	-1	-1	-1	-1	-1	-1	-1	-1	-1	-1	-1	-1	-1	-1	-1
XMTQwOTk0NDI1Ng==	70	112	124	153	172	179	187	216	252	278	285	292	305	313	338	345	365	385	403	443	508	-1	-1	-1	-1	-1	-1	-1	-1	-1
XMTQwOTQyODY4NA==	168	240	-1	-1	-1	-1	-1	-1	-1	-1	-1	-1	-1	-1	-1	-1	-1	-1	-1	-1	-1	-1	-1	-1	-1	-1	-1	-1	-1	-1
XMTQwOTQ2ODk3Mg==	556	1087	1307	1440	1507	1559	1612	1667	1695	1716	1729	1767	1814	-1	-1	-1	-1	-1	-1	-1	-1	-1	-1	-1	-1	-1	-1	-1	-1	-1
XMTQxMDA3NjA4MA==	10	12	13	10	9	11	11	11	11	11	12	13	13	13	13	13	13	14	14	14	-1	-1	-1	-1	-1	-1	-1	-1	-1	-1
XMTQwOTk2NzI5Ng==	1241	2273	3018	3475	3700	3918	4099	4254	4472	4690	4852	4990	5138	5305	5526	5596	5792	5891	6004	6093	6177	6290	6384	6475	6565	6613	-1	-1	-1	-1
XMTQxMDE2MjQxNg==	10	25	43	67	71	73	-1	-1	-1	-1	-1	-1	-1	-1	-1	-1	-1	-1	-1	-1	-1	-1	-1	-1	-1	-1	-1	-1	-1	-1
XMTQwOTQwOTc4OA==	25	30	35	35	-1	-1	-1	-1	-1	-1	-1	-1	-1	-1	-1	-1	-1	-1	-1	-1	-1	-1	-1	-1	-1	-1	-1	-1	-1	-1
XMTQwOTMzNTY0MA==	62	81	90	92	91	-1	-1	-1	-1	-1	-1	-1	-1	-1	-1	-1	-1	-1	-1	-1	-1	-1	-1	-1	-1	-1	-1	-1	-1	-1
XMTQwOTA0MTgwMA==	12	20	25	26	27	28	28	28	28	28	29	-1	-1	-1	-1	-1	-1	-1	-1	-1	-1	-1	-1	-1	-1	-1	-1	-1	-1	-1
XMTQwOTUxOTg0OA==	9	-1	-1	-1	-1	-1	-1	-1	-1	-1	-1	-1	-1	-1	-1	-1	-1	-1	-1	-1	-1	-1	-1	-1	-1	-1	-1	-1	-1	-1
XMTQxMDMwNzk5Ng==	1	3	3	3	3	3	3	3	3	5	5	5	-1	-1	-1	-1	-1	-1	-1	-1	-1	-1	-1	-1	-1	-1	-1	-1	-1	-1
XMTQwOTg3MzM2OA==	6	9	13	-1	-1	-1	-1	-1	-1	-1	-1	-1	-1	-1	-1	-1	-1	-1	-1	-1	-1	-1	-1	-1	-1	-1	-1	-1	-1	-1
XMTQwOTk2Njk2OA==	291	516	607	804	1018	1290	1543	1754	1895	2003	2241	2499	-1	-1	-1	-1	-1	-1	-1	-1	-1	-1	-1	-1	-1	-1	-1	-1	-1	-1
XMTQwOTQwMDAwOA==	7	-1	-1	-1	-1	-1	-1	-1	-1	-1	-1	-1	-1	-1	-1	-1	-1	-1	-1	-1	-1	-1	-1	-1	-1	-1	-1	-1	-1	-1
XMTQwOTk4ODQzMg==	2	2	2	2	2	2	4	4	4	4	4	5	5	7	-1	-1	-1	-1	-1	-1	-1	-1	-1	-1	-1	-1	-1	-1	-1	-1
XMTQwOTkwNjE2OA==	365	478	485	452	451	455	457	458	461	460	-1	-1	-1	-1	-1	-1	-1	-1	-1	-1	-1	-1	-1	-1	-1	-1	-1	-1	-1	-1
XMTQwOTUxNjEwNA==	2483	3284	3580	3683	3749	3799	3858	3898	3929	3974	4004	4035	4060	-1	-1	-1	-1	-1	-1	-1	-1	-1	-1	-1	-1	-1	-1	-1	-1	-1
XMTQwOTYwNDA4MA==	47	50	56	59	-1	-1	-1	-1	-1	-1	-1	-1	-1	-1	-1	-1	-1	-1	-1	-1	-1	-1	-1	-1	-1	-1	-1	-1	-1	-1
XMTQxMDA3ODA5Mg==	7	11	12	-1	-1	-1	-1	-1	-1	-1	-1	-1	-1	-1	-1	-1	-1	-1	-1	-1	-1	-1	-1	-1	-1	-1	-1	-1	-1	-1
XMTQwOTk3ODA0OA==	21	33	38	39	41	41	42	43	46	48	48	48	49	-1	-1	-1	-1	-1	-1	-1	-1	-1	-1	-1	-1	-1	-1	-1	-1	-1
XMTQwOTI5Njg5Ng==	18	23	23	-1	-1	-1	-1	-1	-1	-1	-1	-1	-1	-1	-1	-1	-1	-1	-1	-1	-1	-1	-1	-1	-1	-1	-1	-1	-1	-1
XMTQwOTA5MjE0MA==	343	376	406	444	474	502	-1	-1	-1	-1	-1	-1	-1	-1	-1	-1	-1	-1	-1	-1	-1	-1	-1	-1	-1	-1	-1	-1	-1	-1
XMTQwOTMzODQyMA==	207	299	351	367	381	386	397	410	433	449	453	460	481	498	-1	-1	-1	-1	-1	-1	-1	-1	-1	-1	-1	-1	-1	-1	-1	-1
XMTQwOTY5Nzg4MA==	298	340	360	360	368	374	-1	-1	-1	-1	-1	-1	-1	-1	-1	-1	-1	-1	-1	-1	-1	-1	-1	-1	-1	-1	-1	-1	-1	-1
XMTQwOTMxMzU2OA==	12	13	12	12	-1	-1	-1	-1	-1	-1	-1	-1	-1	-1	-1	-1	-1	-1	-1	-1	-1	-1	-1	-1	-1	-1	-1	-1	-1	-1
XMTQwOTcxMzkwNA==	6	12	15	15	15	15	15	15	15	15	16	16	16	16	-1	-1	-1	-1	-1	-1	-1	-1	-1	-1	-1	-1	-1	-1	-1	-1
XMTQwOTkyNDEzMg==	4	5	5	-1	-1	-1	-1	-1	-1	-1	-1	-1	-1	-1	-1	-1	-1	-1	-1	-1	-1	-1	-1	-1	-1	-1	-1	-1	-1	-1
XMTQwOTg1MTc1Ng==	10	14	16	13	13	13	-1	-1	-1	-1	-1	-1	-1	-1	-1	-1	-1	-1	-1	-1	-1	-1	-1	-1	-1	-1	-1	-1	-1	-1
XMTQxMDA4MDQ0MA==	223	1107	1877	2111	2319	2674	2971	3215	3364	3569	3613	-1	-1	-1	-1	-1	-1	-1	-1	-1	-1	-1	-1	-1	-1	-1	-1	-1	-1	-1
XMTQwOTkzMDI0NA==	15	18	18	16	15	15	15	15	15	15	15	16	-1	-1	-1	-1	-1	-1	-1	-1	-1	-1	-1	-1	-1	-1	-1	-1	-1	-1
XMTQwOTcxMDMyMA==	5	7	8	9	9	9	9	9	9	10	10	10	10	10	-1	-1	-1	-1	-1	-1	-1	-1	-1	-1	-1	-1	-1	-1	-1	-1
XMTQxMDE0MzE5Ng==	2	26	-1	-1	-1	-1	-1	-1	-1	-1	-1	-1	-1	-1	-1	-1	-1	-1	-1	-1	-1	-1	-1	-1	-1	-1	-1	-1	-1	-1
XMTQxMDA5Njg2NA==	6	10	10	10	10	10	-1	-1	-1	-1	-1	-1	-1	-1	-1	-1	-1	-1	-1	-1	-1	-1	-1	-1	-1	-1	-1	-1	-1	-1
XMTQxMDM5NzE1Mg==	13	47	50	50	50	50	50	50	50	-1	-1	-1	-1	-1	-1	-1	-1	-1	-1	-1	-1	-1	-1	-1	-1	-1	-1	-1	-1	-1
XMTQwOTEzMjU0OA==	11	12	11	11	11	11	11	11	11	11	11	11	11	11	11	11	11	11	-1	-1	-1	-1	-1	-1	-1	-1	-1	-1	-1	-1
XMTQwOTYzNDcyNA==	5	5	7	7	-1	-1	-1	-1	-1	-1	-1	-1	-1	-1	-1	-1	-1	-1	-1	-1	-1	-1	-1	-1	-1	-1	-1	-1	-1	-1
XMTQxMDA4Njk5Mg==	8	16	16	-1	-1	-1	-1	-1	-1	-1	-1	-1	-1	-1	-1	-1	-1	-1	-1	-1	-1	-1	-1	-1	-1	-1	-1	-1	-1	-1
XMTQwOTQyMTU3Ng==	21	42	95	102	109	114	114	115	116	117	118	121	121	122	122	122	122	123	123	123	123	125	125	125	125	125	126	128	-1	-1
XMTQwOTQ3NTE3Ng==	153	190	199	202	202	202	202	202	-1	-1	-1	-1	-1	-1	-1	-1	-1	-1	-1	-1	-1	-1	-1	-1	-1	-1	-1	-1	-1	-1
XMTQwOTc0MDY5Mg==	13	15	17	18	18	18	18	18	18	19	19	19	19	20	21	22	22	23	24	25	-1	-1	-1	-1	-1	-1	-1	-1	-1	-1
XMTQxMDM3ODQzMg==	1845	-1	-1	-1	-1	-1	-1	-1	-1	-1	-1	-1	-1	-1	-1	-1	-1	-1	-1	-1	-1	-1	-1	-1	-1	-1	-1	-1	-1	-1
XMTQwODk0MjI0NA==	8	8	4	4	4	5	5	5	-1	-1	-1	-1	-1	-1	-1	-1	-1	-1	-1	-1	-1	-1	-1	-1	-1	-1	-1	-1	-1	-1
XMTQwOTQ3NzM1Mg==	68670	1057299	1472291	1472878	1410953	-1	-1	-1	-1	-1	-1	-1	-1	-1	-1	-1	-1	-1	-1	-1	-1	-1	-1	-1	-1	-1	-1	-1	-1	-1
XMTQwOTgwMzIwOA==	33	41	47	44	46	46	46	47	47	48	48	48	48	50	50	50	48	48	48	48	48	48	48	48	48	48	48	-1	-1	-1
XMTQxMDEyMjEyMA==	17	27	31	36	36	36	36	-1	-1	-1	-1	-1	-1	-1	-1	-1	-1	-1	-1	-1	-1	-1	-1	-1	-1	-1	-1	-1	-1	-1
XMTQwOTMxMDI4MA==	1025	1292	1395	1407	1430	1440	1443	1447	1452	1455	1459	1461	1467	1473	1476	1476	1480	1488	1490	1492	1495	1495	1501	1510	1513	1520	-1	-1	-1	-1
XMTQxMDQyMzYzNg==	-1	-1	-1	-1	-1	-1	-1	-1	-1	-1	-1	-1	-1	-1	-1	-1	-1	-1	-1	-1	-1	-1	-1	-1	-1	-1	-1	-1	-1	-1
XMTQwOTYxNjE5Mg==	1979	2766	2911	-1	-1	-1	-1	-1	-1	-1	-1	-1	-1	-1	-1	-1	-1	-1	-1	-1	-1	-1	-1	-1	-1	-1	-1	-1	-1	-1
XMTQxMDA3ODMzNg==	6	8	8	-1	-1	-1	-1	-1	-1	-1	-1	-1	-1	-1	-1	-1	-1	-1	-1	-1	-1	-1	-1	-1	-1	-1	-1	-1	-1	-1
XMTQwOTg1MDE4MA==	4	4	5	5	-1	-1	-1	-1	-1	-1	-1	-1	-1	-1	-1	-1	-1	-1	-1	-1	-1	-1	-1	-1	-1	-1	-1	-1	-1	-1
XMTQwOTA5ODAwNA==	226	282	304	695	1747	2507	2535	2553	2563	2587	2604	2622	-1	-1	-1	-1	-1	-1	-1	-1	-1	-1	-1	-1	-1	-1	-1	-1	-1	-1
XMTQwOTM5Mzg4OA==	1	1	-1	-1	-1	-1	-1	-1	-1	-1	-1	-1	-1	-1	-1	-1	-1	-1	-1	-1	-1	-1	-1	-1	-1	-1	-1	-1	-1	-1
XMTQwOTk0MDQwOA==	124	250	276	295	304	316	328	355	385	427	463	479	505	530	599	612	678	710	751	787	837	-1	-1	-1	-1	-1	-1	-1	-1	-1
XMTQwOTQ4ODc2NA==	20	24	37	39	40	41	41	41	41	41	41	41	41	41	41	41	41	41	41	41	41	41	41	41	41	41	41	-1	-1	-1
XMTQwOTE5MTc5Mg==	15	18	16	14	14	14	14	-1	-1	-1	-1	-1	-1	-1	-1	-1	-1	-1	-1	-1	-1	-1	-1	-1	-1	-1	-1	-1	-1	-1
XMTQwOTQ2NjIyOA==	11	18	23	24	24	24	24	26	27	27	27	27	28	28	-1	-1	-1	-1	-1	-1	-1	-1	-1	-1	-1	-1	-1	-1	-1	-1
XMTQxMDM0MzQ1Ng==	2	-1	-1	-1	-1	-1	-1	-1	-1	-1	-1	-1	-1	-1	-1	-1	-1	-1	-1	-1	-1	-1	-1	-1	-1	-1	-1	-1	-1	-1
XMTQwOTk2NDEwOA==	3	3	3	3	3	3	13	-1	-1	-1	-1	-1	-1	-1	-1	-1	-1	-1	-1	-1	-1	-1	-1	-1	-1	-1	-1	-1	-1	-1
XMTQwOTAyMTY5Mg==	7	7	7	7	8	8	8	-1	-1	-1	-1	-1	-1	-1	-1	-1	-1	-1	-1	-1	-1	-1	-1	-1	-1	-1	-1	-1	-1	-1
XMTQwOTE4NjAyNA==	11	12	12	11	11	-1	-1	-1	-1	-1	-1	-1	-1	-1	-1	-1	-1	-1	-1	-1	-1	-1	-1	-1	-1	-1	-1	-1	-1	-1
XMTQwOTcyMzc0NA==	3	3	3	3	3	3	3	3	3	3	3	3	3	3	-1	-1	-1	-1	-1	-1	-1	-1	-1	-1	-1	-1	-1	-1	-1	-1
XMTQxMDAwODc2MA==	100	-1	-1	-1	-1	-1	-1	-1	-1	-1	-1	-1	-1	-1	-1	-1	-1	-1	-1	-1	-1	-1	-1	-1	-1	-1	-1	-1	-1	-1
XMTQwOTA1MTc4OA==	96	115	118	-1	-1	-1	-1	-1	-1	-1	-1	-1	-1	-1	-1	-1	-1	-1	-1	-1	-1	-1	-1	-1	-1	-1	-1	-1	-1	-1
XMTQxMDA0MzY2OA==	8	10	-1	-1	-1	-1	-1	-1	-1	-1	-1	-1	-1	-1	-1	-1	-1	-1	-1	-1	-1	-1	-1	-1	-1	-1	-1	-1	-1	-1
XMTQwOTc5MDA0OA==	54	98	-1	-1	-1	-1	-1	-1	-1	-1	-1	-1	-1	-1	-1	-1	-1	-1	-1	-1	-1	-1	-1	-1	-1	-1	-1	-1	-1	-1
XMTQwOTI1MzQ4MA==	8	9	8	7	7	-1	-1	-1	-1	-1	-1	-1	-1	-1	-1	-1	-1	-1	-1	-1	-1	-1	-1	-1	-1	-1	-1	-1	-1	-1
XMTQwOTE1NTI3Ng==	361	558	1053	1282	1493	1644	1743	2053	2450	2586	2658	2702	2751	2812	2956	3065	3311	3556	3943	4232	4511	4884	-1	-1	-1	-1	-1	-1	-1	-1
XMTQxMDM3MDk2MA==	1	6	8	12	15	-1	-1	-1	-1	-1	-1	-1	-1	-1	-1	-1	-1	-1	-1	-1	-1	-1	-1	-1	-1	-1	-1	-1	-1	-1
XMTQwOTIxOTM3Ng==	-1	-1	-1	-1	-1	-1	-1	-1	-1	-1	-1	-1	-1	-1	-1	-1	-1	-1	-1	-1	-1	-1	-1	-1	-1	-1	-1	-1	-1	-1
XMTQwODkzMjU4MA==	12	13	13	12	11	12	12	-1	-1	-1	-1	-1	-1	-1	-1	-1	-1	-1	-1	-1	-1	-1	-1	-1	-1	-1	-1	-1	-1	-1
XMTQxMDA2OTM3Mg==	12	31	35	35	37	38	38	40	41	41	42	42	43	45	47	47	48	48	-1	-1	-1	-1	-1	-1	-1	-1	-1	-1	-1	-1
XMTQwOTM5OTU4MA==	28	28	30	31	31	-1	-1	-1	-1	-1	-1	-1	-1	-1	-1	-1	-1	-1	-1	-1	-1	-1	-1	-1	-1	-1	-1	-1	-1	-1
XMTQwOTgxMzgzNg==	3	3	6	6	7	7	-1	-1	-1	-1	-1	-1	-1	-1	-1	-1	-1	-1	-1	-1	-1	-1	-1	-1	-1	-1	-1	-1	-1	-1
XMTQxMDMwMTU1Mg==	55	-1	-1	-1	-1	-1	-1	-1	-1	-1	-1	-1	-1	-1	-1	-1	-1	-1	-1	-1	-1	-1	-1	-1	-1	-1	-1	-1	-1	-1
XMTQwODk5ODcwOA==	9	9	9	8	-1	-1	-1	-1	-1	-1	-1	-1	-1	-1	-1	-1	-1	-1	-1	-1	-1	-1	-1	-1	-1	-1	-1	-1	-1	-1
XMTQwOTc3NDYzNg==	2	2	4	4	4	3	3	3	3	-1	-1	-1	-1	-1	-1	-1	-1	-1	-1	-1	-1	-1	-1	-1	-1	-1	-1	-1	-1	-1
XMTQxMDAzMzM2OA==	5	5	5	4	4	4	3	3	3	3	3	3	3	3	3	-1	-1	-1	-1	-1	-1	-1	-1	-1	-1	-1	-1	-1	-1	-1
XMTQwOTQ5ODY3Ng==	155	183	181	182	183	184	186	188	189	194	196	196	198	200	200	201	202	202	203	206	207	-1	-1	-1	-1	-1	-1	-1	-1	-1
XMTQwOTY0MzMwNA==	22	30	43	55	160	310	351	382	399	-1	-1	-1	-1	-1	-1	-1	-1	-1	-1	-1	-1	-1	-1	-1	-1	-1	-1	-1	-1	-1
XMTQwOTUwMzA3Mg==	21	34	36	38	35	34	34	34	34	34	34	34	34	34	34	34	34	34	34	34	34	34	34	34	34	-1	-1	-1	-1	-1
XMTQwOTEwMTA1Ng==	99	117	124	134	138	140	142	150	152	156	160	160	164	168	176	176	177	178	178	179	181	-1	-1	-1	-1	-1	-1	-1	-1	-1
XMTQwOTIxMzc2MA==	260	338	413	490	532	565	581	598	614	631	668	693	731	-1	-1	-1	-1	-1	-1	-1	-1	-1	-1	-1	-1	-1	-1	-1	-1	-1
XMTQwOTY3NjU1Ng==	476	548	-1	-1	-1	-1	-1	-1	-1	-1	-1	-1	-1	-1	-1	-1	-1	-1	-1	-1	-1	-1	-1	-1	-1	-1	-1	-1	-1	-1
XMTQwOTI1NzIwMA==	76	78	82	103	112	115	-1	-1	-1	-1	-1	-1	-1	-1	-1	-1	-1	-1	-1	-1	-1	-1	-1	-1	-1	-1	-1	-1	-1	-1
XMTQwOTA3NzgxNg==	174	209	-1	-1	-1	-1	-1	-1	-1	-1	-1	-1	-1	-1	-1	-1	-1	-1	-1	-1	-1	-1	-1	-1	-1	-1	-1	-1	-1	-1
XMTQwOTE3NjYyOA==	65	70	71	71	71	71	71	71	71	71	73	81	84	85	84	86	-1	-1	-1	-1	-1	-1	-1	-1	-1	-1	-1	-1	-1	-1
XMTQwODg2MDc4OA==	110	158	168	179	203	-1	-1	-1	-1	-1	-1	-1	-1	-1	-1	-1	-1	-1	-1	-1	-1	-1	-1	-1	-1	-1	-1	-1	-1	-1
XMTQwODg1MTQ3Mg==	-1	-1	-1	-1	-1	-1	-1	-1	-1	-1	-1	-1	-1	-1	-1	-1	-1	-1	-1	-1	-1	-1	-1	-1	-1	-1	-1	-1	-1	-1
XMTQxMDE4MzkwOA==	1	1	1	1	1	1	1	-1	-1	-1	-1	-1	-1	-1	-1	-1	-1	-1	-1	-1	-1	-1	-1	-1	-1	-1	-1	-1	-1	-1
XMTQwOTQ3MjUwNA==	843	892	940	976	999	-1	-1	-1	-1	-1	-1	-1	-1	-1	-1	-1	-1	-1	-1	-1	-1	-1	-1	-1	-1	-1	-1	-1	-1	-1
XMTQwOTU3NjU3Mg==	24	41	86	217	229	229	228	-1	-1	-1	-1	-1	-1	-1	-1	-1	-1	-1	-1	-1	-1	-1	-1	-1	-1	-1	-1	-1	-1	-1
XMTQwOTcwODEwMA==	20	26	26	-1	-1	-1	-1	-1	-1	-1	-1	-1	-1	-1	-1	-1	-1	-1	-1	-1	-1	-1	-1	-1	-1	-1	-1	-1	-1	-1
XMTQwOTU0ODA2NA==	6	7	-1	-1	-1	-1	-1	-1	-1	-1	-1	-1	-1	-1	-1	-1	-1	-1	-1	-1	-1	-1	-1	-1	-1	-1	-1	-1	-1	-1
XMTQwOTMzMDI0NA==	93	104	105	106	114	119	122	125	130	133	140	142	146	147	155	155	156	156	156	156	156	156	156	156	156	156	156	-1	-1	-1
XMTQwOTQ1OTUxNg==	9	10	10	9	11	-1	-1	-1	-1	-1	-1	-1	-1	-1	-1	-1	-1	-1	-1	-1	-1	-1	-1	-1	-1	-1	-1	-1	-1	-1
XMTQwOTIwNzMxNg==	106	109	24	23	23	-1	-1	-1	-1	-1	-1	-1	-1	-1	-1	-1	-1	-1	-1	-1	-1	-1	-1	-1	-1	-1	-1	-1	-1	-1
XMTQwOTc2ODkxNg==	90	101	103	111	-1	-1	-1	-1	-1	-1	-1	-1	-1	-1	-1	-1	-1	-1	-1	-1	-1	-1	-1	-1	-1	-1	-1	-1	-1	-1
XMTQxMDAxMTI3Ng==	-1	-1	-1	-1	-1	-1	-1	-1	-1	-1	-1	-1	-1	-1	-1	-1	-1	-1	-1	-1	-1	-1	-1	-1	-1	-1	-1	-1	-1	-1
XMTQwOTI2MTE5Ng==	33	39	40	41	41	41	41	41	41	-1	-1	-1	-1	-1	-1	-1	-1	-1	-1	-1	-1	-1	-1	-1	-1	-1	-1	-1	-1	-1
XMTQwOTcyNzA5Mg==	6	13	17	15	13	13	13	13	13	13	13	13	13	13	-1	-1	-1	-1	-1	-1	-1	-1	-1	-1	-1	-1	-1	-1	-1	-1
XMTQwOTk0NzkwOA==	116	195	224	265	292	311	329	416	510	561	576	595	620	640	699	714	767	830	930	1007	1132	-1	-1	-1	-1	-1	-1	-1	-1	-1
XMTQwOTkwMDg2NA==	16	36	37	40	42	-1	-1	-1	-1	-1	-1	-1	-1	-1	-1	-1	-1	-1	-1	-1	-1	-1	-1	-1	-1	-1	-1	-1	-1	-1
XMTQwOTY5ODI5Ng==	4	4	6	5	6	6	6	6	6	6	6	6	-1	-1	-1	-1	-1	-1	-1	-1	-1	-1	-1	-1	-1	-1	-1	-1	-1	-1
XMTQwOTYyNDQwMA==	1144	-1	-1	-1	-1	-1	-1	-1	-1	-1	-1	-1	-1	-1	-1	-1	-1	-1	-1	-1	-1	-1	-1	-1	-1	-1	-1	-1	-1	-1
XMTQwOTU2OTE4NA==	5	5	6	6	6	6	-1	-1	-1	-1	-1	-1	-1	-1	-1	-1	-1	-1	-1	-1	-1	-1	-1	-1	-1	-1	-1	-1	-1	-1
XMTQwOTE4MzUzNg==	17	22	20	20	20	-1	-1	-1	-1	-1	-1	-1	-1	-1	-1	-1	-1	-1	-1	-1	-1	-1	-1	-1	-1	-1	-1	-1	-1	-1
XMTQwOTM2NTA4MA==	15	15	15	-1	-1	-1	-1	-1	-1	-1	-1	-1	-1	-1	-1	-1	-1	-1	-1	-1	-1	-1	-1	-1	-1	-1	-1	-1	-1	-1
XMTQwOTU0NzI1Ng==	683	722	693	690	690	694	702	709	711	711	713	716	717	719	722	722	725	728	728	728	729	731	738	743	748	750	753	-1	-1	-1
XMTQwOTQxMTIyMA==	17	21	24	28	33	33	41	43	46	48	52	-1	-1	-1	-1	-1	-1	-1	-1	-1	-1	-1	-1	-1	-1	-1	-1	-1	-1	-1
XMTQwOTk1MjQxNg==	114	256	-1	-1	-1	-1	-1	-1	-1	-1	-1	-1	-1	-1	-1	-1	-1	-1	-1	-1	-1	-1	-1	-1	-1	-1	-1	-1	-1	-1
XMTQwOTU5MzQyNA==	66	111	114	-1	-1	-1	-1	-1	-1	-1	-1	-1	-1	-1	-1	-1	-1	-1	-1	-1	-1	-1	-1	-1	-1	-1	-1	-1	-1	-1
XMTQwOTg4OTgzMg==	3	3	3	3	3	3	3	3	3	3	3	-1	-1	-1	-1	-1	-1	-1	-1	-1	-1	-1	-1	-1	-1	-1	-1	-1	-1	-1
XMTQwOTkxNDkyMA==	15	20	24	21	21	20	20	21	21	21	21	21	21	22	22	22	22	22	22	23	23	23	23	23	23	23	23	23	-1	-1
XMTQwOTU3NTcyOA==	62	79	85	88	91	90	93	95	96	98	101	-1	-1	-1	-1	-1	-1	-1	-1	-1	-1	-1	-1	-1	-1	-1	-1	-1	-1	-1
XMTQxMDA5NTE0OA==	13	15	17	20	19	19	-1	-1	-1	-1	-1	-1	-1	-1	-1	-1	-1	-1	-1	-1	-1	-1	-1	-1	-1	-1	-1	-1	-1	-1
XMTQwOTY2MDIwNA==	4	6	6	6	-1	-1	-1	-1	-1	-1	-1	-1	-1	-1	-1	-1	-1	-1	-1	-1	-1	-1	-1	-1	-1	-1	-1	-1	-1	-1
XMTQwOTI0Nzk3Ng==	349	371	359	364	364	368	367	-1	-1	-1	-1	-1	-1	-1	-1	-1	-1	-1	-1	-1	-1	-1	-1	-1	-1	-1	-1	-1	-1	-1
XMTQxMDI5NTA1Ng==	10	39	41	77	84	-1	-1	-1	-1	-1	-1	-1	-1	-1	-1	-1	-1	-1	-1	-1	-1	-1	-1	-1	-1	-1	-1	-1	-1	-1
XMTQwOTM0NzcwNA==	12	14	15	-1	-1	-1	-1	-1	-1	-1	-1	-1	-1	-1	-1	-1	-1	-1	-1	-1	-1	-1	-1	-1	-1	-1	-1	-1	-1	-1
XMTQxMDE1MDYxMg==	13	34	35	33	34	35	35	35	35	37	37	37	-1	-1	-1	-1	-1	-1	-1	-1	-1	-1	-1	-1	-1	-1	-1	-1	-1	-1
XMTQxMDEyMDI1Mg==	408	2571	5708	5726	5600	5429	5434	5441	5447	5455	5456	5458	5456	5457	5458	5459	5459	5459	5459	5460	5464	5466	5466	5467	5468	-1	-1	-1	-1	-1
XMTQwOTcwOTA5Ng==	15	26	30	32	32	-1	-1	-1	-1	-1	-1	-1	-1	-1	-1	-1	-1	-1	-1	-1	-1	-1	-1	-1	-1	-1	-1	-1	-1	-1
XMTQwOTgwMTc3Mg==	32	69	-1	-1	-1	-1	-1	-1	-1	-1	-1	-1	-1	-1	-1	-1	-1	-1	-1	-1	-1	-1	-1	-1	-1	-1	-1	-1	-1	-1
XMTQwODk4NjIxNg==	15	-1	-1	-1	-1	-1	-1	-1	-1	-1	-1	-1	-1	-1	-1	-1	-1	-1	-1	-1	-1	-1	-1	-1	-1	-1	-1	-1	-1	-1
XMTQwOTk3NTE2OA==	36913	263299	466202	599080	504414	-1	-1	-1	-1	-1	-1	-1	-1	-1	-1	-1	-1	-1	-1	-1	-1	-1	-1	-1	-1	-1	-1	-1	-1	-1
XMTQwOTE5MDM5Mg==	48	58	59	60	54	54	58	60	62	62	63	63	63	63	-1	-1	-1	-1	-1	-1	-1	-1	-1	-1	-1	-1	-1	-1	-1	-1
XMTQwOTcyNDk1Mg==	6	6	7	7	7	7	7	7	7	7	7	7	7	7	-1	-1	-1	-1	-1	-1	-1	-1	-1	-1	-1	-1	-1	-1	-1	-1
XMTQwOTU2NDM2MA==	38	55	61	51	50	-1	-1	-1	-1	-1	-1	-1	-1	-1	-1	-1	-1	-1	-1	-1	-1	-1	-1	-1	-1	-1	-1	-1	-1	-1
XMTQwOTQxODcxMg==	37	54	-1	-1	-1	-1	-1	-1	-1	-1	-1	-1	-1	-1	-1	-1	-1	-1	-1	-1	-1	-1	-1	-1	-1	-1	-1	-1	-1	-1
XMTQwOTkyODMyNA==	16	37	39	38	39	-1	-1	-1	-1	-1	-1	-1	-1	-1	-1	-1	-1	-1	-1	-1	-1	-1	-1	-1	-1	-1	-1	-1	-1	-1
XMTQwOTYxNzUwNA==	-1	-1	-1	-1	-1	-1	-1	-1	-1	-1	-1	-1	-1	-1	-1	-1	-1	-1	-1	-1	-1	-1	-1	-1	-1	-1	-1	-1	-1	-1
XMTQwOTc4NTcyMA==	2326	4792	6164	6781	7537	8110	10074	12313	13618	14518	14843	15149	15494	16328	17953	18262	18860	19322	19659	20005	20934	21991	22697	23181	23483	23501	-1	-1	-1	-1
XMTQwOTE5OTU1Mg==	243	309	366	418	462	483	515	531	-1	-1	-1	-1	-1	-1	-1	-1	-1	-1	-1	-1	-1	-1	-1	-1	-1	-1	-1	-1	-1	-1
XMTQxMDA0ODM0OA==	20	25	27	9	7	7	6	6	7	7	7	6	6	6	6	6	6	6	6	6	6	6	7	-1	-1	-1	-1	-1	-1	-1
XMTQwODgxOTU5Mg==	23	27	-1	-1	-1	-1	-1	-1	-1	-1	-1	-1	-1	-1	-1	-1	-1	-1	-1	-1	-1	-1	-1	-1	-1	-1	-1	-1	-1	-1
XMTQwOTMxNDYyMA==	18	-1	-1	-1	-1	-1	-1	-1	-1	-1	-1	-1	-1	-1	-1	-1	-1	-1	-1	-1	-1	-1	-1	-1	-1	-1	-1	-1	-1	-1
XMTQwOTI1NTg4OA==	24	30	28	34	35	35	35	36	36	36	36	36	36	36	37	38	38	39	40	40	40	40	40	41	41	-1	-1	-1	-1	-1
XMTQwOTk0MjkyNA==	1472	3778	4216	4282	4212	4219	4242	4270	4303	4333	4348	-1	-1	-1	-1	-1	-1	-1	-1	-1	-1	-1	-1	-1	-1	-1	-1	-1	-1	-1
XMTQxMDE0NTc5Mg==	41525	283576	487662	598673	494986	-1	-1	-1	-1	-1	-1	-1	-1	-1	-1	-1	-1	-1	-1	-1	-1	-1	-1	-1	-1	-1	-1	-1	-1	-1
XMTQwOTc0OTQxNg==	81	105	-1	-1	-1	-1	-1	-1	-1	-1	-1	-1	-1	-1	-1	-1	-1	-1	-1	-1	-1	-1	-1	-1	-1	-1	-1	-1	-1	-1
XMTQxMDAxMTI4MA==	7	15	20	19	21	-1	-1	-1	-1	-1	-1	-1	-1	-1	-1	-1	-1	-1	-1	-1	-1	-1	-1	-1	-1	-1	-1	-1	-1	-1
XMTQwOTUxNzU4OA==	69064	1063232	1474369	1475590	1409337	-1	-1	-1	-1	-1	-1	-1	-1	-1	-1	-1	-1	-1	-1	-1	-1	-1	-1	-1	-1	-1	-1	-1	-1	-1
XMTQxMDMwNDk4OA==	8	-1	-1	-1	-1	-1	-1	-1	-1	-1	-1	-1	-1	-1	-1	-1	-1	-1	-1	-1	-1	-1	-1	-1	-1	-1	-1	-1	-1	-1
XMTQwOTQ5MjQzNg==	581	643	676	714	738	762	782	815	846	874	903	916	934	957	-1	-1	-1	-1	-1	-1	-1	-1	-1	-1	-1	-1	-1	-1	-1	-1
XMTQwOTM4OTU4OA==	63	-1	-1	-1	-1	-1	-1	-1	-1	-1	-1	-1	-1	-1	-1	-1	-1	-1	-1	-1	-1	-1	-1	-1	-1	-1	-1	-1	-1	-1
XMTQwOTI0ODYwNA==	169	176	187	267	365	394	411	-1	-1	-1	-1	-1	-1	-1	-1	-1	-1	-1	-1	-1	-1	-1	-1	-1	-1	-1	-1	-1	-1	-1
XMTQwOTIzMTE0OA==	205	213	207	208	208	208	210	211	211	211	211	213	-1	-1	-1	-1	-1	-1	-1	-1	-1	-1	-1	-1	-1	-1	-1	-1	-1	-1
XMTQwOTE4NDU3Ng==	130	132	134	135	135	138	141	142	142	142	142	142	142	142	142	142	-1	-1	-1	-1	-1	-1	-1	-1	-1	-1	-1	-1	-1	-1
XMTQwOTcwNDAyMA==	9	10	11	12	13	13	13	-1	-1	-1	-1	-1	-1	-1	-1	-1	-1	-1	-1	-1	-1	-1	-1	-1	-1	-1	-1	-1	-1	-1
XMTQwOTc3NTE0NA==	9	11	11	7	9	9	9	9	9	10	10	10	10	10	10	10	10	10	-1	-1	-1	-1	-1	-1	-1	-1	-1	-1	-1	-1
XMTQwOTMxMTU2OA==	1258	1362	1365	1416	1493	1552	1625	1680	-1	-1	-1	-1	-1	-1	-1	-1	-1	-1	-1	-1	-1	-1	-1	-1	-1	-1	-1	-1	-1	-1
XMTQxMDIwNjQ1Mg==	966	1704	1899	1917	1947	1984	1997	2009	2025	2030	2030	2035	2040	2045	2050	2052	2059	2059	2062	2066	2068	-1	-1	-1	-1	-1	-1	-1	-1	-1
XMTQwOTY4Njc0OA==	146	176	179	180	180	182	182	183	184	184	185	185	185	185	185	185	186	186	-1	-1	-1	-1	-1	-1	-1	-1	-1	-1	-1	-1
XMTQwOTIwNzUwMA==	90	90	35	35	35	-1	-1	-1	-1	-1	-1	-1	-1	-1	-1	-1	-1	-1	-1	-1	-1	-1	-1	-1	-1	-1	-1	-1	-1	-1
XMTQwOTQ5NTQxMg==	17	18	16	15	16	18	19	19	19	19	-1	-1	-1	-1	-1	-1	-1	-1	-1	-1	-1	-1	-1	-1	-1	-1	-1	-1	-1	-1
XMTQxMDExNTAyNA==	2	2	2	2	2	-1	-1	-1	-1	-1	-1	-1	-1	-1	-1	-1	-1	-1	-1	-1	-1	-1	-1	-1	-1	-1	-1	-1	-1	-1
XMTQwODk5Nzc5Ng==	18	-1	-1	-1	-1	-1	-1	-1	-1	-1	-1	-1	-1	-1	-1	-1	-1	-1	-1	-1	-1	-1	-1	-1	-1	-1	-1	-1	-1	-1
XMTQwOTUwMzIyOA==	29	35	34	33	34	34	34	-1	-1	-1	-1	-1	-1	-1	-1	-1	-1	-1	-1	-1	-1	-1	-1	-1	-1	-1	-1	-1	-1	-1
XMTQxMDA4MjU5Ng==	59	143	165	215	251	716	1150	1260	1259	1271	1274	1296	1307	1320	1324	1324	1323	-1	-1	-1	-1	-1	-1	-1	-1	-1	-1	-1	-1	-1
XMTQxMDE2NDcwOA==	5395	5427	5441	5446	5449	5452	5455	5458	5463	5463	5463	5463	5463	5464	5465	5465	5466	5467	5468	-1	-1	-1	-1	-1	-1	-1	-1	-1	-1	-1
XMTQwOTY5NDYzNg==	6	7	9	8	9	9	9	9	9	9	9	9	9	9	-1	-1	-1	-1	-1	-1	-1	-1	-1	-1	-1	-1	-1	-1	-1	-1
XMTQwOTY3MTEzNg==	44	124	171	180	183	196	208	215	223	245	254	258	257	262	270	271	281	289	298	302	-1	-1	-1	-1	-1	-1	-1	-1	-1	-1
XMTQwOTkxMzQ4MA==	76	178	187	194	197	198	203	214	227	231	236	238	238	239	240	240	241	244	245	-1	-1	-1	-1	-1	-1	-1	-1	-1	-1	-1
XMTQwOTI2MzMyMA==	361	434	-1	-1	-1	-1	-1	-1	-1	-1	-1	-1	-1	-1	-1	-1	-1	-1	-1	-1	-1	-1	-1	-1	-1	-1	-1	-1	-1	-1
XMTQwOTg4MjAwNA==	12	17	21	19	19	18	18	18	18	18	18	18	18	18	18	18	18	18	18	18	18	18	18	-1	-1	-1	-1	-1	-1	-1
XMTQwOTUwMTkwMA==	17	28	32	31	30	30	33	34	35	35	35	36	38	38	39	40	-1	-1	-1	-1	-1	-1	-1	-1	-1	-1	-1	-1	-1	-1
XMTQwOTcxNTM5Mg==	7	9	10	8	8	8	-1	-1	-1	-1	-1	-1	-1	-1	-1	-1	-1	-1	-1	-1	-1	-1	-1	-1	-1	-1	-1	-1	-1	-1
XMTQwOTg3NzE4NA==	81	88	89	88	88	88	89	89	89	89	89	89	-1	-1	-1	-1	-1	-1	-1	-1	-1	-1	-1	-1	-1	-1	-1	-1	-1	-1
XMTQwOTMyMTA2MA==	56	90	116	128	146	165	175	187	194	208	212	219	223	226	-1	-1	-1	-1	-1	-1	-1	-1	-1	-1	-1	-1	-1	-1	-1	-1
XMTQwOTc2NTIyOA==	14	19	20	20	19	19	19	19	19	19	19	19	19	19	-1	-1	-1	-1	-1	-1	-1	-1	-1	-1	-1	-1	-1	-1	-1	-1
XMTQwOTk4ODkwNA==	6	7	8	6	5	5	5	5	5	5	5	5	5	-1	-1	-1	-1	-1	-1	-1	-1	-1	-1	-1	-1	-1	-1	-1	-1	-1
XMTQwOTI0NjEzMg==	107	110	111	114	114	114	115	115	115	115	116	120	127	133	136	136	-1	-1	-1	-1	-1	-1	-1	-1	-1	-1	-1	-1	-1	-1
XMTQwOTY5NDg0OA==	14	25	27	28	32	32	32	39	51	68	69	70	71	73	74	74	74	73	73	-1	-1	-1	-1	-1	-1	-1	-1	-1	-1	-1
XMTQwODg4MDk2NA==	286	317	339	369	400	418	429	440	456	463	-1	-1	-1	-1	-1	-1	-1	-1	-1	-1	-1	-1	-1	-1	-1	-1	-1	-1	-1	-1
XMTQwOTc5MjE2NA==	26	39	40	39	-1	-1	-1	-1	-1	-1	-1	-1	-1	-1	-1	-1	-1	-1	-1	-1	-1	-1	-1	-1	-1	-1	-1	-1	-1	-1
XMTQwOTM5MzQ2MA==	92	-1	-1	-1	-1	-1	-1	-1	-1	-1	-1	-1	-1	-1	-1	-1	-1	-1	-1	-1	-1	-1	-1	-1	-1	-1	-1	-1	-1	-1
XMTQxMDE5MzA2OA==	4	-1	-1	-1	-1	-1	-1	-1	-1	-1	-1	-1	-1	-1	-1	-1	-1	-1	-1	-1	-1	-1	-1	-1	-1	-1	-1	-1	-1	-1
XMTQwOTMxMzYwMA==	3	-1	-1	-1	-1	-1	-1	-1	-1	-1	-1	-1	-1	-1	-1	-1	-1	-1	-1	-1	-1	-1	-1	-1	-1	-1	-1	-1	-1	-1
XMTQxMDIzNDU3Mg==	1190	2898	3626	3972	4134	4283	4353	4485	4557	4620	4665	4687	4741	4791	4864	4873	4898	4936	4957	-1	-1	-1	-1	-1	-1	-1	-1	-1	-1	-1
XMTQwOTg1ODA4NA==	11	16	16	16	20	27	29	30	-1	-1	-1	-1	-1	-1	-1	-1	-1	-1	-1	-1	-1	-1	-1	-1	-1	-1	-1	-1	-1	-1
XMTQwOTEzNjA2OA==	41	47	48	51	54	55	55	61	62	65	69	72	76	77	-1	-1	-1	-1	-1	-1	-1	-1	-1	-1	-1	-1	-1	-1	-1	-1
XMTQwOTI5NDA0NA==	38	45	45	46	46	45	-1	-1	-1	-1	-1	-1	-1	-1	-1	-1	-1	-1	-1	-1	-1	-1	-1	-1	-1	-1	-1	-1	-1	-1
XMTQwOTQ2NjkyOA==	15	17	17	17	17	17	17	17	17	18	19	19	19	19	19	19	19	19	20	20	21	21	21	21	21	21	21	22	-1	-1
XMTQwOTU0NTIyNA==	522	567	566	559	564	565	568	570	575	577	577	577	578	580	581	581	584	585	585	586	586	586	588	589	589	589	589	-1	-1	-1
XMTQwOTUyNzcwOA==	148	162	169	173	178	180	181	190	189	191	193	194	196	196	198	199	200	207	-1	-1	-1	-1	-1	-1	-1	-1	-1	-1	-1	-1
XMTQwOTg4OTI4NA==	976	-1	-1	-1	-1	-1	-1	-1	-1	-1	-1	-1	-1	-1	-1	-1	-1	-1	-1	-1	-1	-1	-1	-1	-1	-1	-1	-1	-1	-1
XMTQwOTU3OTk4MA==	-1	-1	-1	-1	-1	-1	-1	-1	-1	-1	-1	-1	-1	-1	-1	-1	-1	-1	-1	-1	-1	-1	-1	-1	-1	-1	-1	-1	-1	-1
XMTQwOTEwOTE4NA==	36	37	36	-1	-1	-1	-1	-1	-1	-1	-1	-1	-1	-1	-1	-1	-1	-1	-1	-1	-1	-1	-1	-1	-1	-1	-1	-1	-1	-1
XMTQwOTQ0MzU2MA==	228	261	-1	-1	-1	-1	-1	-1	-1	-1	-1	-1	-1	-1	-1	-1	-1	-1	-1	-1	-1	-1	-1	-1	-1	-1	-1	-1	-1	-1
XMTQwOTg1NTcxNg==	11	12	14	15	15	15	15	15	15	15	-1	-1	-1	-1	-1	-1	-1	-1	-1	-1	-1	-1	-1	-1	-1	-1	-1	-1	-1	-1
XMTQwOTIyMzMxMg==	574	681	789	864	930	992	1077	1181	-1	-1	-1	-1	-1	-1	-1	-1	-1	-1	-1	-1	-1	-1	-1	-1	-1	-1	-1	-1	-1	-1
XMTQwOTIyNTQ4MA==	89	101	105	113	116	-1	-1	-1	-1	-1	-1	-1	-1	-1	-1	-1	-1	-1	-1	-1	-1	-1	-1	-1	-1	-1	-1	-1	-1	-1
XMTQxMDE3Njg0MA==	8	30	62	79	83	94	-1	-1	-1	-1	-1	-1	-1	-1	-1	-1	-1	-1	-1	-1	-1	-1	-1	-1	-1	-1	-1	-1	-1	-1
XMTQwOTIyMzQ0MA==	146	174	192	200	210	221	247	250	258	263	266	273	293	313	328	329	340	344	356	360	364	-1	-1	-1	-1	-1	-1	-1	-1	-1
XMTQxMDE1MDQ4NA==	14	35	81	135	146	150	161	163	163	163	163	163	-1	-1	-1	-1	-1	-1	-1	-1	-1	-1	-1	-1	-1	-1	-1	-1	-1	-1
XMTQwOTUzMjIwMA==	116	117	120	118	123	123	-1	-1	-1	-1	-1	-1	-1	-1	-1	-1	-1	-1	-1	-1	-1	-1	-1	-1	-1	-1	-1	-1	-1	-1
XMTQwOTcxMDE3Mg==	96	151	176	196	338	359	371	377	381	384	536	572	581	583	591	598	601	628	631	639	-1	-1	-1	-1	-1	-1	-1	-1	-1	-1
XMTQwOTEzNzc2MA==	32	40	42	43	44	46	46	46	47	47	51	53	54	55	57	57	59	59	59	60	-1	-1	-1	-1	-1	-1	-1	-1	-1	-1
XMTQwOTUwNzg2MA==	10	-1	-1	-1	-1	-1	-1	-1	-1	-1	-1	-1	-1	-1	-1	-1	-1	-1	-1	-1	-1	-1	-1	-1	-1	-1	-1	-1	-1	-1
XMTQwOTkyOTQ2MA==	13	13	13	13	13	13	14	15	16	16	16	16	-1	-1	-1	-1	-1	-1	-1	-1	-1	-1	-1	-1	-1	-1	-1	-1	-1	-1
XMTQwOTI1OTg0NA==	12	12	17	18	19	-1	-1	-1	-1	-1	-1	-1	-1	-1	-1	-1	-1	-1	-1	-1	-1	-1	-1	-1	-1	-1	-1	-1	-1	-1
XMTQwOTQ4Mjc2OA==	158	179	197	203	210	216	221	249	274	279	284	285	286	295	313	321	338	348	351	355	356	-1	-1	-1	-1	-1	-1	-1	-1	-1
XMTQxMDAzMTUxMg==	20	58	-1	-1	-1	-1	-1	-1	-1	-1	-1	-1	-1	-1	-1	-1	-1	-1	-1	-1	-1	-1	-1	-1	-1	-1	-1	-1	-1	-1
XMTQwOTAzODE3Ng==	13	13	12	12	12	-1	-1	-1	-1	-1	-1	-1	-1	-1	-1	-1	-1	-1	-1	-1	-1	-1	-1	-1	-1	-1	-1	-1	-1	-1
XMTQwOTUxODQ0NA==	115	131	130	135	137	145	147	147	152	153	156	156	157	155	163	164	167	170	172	174	174	176	180	183	184	184	185	189	194	-1
XMTQwOTE4MjkwNA==	49	576	977	1012	1036	1052	1065	1091	1227	1450	1468	1486	1534	1549	1556	1564	1567	-1	-1	-1	-1	-1	-1	-1	-1	-1	-1	-1	-1	-1
XMTQwOTI5NjAyOA==	-1	-1	-1	-1	-1	-1	-1	-1	-1	-1	-1	-1	-1	-1	-1	-1	-1	-1	-1	-1	-1	-1	-1	-1	-1	-1	-1	-1	-1	-1
XMTQwOTE5NzI5Ng==	18	18	18	18	20	20	20	20	-1	-1	-1	-1	-1	-1	-1	-1	-1	-1	-1	-1	-1	-1	-1	-1	-1	-1	-1	-1	-1	-1
XMTQxMDE2ODc0NA==	5	22	39	68	70	73	-1	-1	-1	-1	-1	-1	-1	-1	-1	-1	-1	-1	-1	-1	-1	-1	-1	-1	-1	-1	-1	-1	-1	-1
XMTQxMDE0NTA2OA==	2	-1	-1	-1	-1	-1	-1	-1	-1	-1	-1	-1	-1	-1	-1	-1	-1	-1	-1	-1	-1	-1	-1	-1	-1	-1	-1	-1	-1	-1
XMTQxMDE3MDA3Ng==	23	27	-1	-1	-1	-1	-1	-1	-1	-1	-1	-1	-1	-1	-1	-1	-1	-1	-1	-1	-1	-1	-1	-1	-1	-1	-1	-1	-1	-1
XMTQwOTcwMzgwNA==	18	44	53	-1	-1	-1	-1	-1	-1	-1	-1	-1	-1	-1	-1	-1	-1	-1	-1	-1	-1	-1	-1	-1	-1	-1	-1	-1	-1	-1
XMTQwOTQxNjYyOA==	404	438	430	429	429	428	428	428	428	428	428	428	428	428	428	428	428	428	428	428	428	428	428	428	428	428	-1	-1	-1	-1
XMTQxMDE4OTk4MA==	97	160	-1	-1	-1	-1	-1	-1	-1	-1	-1	-1	-1	-1	-1	-1	-1	-1	-1	-1	-1	-1	-1	-1	-1	-1	-1	-1	-1	-1
XMTQwOTkyOTc2OA==	22	45	50	48	48	49	50	50	51	-1	-1	-1	-1	-1	-1	-1	-1	-1	-1	-1	-1	-1	-1	-1	-1	-1	-1	-1	-1	-1
XMTQwOTM5OTg0NA==	57	61	61	61	65	66	66	66	66	-1	-1	-1	-1	-1	-1	-1	-1	-1	-1	-1	-1	-1	-1	-1	-1	-1	-1	-1	-1	-1
XMTQwOTA4NDcwOA==	2	-1	-1	-1	-1	-1	-1	-1	-1	-1	-1	-1	-1	-1	-1	-1	-1	-1	-1	-1	-1	-1	-1	-1	-1	-1	-1	-1	-1	-1
XMTQwOTM2OTg1Ng==	4	6	6	6	6	-1	-1	-1	-1	-1	-1	-1	-1	-1	-1	-1	-1	-1	-1	-1	-1	-1	-1	-1	-1	-1	-1	-1	-1	-1
XMTQwOTE1MDY4OA==	24	23	19	17	18	18	18	18	18	19	19	19	19	19	19	19	19	19	19	19	19	19	19	19	19	-1	-1	-1	-1	-1
XMTQwOTgwNzU0OA==	152	299	309	288	282	286	289	289	296	296	297	298	298	298	-1	-1	-1	-1	-1	-1	-1	-1	-1	-1	-1	-1	-1	-1	-1	-1
XMTQwOTI4NTU1Ng==	119	122	114	110	110	111	113	114	121	121	124	120	-1	-1	-1	-1	-1	-1	-1	-1	-1	-1	-1	-1	-1	-1	-1	-1	-1	-1
XMTQwOTQ4NDcyOA==	19	22	23	22	-1	-1	-1	-1	-1	-1	-1	-1	-1	-1	-1	-1	-1	-1	-1	-1	-1	-1	-1	-1	-1	-1	-1	-1	-1	-1
XMTQwOTU0NTQ1Mg==	603	779	864	914	981	-1	-1	-1	-1	-1	-1	-1	-1	-1	-1	-1	-1	-1	-1	-1	-1	-1	-1	-1	-1	-1	-1	-1	-1	-1
XMTQxMDA3NzQ1Ng==	14	45	70	144	174	220	255	276	296	306	313	320	324	329	331	331	331	-1	-1	-1	-1	-1	-1	-1	-1	-1	-1	-1	-1	-1
XMTQwOTQ2NDYyNA==	166	173	173	173	177	181	182	178	180	180	180	180	180	181	184	184	184	184	184	184	184	185	-1	-1	-1	-1	-1	-1	-1	-1
XMTQwOTcxMTUwOA==	3	6	8	8	8	7	7	7	7	7	7	7	7	7	-1	-1	-1	-1	-1	-1	-1	-1	-1	-1	-1	-1	-1	-1	-1	-1
XMTQwOTEwMDAyMA==	90	129	173	195	223	246	260	277	306	341	368	404	432	454	-1	-1	-1	-1	-1	-1	-1	-1	-1	-1	-1	-1	-1	-1	-1	-1
XMTQxMDMwNTg0MA==	17501	18465	18901	2421	2435	2442	2457	2468	2500	2526	2534	2538	2554	2561	2571	2582	2595	2618	2638	2645	2653	2676	2704	2727	2730	-1	2731	2737	2743	2753
XMTQxMDE0NjA5Mg==	1	3	6	6	6	6	7	7	7	7	7	7	7	7	7	7	-1	-1	-1	-1	-1	-1	-1	-1	-1	-1	-1	-1	-1	-1
XMTQxMDA0NDAzMg==	5	5	5	5	5	5	5	5	5	5	5	5	5	5	5	5	5	5	5	5	5	5	5	5	5	5	-1	-1	-1	-1
XMTQwOTc5MzY4NA==	57	93	98	96	-1	-1	-1	-1	-1	-1	-1	-1	-1	-1	-1	-1	-1	-1	-1	-1	-1	-1	-1	-1	-1	-1	-1	-1	-1	-1
XMTQwOTQzODU2NA==	2	2	2	2	2	2	2	2	2	2	2	2	2	2	2	2	2	2	2	2	2	2	2	2	2	2	3	-1	-1	-1
XMTQxMDEyNDU3Ng==	42	78	82	82	83	82	82	82	82	-1	-1	-1	-1	-1	-1	-1	-1	-1	-1	-1	-1	-1	-1	-1	-1	-1	-1	-1	-1	-1
XMTQxMDE2MDk1Ng==	26	43	48	48	48	48	-1	-1	-1	-1	-1	-1	-1	-1	-1	-1	-1	-1	-1	-1	-1	-1	-1	-1	-1	-1	-1	-1	-1	-1
XMTQwOTYzOTI1Ng==	51	129	-1	-1	-1	-1	-1	-1	-1	-1	-1	-1	-1	-1	-1	-1	-1	-1	-1	-1	-1	-1	-1	-1	-1	-1	-1	-1	-1	-1
XMTQwOTU2NTIwNA==	10	10	11	11	12	12	12	12	12	12	12	12	12	12	-1	-1	-1	-1	-1	-1	-1	-1	-1	-1	-1	-1	-1	-1	-1	-1
XMTQwODk1MDk0NA==	135	-1	-1	-1	-1	-1	-1	-1	-1	-1	-1	-1	-1	-1	-1	-1	-1	-1	-1	-1	-1	-1	-1	-1	-1	-1	-1	-1	-1	-1
XMTQwOTg4MDQ3Ng==	33	44	49	48	50	50	50	51	51	51	54	54	54	54	54	54	-1	-1	-1	-1	-1	-1	-1	-1	-1	-1	-1	-1	-1	-1
XMTQwOTE4MzcxNg==	10	11	9	8	-1	-1	-1	-1	-1	-1	-1	-1	-1	-1	-1	-1	-1	-1	-1	-1	-1	-1	-1	-1	-1	-1	-1	-1	-1	-1
XMTQxMDEzMjI2NA==	55	-1	-1	-1	-1	-1	-1	-1	-1	-1	-1	-1	-1	-1	-1	-1	-1	-1	-1	-1	-1	-1	-1	-1	-1	-1	-1	-1	-1	-1
XMTQxMDE4NjE2MA==	12573	14445	14812	3959	3939	3968	3993	4056	4121	4171	4193	4216	4242	4280	4374	4400	4453	4552	4633	4660	4734	4967	5245	5375	5388	-1	5386	5400	5440	5521
XMTQwOTEwMjEwMA==	10	10	7	7	-1	-1	-1	-1	-1	-1	-1	-1	-1	-1	-1	-1	-1	-1	-1	-1	-1	-1	-1	-1	-1	-1	-1	-1	-1	-1
XMTQwOTY5MDAxMg==	5	6	7	7	8	8	8	8	9	9	9	9	9	9	-1	-1	-1	-1	-1	-1	-1	-1	-1	-1	-1	-1	-1	-1	-1	-1
XMTQxMDE0MzA0OA==	6	-1	-1	-1	-1	-1	-1	-1	-1	-1	-1	-1	-1	-1	-1	-1	-1	-1	-1	-1	-1	-1	-1	-1	-1	-1	-1	-1	-1	-1
XMTQwOTc0MDg4NA==	15	19	22	23	23	25	26	27	24	24	24	28	30	33	34	35	38	38	38	37	-1	-1	-1	-1	-1	-1	-1	-1	-1	-1
XMTQxMDE5MjYyNA==	2	2	2	3	3	3	3	3	3	3	3	-1	-1	-1	-1	-1	-1	-1	-1	-1	-1	-1	-1	-1	-1	-1	-1	-1	-1	-1
XMTQxMDEzMjM1Ng==	2	3	7	6	6	5	6	6	7	7	6	6	6	6	7	7	-1	-1	-1	-1	-1	-1	-1	-1	-1	-1	-1	-1	-1	-1
XMTQwOTY4OTIxMg==	7	9	12	12	13	16	16	16	17	18	20	20	20	-1	-1	-1	-1	-1	-1	-1	-1	-1	-1	-1	-1	-1	-1	-1	-1	-1
XMTQwOTQ0OTIwNA==	777	802	-1	-1	-1	-1	-1	-1	-1	-1	-1	-1	-1	-1	-1	-1	-1	-1	-1	-1	-1	-1	-1	-1	-1	-1	-1	-1	-1	-1
XMTQwODk4NTc4NA==	139	-1	-1	-1	-1	-1	-1	-1	-1	-1	-1	-1	-1	-1	-1	-1	-1	-1	-1	-1	-1	-1	-1	-1	-1	-1	-1	-1	-1	-1
XMTQwOTQ0NDUwMA==	198	240	267	276	301	324	330	337	-1	-1	-1	-1	-1	-1	-1	-1	-1	-1	-1	-1	-1	-1	-1	-1	-1	-1	-1	-1	-1	-1
XMTQxMDIwODY0MA==	43	144	150	-1	-1	-1	-1	-1	-1	-1	-1	-1	-1	-1	-1	-1	-1	-1	-1	-1	-1	-1	-1	-1	-1	-1	-1	-1	-1	-1
XMTQxMDE0OTk3Ng==	3	8	9	9	9	9	9	9	9	9	9	9	10	10	10	10	10	10	10	10	10	10	10	10	10	10	-1	-1	-1	-1
XMTQxMDE4MzU1Ng==	2	3	3	3	3	3	3	-1	-1	-1	-1	-1	-1	-1	-1	-1	-1	-1	-1	-1	-1	-1	-1	-1	-1	-1	-1	-1	-1	-1
XMTQwOTcyNjY1Ng==	6	8	8	7	7	7	7	7	8	8	8	8	8	8	-1	-1	-1	-1	-1	-1	-1	-1	-1	-1	-1	-1	-1	-1	-1	-1
XMTQwOTAwNDEyNA==	117	128	142	157	173	183	198	202	203	208	211	212	-1	-1	-1	-1	-1	-1	-1	-1	-1	-1	-1	-1	-1	-1	-1	-1	-1	-1
XMTQxMDA3MTI0MA==	8	-1	-1	-1	-1	-1	-1	-1	-1	-1	-1	-1	-1	-1	-1	-1	-1	-1	-1	-1	-1	-1	-1	-1	-1	-1	-1	-1	-1	-1
XMTQwOTY5OTc1Ng==	23	40	48	49	48	47	51	53	60	62	62	62	62	66	-1	-1	-1	-1	-1	-1	-1	-1	-1	-1	-1	-1	-1	-1	-1	-1
XMTQwOTY1OTI5Mg==	5	12	16	-1	-1	-1	-1	-1	-1	-1	-1	-1	-1	-1	-1	-1	-1	-1	-1	-1	-1	-1	-1	-1	-1	-1	-1	-1	-1	-1
XMTQwOTI5ODAyOA==	688	723	712	724	732	741	748	750	-1	-1	-1	-1	-1	-1	-1	-1	-1	-1	-1	-1	-1	-1	-1	-1	-1	-1	-1	-1	-1	-1
XMTQwOTQwNjEwOA==	358	376	407	425	439	439	442	447	449	451	454	457	462	465	468	468	469	469	469	471	474	-1	-1	-1	-1	-1	-1	-1	-1	-1
XMTQwOTM1MTM3Ng==	177	497	817	853	857	882	909	924	950	972	986	-1	-1	-1	-1	-1	-1	-1	-1	-1	-1	-1	-1	-1	-1	-1	-1	-1	-1	-1
XMTQwOTMwNDcxNg==	899	1093	1108	1125	1133	1140	1151	1170	1197	-1	-1	-1	-1	-1	-1	-1	-1	-1	-1	-1	-1	-1	-1	-1	-1	-1	-1	-1	-1	-1
XMTQxMDEzNzcxNg==	3	6	6	6	6	6	6	6	6	-1	-1	-1	-1	-1	-1	-1	-1	-1	-1	-1	-1	-1	-1	-1	-1	-1	-1	-1	-1	-1
XMTQwOTM2Mzg1Mg==	47150	122971	183950	275087	301303	-1	-1	-1	-1	-1	-1	-1	-1	-1	-1	-1	-1	-1	-1	-1	-1	-1	-1	-1	-1	-1	-1	-1	-1	-1
XMTQwNTg5MDY0OA==	25	41	54	59	-1	-1	-1	-1	-1	-1	-1	-1	-1	-1	-1	-1	-1	-1	-1	-1	-1	-1	-1	-1	-1	-1	-1	-1	-1	-1
XMTQwOTc1NTc0NA==	2382	4325	5350	-1	-1	-1	-1	-1	-1	-1	-1	-1	-1	-1	-1	-1	-1	-1	-1	-1	-1	-1	-1	-1	-1	-1	-1	-1	-1	-1
XMTQwOTgxODA5Mg==	10	-1	-1	-1	-1	-1	-1	-1	-1	-1	-1	-1	-1	-1	-1	-1	-1	-1	-1	-1	-1	-1	-1	-1	-1	-1	-1	-1	-1	-1
XMTQwOTExNzIxMg==	283	290	-1	-1	-1	-1	-1	-1	-1	-1	-1	-1	-1	-1	-1	-1	-1	-1	-1	-1	-1	-1	-1	-1	-1	-1	-1	-1	-1	-1
XMTQxMDA5OTUxMg==	8	11	11	13	-1	-1	-1	-1	-1	-1	-1	-1	-1	-1	-1	-1	-1	-1	-1	-1	-1	-1	-1	-1	-1	-1	-1	-1	-1	-1
XMTQxMDMyMjE0OA==	1	-1	-1	-1	-1	-1	-1	-1	-1	-1	-1	-1	-1	-1	-1	-1	-1	-1	-1	-1	-1	-1	-1	-1	-1	-1	-1	-1	-1	-1
XMTQwOTQzOTA0NA==	21	23	22	-1	-1	-1	-1	-1	-1	-1	-1	-1	-1	-1	-1	-1	-1	-1	-1	-1	-1	-1	-1	-1	-1	-1	-1	-1	-1	-1
XMTQwOTQzODY0MA==	44	59	64	64	64	65	68	70	-1	-1	-1	-1	-1	-1	-1	-1	-1	-1	-1	-1	-1	-1	-1	-1	-1	-1	-1	-1	-1	-1
XMTQwOTMyNjAzMg==	338	-1	-1	-1	-1	-1	-1	-1	-1	-1	-1	-1	-1	-1	-1	-1	-1	-1	-1	-1	-1	-1	-1	-1	-1	-1	-1	-1	-1	-1
XMTQwOTc0NTE5Ng==	12	22	31	29	29	30	31	31	33	35	35	36	36	36	37	37	37	37	37	37	37	-1	-1	-1	-1	-1	-1	-1	-1	-1
XMTQwOTI2NzY4OA==	8	9	7	5	5	5	-1	-1	-1	-1	-1	-1	-1	-1	-1	-1	-1	-1	-1	-1	-1	-1	-1	-1	-1	-1	-1	-1	-1	-1
XMTQwODk0MDg4MA==	6	9	10	-1	-1	-1	-1	-1	-1	-1	-1	-1	-1	-1	-1	-1	-1	-1	-1	-1	-1	-1	-1	-1	-1	-1	-1	-1	-1	-1
XMTQwOTE2MjEyOA==	116	147	165	173	188	196	-1	-1	-1	-1	-1	-1	-1	-1	-1	-1	-1	-1	-1	-1	-1	-1	-1	-1	-1	-1	-1	-1	-1	-1
XMTQwOTgyOTk1Ng==	152	379	384	385	367	369	374	376	378	378	379	380	380	381	381	381	382	382	382	382	383	383	383	383	383	384	384	-1	-1	-1
XMTQwODg4NjI3Mg==	11	11	11	11	11	9	9	9	9	9	9	9	9	9	9	9	9	9	9	-1	-1	-1	-1	-1	-1	-1	-1	-1	-1	-1
XMTQwOTYxOTI1Mg==	11	11	11	8	-1	-1	-1	-1	-1	-1	-1	-1	-1	-1	-1	-1	-1	-1	-1	-1	-1	-1	-1	-1	-1	-1	-1	-1	-1	-1
XMTQwOTUyMjY4OA==	-1	-1	-1	-1	-1	-1	-1	-1	-1	-1	-1	-1	-1	-1	-1	-1	-1	-1	-1	-1	-1	-1	-1	-1	-1	-1	-1	-1	-1	-1
XMTQwOTcwNDA0MA==	2	4	4	5	5	5	5	5	5	10	10	10	10	10	-1	-1	-1	-1	-1	-1	-1	-1	-1	-1	-1	-1	-1	-1	-1	-1
XMTQwOTM1ODM3Mg==	79	113	126	136	139	-1	-1	-1	-1	-1	-1	-1	-1	-1	-1	-1	-1	-1	-1	-1	-1	-1	-1	-1	-1	-1	-1	-1	-1	-1
XMTQwOTQ0MzI5Mg==	13207	14960	15379	-1	-1	-1	-1	-1	-1	-1	-1	-1	-1	-1	-1	-1	-1	-1	-1	-1	-1	-1	-1	-1	-1	-1	-1	-1	-1	-1
XMTQxMDA0NjU2MA==	10	12	13	13	11	11	12	12	12	-1	-1	-1	-1	-1	-1	-1	-1	-1	-1	-1	-1	-1	-1	-1	-1	-1	-1	-1	-1	-1
XMTQwOTIzNDYxMg==	144	155	158	157	157	157	158	158	158	159	159	159	-1	-1	-1	-1	-1	-1	-1	-1	-1	-1	-1	-1	-1	-1	-1	-1	-1	-1
XMTQwOTIzMTU0MA==	340	389	383	384	385	388	396	398	-1	-1	-1	-1	-1	-1	-1	-1	-1	-1	-1	-1	-1	-1	-1	-1	-1	-1	-1	-1	-1	-1
XMTQwOTI3MDIzNg==	149	171	185	202	212	217	218	220	-1	-1	-1	-1	-1	-1	-1	-1	-1	-1	-1	-1	-1	-1	-1	-1	-1	-1	-1	-1	-1	-1
XMTQwOTI3MDk2NA==	2	2	3	3	4	4	4	-1	-1	-1	-1	-1	-1	-1	-1	-1	-1	-1	-1	-1	-1	-1	-1	-1	-1	-1	-1	-1	-1	-1
XMTQwODAzOTU5Ng==	88	116	135	229	357	383	389	394	-1	-1	-1	-1	-1	-1	-1	-1	-1	-1	-1	-1	-1	-1	-1	-1	-1	-1	-1	-1	-1	-1
XMTQxMDE4OTgwOA==	6	12	-1	-1	-1	-1	-1	-1	-1	-1	-1	-1	-1	-1	-1	-1	-1	-1	-1	-1	-1	-1	-1	-1	-1	-1	-1	-1	-1	-1
XMTQwOTIwNDE1Mg==	28	29	32	34	35	36	36	39	40	42	45	-1	-1	-1	-1	-1	-1	-1	-1	-1	-1	-1	-1	-1	-1	-1	-1	-1	-1	-1
XMTQxMDA3MjMzNg==	9	-1	-1	-1	-1	-1	-1	-1	-1	-1	-1	-1	-1	-1	-1	-1	-1	-1	-1	-1	-1	-1	-1	-1	-1	-1	-1	-1	-1	-1
XMTQwODY5NjgxMg==	23	31	32	35	37	38	38	38	39	39	39	39	40	40	41	41	-1	-1	-1	-1	-1	-1	-1	-1	-1	-1	-1	-1	-1	-1
XMTQwOTQ4NjQ2OA==	482	589	626	-1	-1	-1	-1	-1	-1	-1	-1	-1	-1	-1	-1	-1	-1	-1	-1	-1	-1	-1	-1	-1	-1	-1	-1	-1	-1	-1
XMTQxMDAwOTIyNA==	29	40	92	107	114	-1	-1	-1	-1	-1	-1	-1	-1	-1	-1	-1	-1	-1	-1	-1	-1	-1	-1	-1	-1	-1	-1	-1	-1	-1
XMTQwOTI2NDAzNg==	218	245	258	263	293	307	327	333	-1	-1	-1	-1	-1	-1	-1	-1	-1	-1	-1	-1	-1	-1	-1	-1	-1	-1	-1	-1	-1	-1
XMTQxMDIyODQyMA==	37345	263754	465792	596565	502695	-1	-1	-1	-1	-1	-1	-1	-1	-1	-1	-1	-1	-1	-1	-1	-1	-1	-1	-1	-1	-1	-1	-1	-1	-1
XMTQwOTUzODUwMA==	41	48	51	53	53	54	56	57	59	62	64	64	65	68	70	70	72	73	73	73	77	77	-1	-1	-1	-1	-1	-1	-1	-1
XMTQwOTUxODA1Ng==	-1	-1	-1	-1	-1	-1	-1	-1	-1	-1	-1	-1	-1	-1	-1	-1	-1	-1	-1	-1	-1	-1	-1	-1	-1	-1	-1	-1	-1	-1
XMTQxMDExMjA1Mg==	4	6	7	7	7	7	7	7	7	7	7	7	7	7	7	7	7	7	7	7	7	7	7	7	7	7	-1	-1	-1	-1
XMTQwOTg3MzU5Ng==	11	11	12	12	12	11	11	11	11	-1	-1	-1	-1	-1	-1	-1	-1	-1	-1	-1	-1	-1	-1	-1	-1	-1	-1	-1	-1	-1
XMTQwOTI5MzY5Ng==	54	68	77	81	86	96	105	113	118	130	131	-1	-1	-1	-1	-1	-1	-1	-1	-1	-1	-1	-1	-1	-1	-1	-1	-1	-1	-1
XMTQwOTM2MjY4OA==	129	151	157	170	181	-1	-1	-1	-1	-1	-1	-1	-1	-1	-1	-1	-1	-1	-1	-1	-1	-1	-1	-1	-1	-1	-1	-1	-1	-1
XMTQwOTgxNDA4MA==	97	185	197	202	209	310	353	355	-1	-1	-1	-1	-1	-1	-1	-1	-1	-1	-1	-1	-1	-1	-1	-1	-1	-1	-1	-1	-1	-1
XMTQwOTU2MTk3Ng==	18	19	18	17	18	18	19	-1	-1	-1	-1	-1	-1	-1	-1	-1	-1	-1	-1	-1	-1	-1	-1	-1	-1	-1	-1	-1	-1	-1
XMTQxMDAyNDkwNA==	10	-1	-1	-1	-1	-1	-1	-1	-1	-1	-1	-1	-1	-1	-1	-1	-1	-1	-1	-1	-1	-1	-1	-1	-1	-1	-1	-1	-1	-1
XMTQwOTY3NTk1Mg==	4	7	12	13	16	18	19	19	19	19	19	19	21	22	-1	-1	-1	-1	-1	-1	-1	-1	-1	-1	-1	-1	-1	-1	-1	-1
XMTQwOTQzMDc2NA==	1661	-1	-1	-1	-1	-1	-1	-1	-1	-1	-1	-1	-1	-1	-1	-1	-1	-1	-1	-1	-1	-1	-1	-1	-1	-1	-1	-1	-1	-1
XMTQwOTA4NjUzMg==	8	9	-1	-1	-1	-1	-1	-1	-1	-1	-1	-1	-1	-1	-1	-1	-1	-1	-1	-1	-1	-1	-1	-1	-1	-1	-1	-1	-1	-1
XMTQwOTM3NjQ0OA==	1591	1836	1838	1859	1871	1877	1881	1885	1895	-1	-1	-1	-1	-1	-1	-1	-1	-1	-1	-1	-1	-1	-1	-1	-1	-1	-1	-1	-1	-1
XMTQwOTQxNDg2MA==	38	43	43	41	42	42	42	42	-1	-1	-1	-1	-1	-1	-1	-1	-1	-1	-1	-1	-1	-1	-1	-1	-1	-1	-1	-1	-1	-1
XMTQwOTYzOTcwMA==	1012	2372	3031	3201	3347	3448	3510	3612	3759	3939	3997	4047	4106	4143	4251	4318	4453	4501	4533	4568	4646	4846	5060	5260	5324	5386	5458	-1	-1	-1
XMTQxMDE4ODc1Ng==	3	5	5	5	5	5	5	-1	-1	-1	-1	-1	-1	-1	-1	-1	-1	-1	-1	-1	-1	-1	-1	-1	-1	-1	-1	-1	-1	-1
XMTQwOTI1MzUzMg==	14	16	15	14	14	-1	-1	-1	-1	-1	-1	-1	-1	-1	-1	-1	-1	-1	-1	-1	-1	-1	-1	-1	-1	-1	-1	-1	-1	-1
XMTQxMDE2MTQ2MA==	2	2	2	2	2	2	-1	-1	-1	-1	-1	-1	-1	-1	-1	-1	-1	-1	-1	-1	-1	-1	-1	-1	-1	-1	-1	-1	-1	-1
XMTQwOTM2MzI4NA==	65	79	82	81	85	87	88	89	90	92	95	97	100	100	102	103	104	105	105	105	105	-1	-1	-1	-1	-1	-1	-1	-1	-1
XMTQwOTY4ODM3Mg==	9	12	14	11	9	9	9	9	9	9	9	9	9	9	9	9	-1	-1	-1	-1	-1	-1	-1	-1	-1	-1	-1	-1	-1	-1
XMTQwOTg2NTU0MA==	4	5	5	3	-1	-1	-1	-1	-1	-1	-1	-1	-1	-1	-1	-1	-1	-1	-1	-1	-1	-1	-1	-1	-1	-1	-1	-1	-1	-1
XMTQwOTAzNDQ1Mg==	10	-1	-1	-1	-1	-1	-1	-1	-1	-1	-1	-1	-1	-1	-1	-1	-1	-1	-1	-1	-1	-1	-1	-1	-1	-1	-1	-1	-1	-1
XMTQwOTI3OTQxNg==	-1	-1	-1	-1	-1	-1	-1	-1	-1	-1	-1	-1	-1	-1	-1	-1	-1	-1	-1	-1	-1	-1	-1	-1	-1	-1	-1	-1	-1	-1
XMTQwOTIwNTA2MA==	258	294	307	315	319	327	330	340	344	345	349	351	352	360	365	367	366	369	370	373	374	375	377	377	377	377	377	-1	-1	-1
XMTQwODg4NzcyOA==	6	14	22	23	24	26	28	33	35	37	39	41	45	45	47	47	46	46	47	48	48	50	51	-1	-1	-1	-1	-1	-1	-1
XMTQxMDEwNTU1Mg==	185	-1	-1	-1	-1	-1	-1	-1	-1	-1	-1	-1	-1	-1	-1	-1	-1	-1	-1	-1	-1	-1	-1	-1	-1	-1	-1	-1	-1	-1
XMTQwOTY5ODM4NA==	24	26	28	27	27	27	27	27	27	27	27	27	-1	-1	-1	-1	-1	-1	-1	-1	-1	-1	-1	-1	-1	-1	-1	-1	-1	-1
XMTQwOTg5MjQ1Mg==	9	-1	-1	-1	-1	-1	-1	-1	-1	-1	-1	-1	-1	-1	-1	-1	-1	-1	-1	-1	-1	-1	-1	-1	-1	-1	-1	-1	-1	-1
XMTQwOTQ5OTY0OA==	52	85	107	109	114	117	118	121	127	130	146	-1	-1	-1	-1	-1	-1	-1	-1	-1	-1	-1	-1	-1	-1	-1	-1	-1	-1	-1
XMTQwOTM5MzIwMA==	193	215	213	214	218	225	-1	-1	-1	-1	-1	-1	-1	-1	-1	-1	-1	-1	-1	-1	-1	-1	-1	-1	-1	-1	-1	-1	-1	-1
XMTQwOTcyNzA0NA==	26027	72532	72534	21005	18993	18994	-1	-1	-1	-1	-1	-1	-1	-1	-1	-1	-1	-1	-1	-1	-1	-1	-1	-1	-1	-1	-1	-1	-1	-1
XMTQwOTM1NjQxMg==	91	104	114	119	126	130	132	134	136	136	136	137	-1	-1	-1	-1	-1	-1	-1	-1	-1	-1	-1	-1	-1	-1	-1	-1	-1	-1
XMTQxMDA3NTg1Mg==	4	4	4	4	4	4	4	4	4	4	4	-1	-1	-1	-1	-1	-1	-1	-1	-1	-1	-1	-1	-1	-1	-1	-1	-1	-1	-1
XMTQwOTQyODg4OA==	40	53	65	71	78	79	79	79	-1	-1	-1	-1	-1	-1	-1	-1	-1	-1	-1	-1	-1	-1	-1	-1	-1	-1	-1	-1	-1	-1
XMTQwOTg0OTM4MA==	23741	70732	70731	22255	19869	19869	-1	-1	-1	-1	-1	-1	-1	-1	-1	-1	-1	-1	-1	-1	-1	-1	-1	-1	-1	-1	-1	-1	-1	-1
XMTQwOTE5Mjc2MA==	6	6	6	6	6	6	6	-1	-1	-1	-1	-1	-1	-1	-1	-1	-1	-1	-1	-1	-1	-1	-1	-1	-1	-1	-1	-1	-1	-1
XMTQwOTYyOTM1Ng==	4	5	7	6	-1	-1	-1	-1	-1	-1	-1	-1	-1	-1	-1	-1	-1	-1	-1	-1	-1	-1	-1	-1	-1	-1	-1	-1	-1	-1
XMTQwOTE4OTIwOA==	13	14	12	15	16	16	17	17	17	17	17	17	18	18	18	18	-1	-1	-1	-1	-1	-1	-1	-1	-1	-1	-1	-1	-1	-1
XMTQwOTQ2NDkxMg==	18	19	18	18	19	19	20	20	21	21	21	21	21	21	-1	-1	-1	-1	-1	-1	-1	-1	-1	-1	-1	-1	-1	-1	-1	-1
XMTQwOTE0NzYxNg==	823	885	934	957	991	1016	1042	1058	1095	1117	1131	1214	1351	1369	1498	1509	1520	1532	1540	1551	1556	1568	1572	1581	1583	1585	1582	-1	-1	-1
XMTQwOTEyOTMyNA==	374	402	-1	-1	-1	-1	-1	-1	-1	-1	-1	-1	-1	-1	-1	-1	-1	-1	-1	-1	-1	-1	-1	-1	-1	-1	-1	-1	-1	-1
XMTQwOTUwODI4OA==	42	48	53	52	52	54	54	54	57	58	59	59	59	62	96	-1	-1	-1	-1	-1	-1	-1	-1	-1	-1	-1	-1	-1	-1	-1
XMTQwOTQ2MTcwNA==	12	12	10	10	10	-1	-1	-1	-1	-1	-1	-1	-1	-1	-1	-1	-1	-1	-1	-1	-1	-1	-1	-1	-1	-1	-1	-1	-1	-1
XMTQwOTMwMTgxMg==	11	15	24	25	25	27	29	36	44	46	49	-1	-1	-1	-1	-1	-1	-1	-1	-1	-1	-1	-1	-1	-1	-1	-1	-1	-1	-1
XMTQwOTg3ODAwOA==	4	19	35	47	55	61	62	68	80	97	102	117	136	155	180	216	276	292	298	306	311	331	368	389	407	425	443	-1	-1	-1
XMTQxMDEyNTA1Mg==	16	27	29	28	-1	-1	-1	-1	-1	-1	-1	-1	-1	-1	-1	-1	-1	-1	-1	-1	-1	-1	-1	-1	-1	-1	-1	-1	-1	-1
XMTQwOTgyNzU2NA==	625	2303	-1	-1	-1	-1	-1	-1	-1	-1	-1	-1	-1	-1	-1	-1	-1	-1	-1	-1	-1	-1	-1	-1	-1	-1	-1	-1	-1	-1
XMTQwOTY5OTE2NA==	3	5	7	7	8	7	7	7	7	7	7	7	7	7	-1	-1	-1	-1	-1	-1	-1	-1	-1	-1	-1	-1	-1	-1	-1	-1
XMTQwOTcwMDg4NA==	4	7	8	10	10	10	10	10	10	11	11	11	11	11	-1	-1	-1	-1	-1	-1	-1	-1	-1	-1	-1	-1	-1	-1	-1	-1
XMTQwOTQ3MTgwOA==	3	3	4	6	6	6	6	6	6	6	6	6	-1	-1	-1	-1	-1	-1	-1	-1	-1	-1	-1	-1	-1	-1	-1	-1	-1	-1
XMTQwOTcwNDg0NA==	4	4	6	5	6	6	6	6	6	6	6	6	6	6	-1	-1	-1	-1	-1	-1	-1	-1	-1	-1	-1	-1	-1	-1	-1	-1
XMTQwOTQ2NzI4MA==	110	129	127	-1	-1	-1	-1	-1	-1	-1	-1	-1	-1	-1	-1	-1	-1	-1	-1	-1	-1	-1	-1	-1	-1	-1	-1	-1	-1	-1
XMTQwOTIyODA3Ng==	501	516	541	556	572	603	616	624	629	637	656	682	692	699	704	715	721	735	745	754	765	771	809	826	828	834	843	844	-1	-1
XMTQwOTQ2NTU0MA==	17	20	21	24	24	24	25	26	28	29	29	30	31	33	-1	-1	-1	-1	-1	-1	-1	-1	-1	-1	-1	-1	-1	-1	-1	-1
XMTQxMDE1NDk4OA==	2	6	-1	-1	-1	-1	-1	-1	-1	-1	-1	-1	-1	-1	-1	-1	-1	-1	-1	-1	-1	-1	-1	-1	-1	-1	-1	-1	-1	-1
XMTQwOTk5NzU5Ng==	4116085	12900390	-1	-1	-1	-1	-1	-1	-1	-1	-1	-1	-1	-1	-1	-1	-1	-1	-1	-1	-1	-1	-1	-1	-1	-1	-1	-1	-1	-1
XMTQwOTc5MjQwMA==	65	93	99	98	-1	-1	-1	-1	-1	-1	-1	-1	-1	-1	-1	-1	-1	-1	-1	-1	-1	-1	-1	-1	-1	-1	-1	-1	-1	-1
XMTQxMDA3MDM4NA==	13	-1	-1	-1	-1	-1	-1	-1	-1	-1	-1	-1	-1	-1	-1	-1	-1	-1	-1	-1	-1	-1	-1	-1	-1	-1	-1	-1	-1	-1
XMTQwOTc4MDc3Ng==	191911	-1	-1	-1	-1	-1	-1	-1	-1	-1	-1	-1	-1	-1	-1	-1	-1	-1	-1	-1	-1	-1	-1	-1	-1	-1	-1	-1	-1	-1
XMTQwOTA5ODY0OA==	12	21	24	23	23	23	-1	-1	-1	-1	-1	-1	-1	-1	-1	-1	-1	-1	-1	-1	-1	-1	-1	-1	-1	-1	-1	-1	-1	-1
XMTQxMDA4MTg3Ng==	1	3	5	5	-1	-1	-1	-1	-1	-1	-1	-1	-1	-1	-1	-1	-1	-1	-1	-1	-1	-1	-1	-1	-1	-1	-1	-1	-1	-1
XMTQwOTY0NzE0MA==	5	6	6	-1	-1	-1	-1	-1	-1	-1	-1	-1	-1	-1	-1	-1	-1	-1	-1	-1	-1	-1	-1	-1	-1	-1	-1	-1	-1	-1
XMTQwOTY0NjA2OA==	9146	9693	9864	1227	1228	1245	1263	1273	1302	1326	1341	1344	1355	1366	1376	1393	1412	1429	1459	1468	1492	1556	1578	1592	1594	-1	1596	1610	1618	1627
XMTQxMDE0MDAyOA==	87	184	242	265	285	303	315	332	363	382	396	407	421	427	445	449	467	474	484	489	495	501	527	-1	-1	-1	-1	-1	-1	-1
XMTQwOTg2Mjc4MA==	26	70	73	75	77	77	77	80	80	80	80	80	81	81	83	84	84	84	84	84	84	84	85	85	-1	-1	-1	-1	-1	-1
XMTQwOTM2MDI1Ng==	747	1020	1101	1128	1150	1158	1164	-1	-1	-1	-1	-1	-1	-1	-1	-1	-1	-1	-1	-1	-1	-1	-1	-1	-1	-1	-1	-1	-1	-1
XMTQwOTU3NzA4OA==	10	15	16	17	-1	-1	-1	-1	-1	-1	-1	-1	-1	-1	-1	-1	-1	-1	-1	-1	-1	-1	-1	-1	-1	-1	-1	-1	-1	-1
XMTQwOTMxMTEyMA==	196	233	250	250	253	260	-1	-1	-1	-1	-1	-1	-1	-1	-1	-1	-1	-1	-1	-1	-1	-1	-1	-1	-1	-1	-1	-1	-1	-1
XMTQxMDA3NTg2NA==	6	-1	-1	-1	-1	-1	-1	-1	-1	-1	-1	-1	-1	-1	-1	-1	-1	-1	-1	-1	-1	-1	-1	-1	-1	-1	-1	-1	-1	-1
XMTQwOTg2MDQ1Mg==	7	18	26	26	23	23	23	23	23	23	23	-1	-1	-1	-1	-1	-1	-1	-1	-1	-1	-1	-1	-1	-1	-1	-1	-1	-1	-1
XMTQwOTQxMzMwMA==	8	11	11	11	11	-1	-1	-1	-1	-1	-1	-1	-1	-1	-1	-1	-1	-1	-1	-1	-1	-1	-1	-1	-1	-1	-1	-1	-1	-1
XMTQxMDM3NDE4NA==	5	-1	-1	-1	-1	-1	-1	-1	-1	-1	-1	-1	-1	-1	-1	-1	-1	-1	-1	-1	-1	-1	-1	-1	-1	-1	-1	-1	-1	-1
XMTQwOTUwOTExMg==	17	-1	-1	-1	-1	-1	-1	-1	-1	-1	-1	-1	-1	-1	-1	-1	-1	-1	-1	-1	-1	-1	-1	-1	-1	-1	-1	-1	-1	-1
XMTQxMDE3MzYxNg==	2	2	2	2	2	2	2	-1	-1	-1	-1	-1	-1	-1	-1	-1	-1	-1	-1	-1	-1	-1	-1	-1	-1	-1	-1	-1	-1	-1
XMTQwOTgyMTIwNA==	77	119	130	-1	-1	-1	-1	-1	-1	-1	-1	-1	-1	-1	-1	-1	-1	-1	-1	-1	-1	-1	-1	-1	-1	-1	-1	-1	-1	-1
XMTQwOTUyNzE5Mg==	20	24	-1	-1	-1	-1	-1	-1	-1	-1	-1	-1	-1	-1	-1	-1	-1	-1	-1	-1	-1	-1	-1	-1	-1	-1	-1	-1	-1	-1
XMTQwOTM5MDYwMA==	156	173	175	179	179	180	181	181	183	183	184	185	185	185	187	187	187	187	-1	-1	-1	-1	-1	-1	-1	-1	-1	-1	-1	-1
XMTQwODk4NzA1Mg==	12	13	13	14	14	14	14	14	14	14	14	-1	-1	-1	-1	-1	-1	-1	-1	-1	-1	-1	-1	-1	-1	-1	-1	-1	-1	-1
XMTQwOTcxMzQ2MA==	2	3	5	5	5	5	5	5	5	5	5	5	5	5	-1	-1	-1	-1	-1	-1	-1	-1	-1	-1	-1	-1	-1	-1	-1	-1
XMTQwOTUyNTMzMg==	43	52	57	59	59	60	61	65	65	70	70	-1	-1	-1	-1	-1	-1	-1	-1	-1	-1	-1	-1	-1	-1	-1	-1	-1	-1	-1
XMTQwOTcyNTg1Ng==	21	30	32	33	32	33	37	37	-1	-1	-1	-1	-1	-1	-1	-1	-1	-1	-1	-1	-1	-1	-1	-1	-1	-1	-1	-1	-1	-1
XMTQwOTQ4ODI2NA==	4	-1	-1	-1	-1	-1	-1	-1	-1	-1	-1	-1	-1	-1	-1	-1	-1	-1	-1	-1	-1	-1	-1	-1	-1	-1	-1	-1	-1	-1
XMTQwODgxODgwOA==	10	11	12	12	-1	-1	-1	-1	-1	-1	-1	-1	-1	-1	-1	-1	-1	-1	-1	-1	-1	-1	-1	-1	-1	-1	-1	-1	-1	-1
XMTQwOTk0NDk1Ng==	3	5	5	5	5	5	5	5	5	5	5	-1	-1	-1	-1	-1	-1	-1	-1	-1	-1	-1	-1	-1	-1	-1	-1	-1	-1	-1
XMTQwOTc4OTE2MA==	41	45	44	40	41	41	41	41	41	-1	-1	-1	-1	-1	-1	-1	-1	-1	-1	-1	-1	-1	-1	-1	-1	-1	-1	-1	-1	-1
XMTQwODc3MzU3Ng==	5	8	8	8	8	8	9	9	9	9	9	9	9	9	9	9	9	9	9	9	9	-1	-1	-1	-1	-1	-1	-1	-1	-1
XMTQwOTk3MTkxNg==	31	40	41	61	87	104	-1	-1	-1	-1	-1	-1	-1	-1	-1	-1	-1	-1	-1	-1	-1	-1	-1	-1	-1	-1	-1	-1	-1	-1
XMTQwOTE5MTUyMA==	100	124	145	170	186	203	209	229	237	242	250	261	-1	-1	-1	-1	-1	-1	-1	-1	-1	-1	-1	-1	-1	-1	-1	-1	-1	-1
XMTQwODk5MjM2MA==	13	15	13	13	13	13	13	13	13	13	13	14	14	14	14	14	14	14	14	14	14	14	14	14	14	14	14	-1	-1	-1
XMTQxMDIwNTQzNg==	5	9	9	-1	-1	-1	-1	-1	-1	-1	-1	-1	-1	-1	-1	-1	-1	-1	-1	-1	-1	-1	-1	-1	-1	-1	-1	-1	-1	-1
XMTQwOTcyMjc0OA==	3	3	6	6	6	6	6	6	6	6	6	6	6	6	-1	-1	-1	-1	-1	-1	-1	-1	-1	-1	-1	-1	-1	-1	-1	-1
XMTQwOTYzNTI4OA==	117	-1	-1	-1	-1	-1	-1	-1	-1	-1	-1	-1	-1	-1	-1	-1	-1	-1	-1	-1	-1	-1	-1	-1	-1	-1	-1	-1	-1	-1
XMTQxMDAwNDQ1Ng==	10	20	25	26	-1	-1	-1	-1	-1	-1	-1	-1	-1	-1	-1	-1	-1	-1	-1	-1	-1	-1	-1	-1	-1	-1	-1	-1	-1	-1
XMTQwOTE4MDg2OA==	9	10	7	7	7	-1	-1	-1	-1	-1	-1	-1	-1	-1	-1	-1	-1	-1	-1	-1	-1	-1	-1	-1	-1	-1	-1	-1	-1	-1
XMTQwOTk0MDgwNA==	13629	13791	13823	226	-1	-1	-1	-1	-1	-1	-1	-1	-1	-1	-1	-1	-1	-1	-1	-1	-1	-1	-1	-1	-1	-1	-1	-1	-1	-1
XMTQwOTYyODI2OA==	8	-1	-1	-1	-1	-1	-1	-1	-1	-1	-1	-1	-1	-1	-1	-1	-1	-1	-1	-1	-1	-1	-1	-1	-1	-1	-1	-1	-1	-1
XMTQxMDQwMDI5Ng==	0	1	-1	-1	-1	-1	-1	-1	-1	-1	-1	-1	-1	-1	-1	-1	-1	-1	-1	-1	-1	-1	-1	-1	-1	-1	-1	-1	-1	-1
XMTQwOTI4MzcxNg==	-1	-1	-1	-1	-1	-1	-1	-1	-1	-1	-1	-1	-1	-1	-1	-1	-1	-1	-1	-1	-1	-1	-1	-1	-1	-1	-1	-1	-1	-1
XMTQxMDE5Nzc4OA==	37391	264719	470635	603034	506686	-1	-1	-1	-1	-1	-1	-1	-1	-1	-1	-1	-1	-1	-1	-1	-1	-1	-1	-1	-1	-1	-1	-1	-1	-1
XMTQwOTcwMTU4NA==	52	59	61	-1	-1	-1	-1	-1	-1	-1	-1	-1	-1	-1	-1	-1	-1	-1	-1	-1	-1	-1	-1	-1	-1	-1	-1	-1	-1	-1
XMTQwOTc2ODMwNA==	11	-1	-1	-1	-1	-1	-1	-1	-1	-1	-1	-1	-1	-1	-1	-1	-1	-1	-1	-1	-1	-1	-1	-1	-1	-1	-1	-1	-1	-1
XMTQwOTE2NDE3Ng==	26	-1	-1	-1	-1	-1	-1	-1	-1	-1	-1	-1	-1	-1	-1	-1	-1	-1	-1	-1	-1	-1	-1	-1	-1	-1	-1	-1	-1	-1
XMTQxMDE1NDcxMg==	4	5	5	5	6	7	7	7	7	7	7	7	7	7	7	7	7	7	7	7	7	7	7	-1	-1	-1	-1	-1	-1	-1
XMTQxMDEwNzA2NA==	12	12	12	12	12	12	12	12	12	12	12	-1	-1	-1	-1	-1	-1	-1	-1	-1	-1	-1	-1	-1	-1	-1	-1	-1	-1	-1
XMTQxMDI0MTQ3Mg==	22541	254017	460386	607216	511489	-1	-1	-1	-1	-1	-1	-1	-1	-1	-1	-1	-1	-1	-1	-1	-1	-1	-1	-1	-1	-1	-1	-1	-1	-1
XMTQxMDE2NTc1Mg==	1	1	1	1	1	1	1	-1	-1	-1	-1	-1	-1	-1	-1	-1	-1	-1	-1	-1	-1	-1	-1	-1	-1	-1	-1	-1	-1	-1
XMTQwOTM3MzQ0NA==	70	109	121	-1	-1	-1	-1	-1	-1	-1	-1	-1	-1	-1	-1	-1	-1	-1	-1	-1	-1	-1	-1	-1	-1	-1	-1	-1	-1	-1
XMTQwOTQ0NjQ4NA==	936	1129	-1	-1	-1	-1	-1	-1	-1	-1	-1	-1	-1	-1	-1	-1	-1	-1	-1	-1	-1	-1	-1	-1	-1	-1	-1	-1	-1	-1
XMTQxMDAxNzUyMA==	27156	27213	27224	-1	-1	-1	-1	-1	-1	-1	-1	-1	-1	-1	-1	-1	-1	-1	-1	-1	-1	-1	-1	-1	-1	-1	-1	-1	-1	-1
XMTQwOTQ5NDY3Ng==	18	21	22	24	27	29	32	32	33	34	36	36	-1	-1	-1	-1	-1	-1	-1	-1	-1	-1	-1	-1	-1	-1	-1	-1	-1	-1
XMTQwOTcyNzkxMg==	3	5	7	7	7	6	6	7	7	7	7	7	7	7	-1	-1	-1	-1	-1	-1	-1	-1	-1	-1	-1	-1	-1	-1	-1	-1
XMTQwOTIxMTg0MA==	40	42	40	59	110	-1	-1	-1	-1	-1	-1	-1	-1	-1	-1	-1	-1	-1	-1	-1	-1	-1	-1	-1	-1	-1	-1	-1	-1	-1
XMTQwODYyNTc1Ng==	175	261	298	310	317	320	322	324	325	325	325	327	328	328	329	329	329	329	330	-1	-1	-1	-1	-1	-1	-1	-1	-1	-1	-1
XMTQwOTIwNzM2NA==	88	88	33	33	33	-1	-1	-1	-1	-1	-1	-1	-1	-1	-1	-1	-1	-1	-1	-1	-1	-1	-1	-1	-1	-1	-1	-1	-1	-1
XMTQxMDA3NzY2NA==	24	135	362	2059	2472	2813	3000	3115	3232	3417	3703	4068	4396	4666	4799	4800	4792	-1	-1	-1	-1	-1	-1	-1	-1	-1	-1	-1	-1	-1
XMTQwODkzNjU3Mg==	150	207	248	265	278	287	292	-1	-1	-1	-1	-1	-1	-1	-1	-1	-1	-1	-1	-1	-1	-1	-1	-1	-1	-1	-1	-1	-1	-1
XMTQxMDEwMzA4OA==	19	23	31	31	32	32	32	-1	-1	-1	-1	-1	-1	-1	-1	-1	-1	-1	-1	-1	-1	-1	-1	-1	-1	-1	-1	-1	-1	-1
XMTQwOTI0ODAxNg==	-1	-1	-1	-1	-1	-1	-1	-1	-1	-1	-1	-1	-1	-1	-1	-1	-1	-1	-1	-1	-1	-1	-1	-1	-1	-1	-1	-1	-1	-1
XMTQwOTM0MDQzMg==	49	66	66	66	-1	-1	-1	-1	-1	-1	-1	-1	-1	-1	-1	-1	-1	-1	-1	-1	-1	-1	-1	-1	-1	-1	-1	-1	-1	-1
XMTQwOTU3ODk4MA==	35	59	78	127	168	168	168	-1	-1	-1	-1	-1	-1	-1	-1	-1	-1	-1	-1	-1	-1	-1	-1	-1	-1	-1	-1	-1	-1	-1
XMTQwOTM5Njc3Ng==	24	25	28	28	-1	-1	-1	-1	-1	-1	-1	-1	-1	-1	-1	-1	-1	-1	-1	-1	-1	-1	-1	-1	-1	-1	-1	-1	-1	-1
XMTQxMDAxODQ3Mg==	11	14	15	12	12	12	12	12	12	12	-1	-1	-1	-1	-1	-1	-1	-1	-1	-1	-1	-1	-1	-1	-1	-1	-1	-1	-1	-1
XMTQwOTc5OTUxMg==	457	611	645	608	620	639	-1	-1	-1	-1	-1	-1	-1	-1	-1	-1	-1	-1	-1	-1	-1	-1	-1	-1	-1	-1	-1	-1	-1	-1
XMTQwOTY1MTU0OA==	420	462	472	463	466	475	480	481	-1	-1	-1	-1	-1	-1	-1	-1	-1	-1	-1	-1	-1	-1	-1	-1	-1	-1	-1	-1	-1	-1
XMTQwOTUwNDc4OA==	204	232	296	457	742	874	-1	-1	-1	-1	-1	-1	-1	-1	-1	-1	-1	-1	-1	-1	-1	-1	-1	-1	-1	-1	-1	-1	-1	-1
XMTQwOTkzMDAyOA==	3	3	-1	-1	-1	-1	-1	-1	-1	-1	-1	-1	-1	-1	-1	-1	-1	-1	-1	-1	-1	-1	-1	-1	-1	-1	-1	-1	-1	-1
XMTQwOTU4MDU2MA==	4	7	8	8	8	8	8	8	8	8	8	8	-1	-1	-1	-1	-1	-1	-1	-1	-1	-1	-1	-1	-1	-1	-1	-1	-1	-1
XMTQwOTMyMDM2NA==	19	-1	-1	-1	-1	-1	-1	-1	-1	-1	-1	-1	-1	-1	-1	-1	-1	-1	-1	-1	-1	-1	-1	-1	-1	-1	-1	-1	-1	-1
XMTQwOTE1MTUxMg==	518	613	711	780	840	887	952	1003	1078	1124	1152	1190	1230	1271	1358	1394	1482	1513	1550	1587	1629	1680	-1	-1	-1	-1	-1	-1	-1	-1
XMTQxMDA2OTE0OA==	2	4	5	5	4	3	3	3	3	3	3	3	3	3	3	3	3	3	3	3	3	-1	-1	-1	-1	-1	-1	-1	-1	-1
XMTQwOTE1OTQwNA==	162	190	207	220	236	246	260	284	339	374	391	410	420	455	477	488	506	519	527	536	552	583	-1	-1	-1	-1	-1	-1	-1	-1
XMTQwOTQzNjM0MA==	111	158	-1	-1	-1	-1	-1	-1	-1	-1	-1	-1	-1	-1	-1	-1	-1	-1	-1	-1	-1	-1	-1	-1	-1	-1	-1	-1	-1	-1
XMTQwOTE4NDAxNg==	6	-1	-1	-1	-1	-1	-1	-1	-1	-1	-1	-1	-1	-1	-1	-1	-1	-1	-1	-1	-1	-1	-1	-1	-1	-1	-1	-1	-1	-1
XMTQwOTM5ODkwNA==	142	-1	-1	-1	-1	-1	-1	-1	-1	-1	-1	-1	-1	-1	-1	-1	-1	-1	-1	-1	-1	-1	-1	-1	-1	-1	-1	-1	-1	-1
XMTQwOTE0MjA4MA==	9	11	10	10	10	10	10	10	10	10	10	11	11	-1	-1	-1	-1	-1	-1	-1	-1	-1	-1	-1	-1	-1	-1	-1	-1	-1
XMTQwOTkyMzY4MA==	57	-1	-1	-1	-1	-1	-1	-1	-1	-1	-1	-1	-1	-1	-1	-1	-1	-1	-1	-1	-1	-1	-1	-1	-1	-1	-1	-1	-1	-1
XMTQwOTI1OTA0MA==	12	14	12	12	12	-1	-1	-1	-1	-1	-1	-1	-1	-1	-1	-1	-1	-1	-1	-1	-1	-1	-1	-1	-1	-1	-1	-1	-1	-1
XMTQwOTY5NDAwNA==	4	5	8	7	8	8	8	8	8	8	8	8	8	8	-1	-1	-1	-1	-1	-1	-1	-1	-1	-1	-1	-1	-1	-1	-1	-1
XMTQwOTI1MzQ4OA==	7	7	4	4	5	-1	-1	-1	-1	-1	-1	-1	-1	-1	-1	-1	-1	-1	-1	-1	-1	-1	-1	-1	-1	-1	-1	-1	-1	-1
XMTQwOTcwOTY2NA==	4	9	11	11	11	11	11	11	11	11	11	11	11	11	-1	-1	-1	-1	-1	-1	-1	-1	-1	-1	-1	-1	-1	-1	-1	-1
XMTQxMDAxNjU3Mg==	11	20	-1	-1	-1	-1	-1	-1	-1	-1	-1	-1	-1	-1	-1	-1	-1	-1	-1	-1	-1	-1	-1	-1	-1	-1	-1	-1	-1	-1
XMTQwOTE5OTE2NA==	556	649	707	772	807	865	904	911	-1	-1	-1	-1	-1	-1	-1	-1	-1	-1	-1	-1	-1	-1	-1	-1	-1	-1	-1	-1	-1	-1
XMTQxMDA5ODAxMg==	9	12	12	12	-1	-1	-1	-1	-1	-1	-1	-1	-1	-1	-1	-1	-1	-1	-1	-1	-1	-1	-1	-1	-1	-1	-1	-1	-1	-1
XMTQwODYzMTY2MA==	19	19	20	-1	-1	-1	-1	-1	-1	-1	-1	-1	-1	-1	-1	-1	-1	-1	-1	-1	-1	-1	-1	-1	-1	-1	-1	-1	-1	-1
XMTQwOTcyNzQ1Mg==	7	8	8	6	6	6	6	6	6	6	6	6	6	6	-1	-1	-1	-1	-1	-1	-1	-1	-1	-1	-1	-1	-1	-1	-1	-1
XMTQwOTE1NzE4MA==	4	5	7	8	8	7	7	7	7	-1	-1	-1	-1	-1	-1	-1	-1	-1	-1	-1	-1	-1	-1	-1	-1	-1	-1	-1	-1	-1
XMTQwOTA4MDE3Mg==	5430	5431	5433	5434	5434	5433	-1	-1	-1	-1	-1	-1	-1	-1	-1	-1	-1	-1	-1	-1	-1	-1	-1	-1	-1	-1	-1	-1	-1	-1
XMTQwOTcyMzIwNA==	7	9	11	11	11	11	12	12	12	13	13	13	13	13	-1	-1	-1	-1	-1	-1	-1	-1	-1	-1	-1	-1	-1	-1	-1	-1
XMTQwOTI1MzQ2OA==	12	16	17	18	20	20	20	20	20	20	20	21	21	22	22	22	22	22	22	22	22	22	22	22	22	22	22	-1	-1	-1
XMTQwOTIzMzk4OA==	852	921	918	942	972	1002	1020	1027	-1	-1	-1	-1	-1	-1	-1	-1	-1	-1	-1	-1	-1	-1	-1	-1	-1	-1	-1	-1	-1	-1
XMTQwOTI3NzUwOA==	696	801	844	883	918	953	975	992	1003	1007	-1	-1	-1	-1	-1	-1	-1	-1	-1	-1	-1	-1	-1	-1	-1	-1	-1	-1	-1	-1
XMTQwOTYzMzY4NA==	8	11	10	8	-1	-1	-1	-1	-1	-1	-1	-1	-1	-1	-1	-1	-1	-1	-1	-1	-1	-1	-1	-1	-1	-1	-1	-1	-1	-1
XMTQwOTg4OTAwNA==	45	-1	-1	-1	-1	-1	-1	-1	-1	-1	-1	-1	-1	-1	-1	-1	-1	-1	-1	-1	-1	-1	-1	-1	-1	-1	-1	-1	-1	-1
XMTQxMDIwNTIzMg==	23	51	52	69	72	72	-1	-1	-1	-1	-1	-1	-1	-1	-1	-1	-1	-1	-1	-1	-1	-1	-1	-1	-1	-1	-1	-1	-1	-1
XMTQwOTMxMTk1Ng==	9	19	18	20	-1	-1	-1	-1	-1	-1	-1	-1	-1	-1	-1	-1	-1	-1	-1	-1	-1	-1	-1	-1	-1	-1	-1	-1	-1	-1
XMTQwOTIwMDQ5Mg==	356	411	460	499	519	527	-1	-1	-1	-1	-1	-1	-1	-1	-1	-1	-1	-1	-1	-1	-1	-1	-1	-1	-1	-1	-1	-1	-1	-1
XMTQwOTc5ODk2NA==	4632	20345	29269	39814	47272	57044	64956	69794	77236	85442	95365	105585	115169	123179	125728	125729	128555	128556	128557	128557	128558	128558	128558	128560	128560	128560	128563	128563	128563	-1
XMTQwOTEyOTU1Ng==	210	224	216	219	217	218	221	222	227	227	230	232	233	242	248	248	264	266	267	270	272	-1	-1	-1	-1	-1	-1	-1	-1	-1
XMTQwOTM3NjA3Ng==	527	533	532	-1	-1	-1	-1	-1	-1	-1	-1	-1	-1	-1	-1	-1	-1	-1	-1	-1	-1	-1	-1	-1	-1	-1	-1	-1	-1	-1
XMTQwOTg4MTIxMg==	4	4	6	5	5	5	5	5	5	-1	-1	-1	-1	-1	-1	-1	-1	-1	-1	-1	-1	-1	-1	-1	-1	-1	-1	-1	-1	-1
XMTQwOTMzMDE4OA==	34	59	64	66	69	-1	-1	-1	-1	-1	-1	-1	-1	-1	-1	-1	-1	-1	-1	-1	-1	-1	-1	-1	-1	-1	-1	-1	-1	-1
XMTQwOTU0OTU1Ng==	338	498	645	679	720	751	788	841	981	1074	1093	-1	-1	-1	-1	-1	-1	-1	-1	-1	-1	-1	-1	-1	-1	-1	-1	-1	-1	-1
XMTQwOTcxNDE4NA==	26	134	151	151	-1	-1	-1	-1	-1	-1	-1	-1	-1	-1	-1	-1	-1	-1	-1	-1	-1	-1	-1	-1	-1	-1	-1	-1	-1	-1
XMTQwOTY4OTE5Ng==	13	19	21	-1	-1	-1	-1	-1	-1	-1	-1	-1	-1	-1	-1	-1	-1	-1	-1	-1	-1	-1	-1	-1	-1	-1	-1	-1	-1	-1
