XMTQwNzk3Mzk3Ng==	304	492	523	516	527	544	558	564	569	573	582	588	-1	-1	-1	-1	-1	-1	-1	-1	-1	-1	-1	-1	-1	-1	-1	-1	-1	-1
XMTQwNzg2MjU1Mg==	2	3	4	4	4	4	4	4	4	4	4	4	4	4	-1	-1	-1	-1	-1	-1	-1	-1	-1	-1	-1	-1	-1	-1	-1	-1
XMTQwODE5NzgwNA==	6	7	7	7	7	7	7	7	7	7	7	7	7	7	7	7	7	7	7	-1	-1	-1	-1	-1	-1	-1	-1	-1	-1	-1
XMTQwNzQxNjQ4MA==	4	4	4	3	6	7	7	7	7	7	7	7	-1	-1	-1	-1	-1	-1	-1	-1	-1	-1	-1	-1	-1	-1	-1	-1	-1	-1
XMTQwNjk5Njc3Ng==	186	221	229	241	249	254	257	259	267	268	276	278	279	286	290	295	296	298	303	306	307	313	314	-1	-1	-1	-1	-1	-1	-1
XMTQwNzkwOTk5Mg==	22	-1	-1	-1	-1	-1	-1	-1	-1	-1	-1	-1	-1	-1	-1	-1	-1	-1	-1	-1	-1	-1	-1	-1	-1	-1	-1	-1	-1	-1
XMTQwODI0MzA1Mg==	172	300	328	374	-1	-1	-1	-1	-1	-1	-1	-1	-1	-1	-1	-1	-1	-1	-1	-1	-1	-1	-1	-1	-1	-1	-1	-1	-1	-1
XMTQwNzg1NDM3Ng==	6	6	6	-1	-1	-1	-1	-1	-1	-1	-1	-1	-1	-1	-1	-1	-1	-1	-1	-1	-1	-1	-1	-1	-1	-1	-1	-1	-1	-1
XMTQwNzk5Mjg1Mg==	5	-1	-1	-1	-1	-1	-1	-1	-1	-1	-1	-1	-1	-1	-1	-1	-1	-1	-1	-1	-1	-1	-1	-1	-1	-1	-1	-1	-1	-1
XMTQwNzk3ODg4MA==	17	20	21	22	22	22	22	22	22	22	-1	-1	-1	-1	-1	-1	-1	-1	-1	-1	-1	-1	-1	-1	-1	-1	-1	-1	-1	-1
XMTQwNzM3NTA4NA==	241	323	-1	-1	-1	-1	-1	-1	-1	-1	-1	-1	-1	-1	-1	-1	-1	-1	-1	-1	-1	-1	-1	-1	-1	-1	-1	-1	-1	-1
XMTQwNzI5NjI1Mg==	51	69	75	84	87	88	88	87	89	92	93	94	94	93	99	102	104	106	106	-1	-1	-1	-1	-1	-1	-1	-1	-1	-1	-1
XMTQwNzI4MzE0OA==	259	272	273	269	273	273	275	277	279	280	-1	-1	-1	-1	-1	-1	-1	-1	-1	-1	-1	-1	-1	-1	-1	-1	-1	-1	-1	-1
XMTQwODIyMjU2NA==	14	14	14	14	16	16	16	16	16	16	16	16	16	16	16	17	17	17	17	17	17	17	17	17	17	17	-1	-1	-1	-1
XMTQwNzg3MDg2NA==	27	31	33	32	32	32	33	33	33	33	34	34	34	34	34	34	34	34	34	34	34	34	34	34	34	-1	-1	-1	-1	-1
XMTQwNzg3NTE3Ng==	25	29	30	30	29	29	31	31	31	32	32	32	32	32	32	32	32	32	32	32	32	32	32	32	32	-1	-1	-1	-1	-1
XMTQwODA4OTM2MA==	6	-1	-1	-1	-1	-1	-1	-1	-1	-1	-1	-1	-1	-1	-1	-1	-1	-1	-1	-1	-1	-1	-1	-1	-1	-1	-1	-1	-1	-1
XMTQwODIxMTI3Ng==	279	717	770	877	926	939	972	992	1000	-1	-1	-1	-1	-1	-1	-1	-1	-1	-1	-1	-1	-1	-1	-1	-1	-1	-1	-1	-1	-1
XMTQwNzc2NTQwMA==	14	-1	-1	-1	-1	-1	-1	-1	-1	-1	-1	-1	-1	-1	-1	-1	-1	-1	-1	-1	-1	-1	-1	-1	-1	-1	-1	-1	-1	-1
XMTQwNzQ4MzM5Ng==	-1	-1	-1	-1	-1	-1	-1	-1	-1	-1	-1	-1	-1	-1	-1	-1	-1	-1	-1	-1	-1	-1	-1	-1	-1	-1	-1	-1	-1	-1
XMTQwNzg0MTU2NA==	22	-1	-1	-1	-1	-1	-1	-1	-1	-1	-1	-1	-1	-1	-1	-1	-1	-1	-1	-1	-1	-1	-1	-1	-1	-1	-1	-1	-1	-1
XMTQwODM5NzEwNA==	5	13	13	13	12	12	12	-1	-1	-1	-1	-1	-1	-1	-1	-1	-1	-1	-1	-1	-1	-1	-1	-1	-1	-1	-1	-1	-1	-1
XMTQwNzA5Mzg4NA==	213	233	232	250	260	263	268	273	274	280	280	283	283	291	292	295	295	295	297	304	304	308	308	308	306	306	309	310	-1	-1
XMTQwODIwOTczNg==	7	11	14	-1	-1	-1	-1	-1	-1	-1	-1	-1	-1	-1	-1	-1	-1	-1	-1	-1	-1	-1	-1	-1	-1	-1	-1	-1	-1	-1
XMTQwODExNzM4MA==	6	26	27	24	27	-1	-1	-1	-1	-1	-1	-1	-1	-1	-1	-1	-1	-1	-1	-1	-1	-1	-1	-1	-1	-1	-1	-1	-1	-1
XMTQwNzQ2OTg4NA==	653	747	816	841	848	859	870	904	905	909	909	910	911	911	912	914	916	917	919	920	-1	-1	-1	-1	-1	-1	-1	-1	-1	-1
XMTQwNDIxMDk0MA==	133	142	144	156	-1	-1	-1	-1	-1	-1	-1	-1	-1	-1	-1	-1	-1	-1	-1	-1	-1	-1	-1	-1	-1	-1	-1	-1	-1	-1
XMTQwNjkwODU0NA==	10	12	11	-1	-1	-1	-1	-1	-1	-1	-1	-1	-1	-1	-1	-1	-1	-1	-1	-1	-1	-1	-1	-1	-1	-1	-1	-1	-1	-1
XMTQwODAxODQ5Mg==	11	-1	-1	-1	-1	-1	-1	-1	-1	-1	-1	-1	-1	-1	-1	-1	-1	-1	-1	-1	-1	-1	-1	-1	-1	-1	-1	-1	-1	-1
XMTQwODAyMjc4OA==	151	224	246	-1	-1	-1	-1	-1	-1	-1	-1	-1	-1	-1	-1	-1	-1	-1	-1	-1	-1	-1	-1	-1	-1	-1	-1	-1	-1	-1
XMTQwNjk5MjI2OA==	15	-1	-1	-1	-1	-1	-1	-1	-1	-1	-1	-1	-1	-1	-1	-1	-1	-1	-1	-1	-1	-1	-1	-1	-1	-1	-1	-1	-1	-1
XMTQwODAxNTAzNg==	6	-1	-1	-1	-1	-1	-1	-1	-1	-1	-1	-1	-1	-1	-1	-1	-1	-1	-1	-1	-1	-1	-1	-1	-1	-1	-1	-1	-1	-1
XMTQwNzkwMTUxNg==	24	44	48	49	-1	-1	-1	-1	-1	-1	-1	-1	-1	-1	-1	-1	-1	-1	-1	-1	-1	-1	-1	-1	-1	-1	-1	-1	-1	-1
XMTQwNzg4MjM0OA==	2	2	2	2	2	2	-1	-1	-1	-1	-1	-1	-1	-1	-1	-1	-1	-1	-1	-1	-1	-1	-1	-1	-1	-1	-1	-1	-1	-1
XMTQwNzUwMDM1Mg==	17	27	29	30	37	40	42	42	45	47	50	50	52	52	58	58	60	60	62	64	65	65	66	67	69	-1	-1	-1	-1	-1
XMTQwNzIzNjQ1Mg==	1798	1870	1814	1902	1965	1981	1989	1999	2005	-1	-1	-1	-1	-1	-1	-1	-1	-1	-1	-1	-1	-1	-1	-1	-1	-1	-1	-1	-1	-1
XMTQwNzY3NDI4OA==	10	-1	-1	-1	-1	-1	-1	-1	-1	-1	-1	-1	-1	-1	-1	-1	-1	-1	-1	-1	-1	-1	-1	-1	-1	-1	-1	-1	-1	-1
XMTQwODM3MjU1Ng==	18	19	24	26	27	27	28	-1	-1	-1	-1	-1	-1	-1	-1	-1	-1	-1	-1	-1	-1	-1	-1	-1	-1	-1	-1	-1	-1	-1
XMTQwODI0MjAyMA==	78	209	224	299	-1	-1	-1	-1	-1	-1	-1	-1	-1	-1	-1	-1	-1	-1	-1	-1	-1	-1	-1	-1	-1	-1	-1	-1	-1	-1
XMTQwNzU0NjczMg==	4	-1	-1	-1	-1	-1	-1	-1	-1	-1	-1	-1	-1	-1	-1	-1	-1	-1	-1	-1	-1	-1	-1	-1	-1	-1	-1	-1	-1	-1
XMTQwNzk0OTU4OA==	15	63	70	77	84	103	106	110	-1	-1	-1	-1	-1	-1	-1	-1	-1	-1	-1	-1	-1	-1	-1	-1	-1	-1	-1	-1	-1	-1
XMTQwNzU1OTM2OA==	232	-1	-1	-1	-1	-1	-1	-1	-1	-1	-1	-1	-1	-1	-1	-1	-1	-1	-1	-1	-1	-1	-1	-1	-1	-1	-1	-1	-1	-1
XMTQwODQyNTI4OA==	248	499	509	509	517	-1	-1	-1	-1	-1	-1	-1	-1	-1	-1	-1	-1	-1	-1	-1	-1	-1	-1	-1	-1	-1	-1	-1	-1	-1
XMTQwNzkzNDgzNg==	17	28	29	32	-1	-1	-1	-1	-1	-1	-1	-1	-1	-1	-1	-1	-1	-1	-1	-1	-1	-1	-1	-1	-1	-1	-1	-1	-1	-1
XMTQwNzgxMjg0MA==	225	412	973	989	-1	-1	-1	-1	-1	-1	-1	-1	-1	-1	-1	-1	-1	-1	-1	-1	-1	-1	-1	-1	-1	-1	-1	-1	-1	-1
XMTQwNjk4ODA1Mg==	16	24	27	28	29	30	30	29	29	29	29	29	29	29	29	29	29	29	29	29	29	29	29	29	29	30	30	30	30	-1
XMTQwNzA5MjM4NA==	56	-1	-1	-1	-1	-1	-1	-1	-1	-1	-1	-1	-1	-1	-1	-1	-1	-1	-1	-1	-1	-1	-1	-1	-1	-1	-1	-1	-1	-1
XMTQwODEzNzc2OA==	7	9	20	28	34	-1	-1	-1	-1	-1	-1	-1	-1	-1	-1	-1	-1	-1	-1	-1	-1	-1	-1	-1	-1	-1	-1	-1	-1	-1
XMTQwNzM0MTIxNg==	137	147	148	187	216	229	236	243	254	263	283	317	324	332	339	343	358	364	-1	-1	-1	-1	-1	-1	-1	-1	-1	-1	-1	-1
XMTQwODAwNTIyNA==	-1	-1	-1	-1	-1	-1	-1	-1	-1	-1	-1	-1	-1	-1	-1	-1	-1	-1	-1	-1	-1	-1	-1	-1	-1	-1	-1	-1	-1	-1
XMTQwNzY1MDA2NA==	116	169	214	366	472	497	545	584	630	674	-1	-1	-1	-1	-1	-1	-1	-1	-1	-1	-1	-1	-1	-1	-1	-1	-1	-1	-1	-1
XMTQwODAyNTk4NA==	251	361	390	-1	-1	-1	-1	-1	-1	-1	-1	-1	-1	-1	-1	-1	-1	-1	-1	-1	-1	-1	-1	-1	-1	-1	-1	-1	-1	-1
XMTQwNzk1MTYwOA==	49	-1	-1	-1	-1	-1	-1	-1	-1	-1	-1	-1	-1	-1	-1	-1	-1	-1	-1	-1	-1	-1	-1	-1	-1	-1	-1	-1	-1	-1
XMTQwNzc4OTg5Ng==	110	-1	-1	-1	-1	-1	-1	-1	-1	-1	-1	-1	-1	-1	-1	-1	-1	-1	-1	-1	-1	-1	-1	-1	-1	-1	-1	-1	-1	-1
XMTQwNjk0NDc1Ng==	3	3	3	-1	-1	-1	-1	-1	-1	-1	-1	-1	-1	-1	-1	-1	-1	-1	-1	-1	-1	-1	-1	-1	-1	-1	-1	-1	-1	-1
XMTQwNzU5OTU0MA==	126	-1	-1	-1	-1	-1	-1	-1	-1	-1	-1	-1	-1	-1	-1	-1	-1	-1	-1	-1	-1	-1	-1	-1	-1	-1	-1	-1	-1	-1
XMTQwNzI4NDAwOA==	240	265	287	296	306	311	316	319	324	329	334	333	337	340	342	342	342	342	-1	-1	-1	-1	-1	-1	-1	-1	-1	-1	-1	-1
XMTQwNzUwMDY2OA==	12	12	14	12	-1	-1	-1	-1	-1	-1	-1	-1	-1	-1	-1	-1	-1	-1	-1	-1	-1	-1	-1	-1	-1	-1	-1	-1	-1	-1
XMTQwNzMxMDE5Ng==	50	73	74	65	68	68	68	67	67	67	67	67	67	67	67	68	68	68	-1	-1	-1	-1	-1	-1	-1	-1	-1	-1	-1	-1
XMTQwODE2ODc2NA==	155	195	199	200	202	-1	-1	-1	-1	-1	-1	-1	-1	-1	-1	-1	-1	-1	-1	-1	-1	-1	-1	-1	-1	-1	-1	-1	-1	-1
XMTQwNzg5NTQ0NA==	17	25	30	32	33	35	37	37	37	38	39	40	42	43	-1	-1	-1	-1	-1	-1	-1	-1	-1	-1	-1	-1	-1	-1	-1	-1
XMTQwODQ3NzAzMg==	5	6	6	-1	-1	-1	-1	-1	-1	-1	-1	-1	-1	-1	-1	-1	-1	-1	-1	-1	-1	-1	-1	-1	-1	-1	-1	-1	-1	-1
XMTQwNjk4ODQyNA==	12	12	13	13	17	17	17	17	17	16	16	16	16	16	16	17	108	348	387	389	364	364	364	364	364	364	364	364	364	-1
XMTQwNzMxMjU2NA==	30	31	28	28	33	33	33	34	35	37	37	40	40	40	40	40	40	40	40	40	40	40	-1	-1	-1	-1	-1	-1	-1	-1
XMTQwODE4NjI1Ng==	10	12	12	11	10	10	10	10	10	10	10	10	10	20	36	43	56	60	76	86	103	132	142	155	163	168	181	-1	-1	-1
XMTQwODE1Nzg5Ng==	5	6	8	9	10	10	-1	-1	-1	-1	-1	-1	-1	-1	-1	-1	-1	-1	-1	-1	-1	-1	-1	-1	-1	-1	-1	-1	-1	-1
XMTQwNzk3ODQ2OA==	1	2	2	2	2	2	2	2	2	2	2	2	2	2	2	2	2	2	2	3	3	3	3	-1	-1	-1	-1	-1	-1	-1
XMTQwNzY5NTUxNg==	45	77	-1	-1	-1	-1	-1	-1	-1	-1	-1	-1	-1	-1	-1	-1	-1	-1	-1	-1	-1	-1	-1	-1	-1	-1	-1	-1	-1	-1
XMTQwODA0OTQwOA==	7	-1	-1	-1	-1	-1	-1	-1	-1	-1	-1	-1	-1	-1	-1	-1	-1	-1	-1	-1	-1	-1	-1	-1	-1	-1	-1	-1	-1	-1
XMTQwNzgxMjIyOA==	82	-1	-1	-1	-1	-1	-1	-1	-1	-1	-1	-1	-1	-1	-1	-1	-1	-1	-1	-1	-1	-1	-1	-1	-1	-1	-1	-1	-1	-1
XMTQwNzcyMzkxMg==	12	-1	-1	-1	-1	-1	-1	-1	-1	-1	-1	-1	-1	-1	-1	-1	-1	-1	-1	-1	-1	-1	-1	-1	-1	-1	-1	-1	-1	-1
XMTQwODIwMzg5Ng==	8	8	8	8	8	8	8	8	8	8	8	8	8	8	8	8	8	8	8	-1	-1	-1	-1	-1	-1	-1	-1	-1	-1	-1
XMTQwNzUwMDAwMA==	18	25	-1	-1	-1	-1	-1	-1	-1	-1	-1	-1	-1	-1	-1	-1	-1	-1	-1	-1	-1	-1	-1	-1	-1	-1	-1	-1	-1	-1
XMTQwNzU0MDgyNA==	48	-1	-1	-1	-1	-1	-1	-1	-1	-1	-1	-1	-1	-1	-1	-1	-1	-1	-1	-1	-1	-1	-1	-1	-1	-1	-1	-1	-1	-1
XMTQwMTYwMTQzNg==	4	65	-1	-1	-1	-1	-1	-1	-1	-1	-1	-1	-1	-1	-1	-1	-1	-1	-1	-1	-1	-1	-1	-1	-1	-1	-1	-1	-1	-1
XMTQwNzI4NzY5Mg==	627	678	-1	-1	-1	-1	-1	-1	-1	-1	-1	-1	-1	-1	-1	-1	-1	-1	-1	-1	-1	-1	-1	-1	-1	-1	-1	-1	-1	-1
XMTQwNzA1OTQ4NA==	113	137	137	141	147	148	150	151	152	-1	-1	-1	-1	-1	-1	-1	-1	-1	-1	-1	-1	-1	-1	-1	-1	-1	-1	-1	-1	-1
XMTQwNzk4NDgyNA==	45	-1	-1	-1	-1	-1	-1	-1	-1	-1	-1	-1	-1	-1	-1	-1	-1	-1	-1	-1	-1	-1	-1	-1	-1	-1	-1	-1	-1	-1
XMTQwODEzNTUwNA==	11	-1	-1	-1	-1	-1	-1	-1	-1	-1	-1	-1	-1	-1	-1	-1	-1	-1	-1	-1	-1	-1	-1	-1	-1	-1	-1	-1	-1	-1
XMTQwNzk5MDY5Mg==	4	6	6	4	4	4	4	4	4	4	4	4	4	4	4	4	4	4	4	4	4	4	4	4	4	4	-1	-1	-1	-1
XMTQwODAxNjE5Ng==	334	464	500	513	519	543	573	580	585	621	638	639	642	646	683	688	-1	-1	-1	-1	-1	-1	-1	-1	-1	-1	-1	-1	-1	-1
XMTQwODI0NzA2MA==	58	6327	11083	12627	13266	13415	13680	13665	13764	13819	13841	-1	-1	-1	-1	-1	-1	-1	-1	-1	-1	-1	-1	-1	-1	-1	-1	-1	-1	-1
XMTQwODE4MzA0NA==	7	10	10	11	11	11	11	11	11	11	11	11	13	24	38	45	60	69	84	97	111	124	137	149	170	179	192	-1	-1	-1
XMTQwODE5OTc5Ng==	103	206	226	244	-1	-1	-1	-1	-1	-1	-1	-1	-1	-1	-1	-1	-1	-1	-1	-1	-1	-1	-1	-1	-1	-1	-1	-1	-1	-1
XMTQwNzk0OTUxNg==	37	76	80	79	81	83	86	86	-1	-1	-1	-1	-1	-1	-1	-1	-1	-1	-1	-1	-1	-1	-1	-1	-1	-1	-1	-1	-1	-1
XMTQwODAyMTQyNA==	30	40	44	-1	-1	-1	-1	-1	-1	-1	-1	-1	-1	-1	-1	-1	-1	-1	-1	-1	-1	-1	-1	-1	-1	-1	-1	-1	-1	-1
XMTQwODM5NzY5Mg==	11	54	60	62	63	64	64	-1	-1	-1	-1	-1	-1	-1	-1	-1	-1	-1	-1	-1	-1	-1	-1	-1	-1	-1	-1	-1	-1	-1
XMTQwNzI3MDA4MA==	65	71	74	75	79	79	82	83	83	87	89	97	101	104	102	104	-1	-1	-1	-1	-1	-1	-1	-1	-1	-1	-1	-1	-1	-1
XMTQwNzYyNDgzMg==	-1	-1	-1	-1	-1	-1	-1	-1	-1	-1	-1	-1	-1	-1	-1	-1	-1	-1	-1	-1	-1	-1	-1	-1	-1	-1	-1	-1	-1	-1
XMTQwODM4MzQ0OA==	35	163	219	-1	-1	-1	-1	-1	-1	-1	-1	-1	-1	-1	-1	-1	-1	-1	-1	-1	-1	-1	-1	-1	-1	-1	-1	-1	-1	-1
XMTQwNzQyMTEzMg==	4	4	-1	-1	-1	-1	-1	-1	-1	-1	-1	-1	-1	-1	-1	-1	-1	-1	-1	-1	-1	-1	-1	-1	-1	-1	-1	-1	-1	-1
XMTQwNzQ0OTczNg==	58	71	74	78	83	86	88	90	94	102	104	105	107	112	112	114	117	117	121	121	122	122	122	123	124	126	126	128	-1	-1
XMTQwODM4MDI2NA==	52	186	201	-1	-1	-1	-1	-1	-1	-1	-1	-1	-1	-1	-1	-1	-1	-1	-1	-1	-1	-1	-1	-1	-1	-1	-1	-1	-1	-1
XMTQwNzU0MjU1Ng==	75	106	109	113	117	123	129	131	132	136	137	141	143	144	146	148	148	148	148	149	150	151	-1	-1	-1	-1	-1	-1	-1	-1
XMTQwODI4MjM2OA==	32	38	-1	-1	-1	-1	-1	-1	-1	-1	-1	-1	-1	-1	-1	-1	-1	-1	-1	-1	-1	-1	-1	-1	-1	-1	-1	-1	-1	-1
XMTQwODI3Mzc0MA==	26	46	-1	-1	-1	-1	-1	-1	-1	-1	-1	-1	-1	-1	-1	-1	-1	-1	-1	-1	-1	-1	-1	-1	-1	-1	-1	-1	-1	-1
XMTQwNzU1MDk3Mg==	379	454	571	624	654	666	674	693	703	714	735	742	747	749	758	771	779	782	788	794	-1	-1	-1	-1	-1	-1	-1	-1	-1	-1
XMTQwNjk4NzY2MA==	17	22	23	23	28	30	30	30	31	33	34	34	34	34	37	38	38	41	41	42	42	45	45	46	47	47	46	46	47	-1
XMTQwNzUwODExNg==	15	23	29	29	32	31	31	33	33	35	37	37	37	37	37	37	37	37	37	37	37	37	38	41	41	-1	-1	-1	-1	-1
XMTQwNzUzMTE1Ng==	9	12	18	20	22	24	27	27	27	28	28	-1	-1	-1	-1	-1	-1	-1	-1	-1	-1	-1	-1	-1	-1	-1	-1	-1	-1	-1
XMTQwNzYwMDIyOA==	135	151	158	159	169	184	187	193	200	201	-1	-1	-1	-1	-1	-1	-1	-1	-1	-1	-1	-1	-1	-1	-1	-1	-1	-1	-1	-1
XMTQwNzU2OTk2OA==	365	475	487	510	-1	-1	-1	-1	-1	-1	-1	-1	-1	-1	-1	-1	-1	-1	-1	-1	-1	-1	-1	-1	-1	-1	-1	-1	-1	-1
XMTQwODMxMzkyOA==	19	-1	-1	-1	-1	-1	-1	-1	-1	-1	-1	-1	-1	-1	-1	-1	-1	-1	-1	-1	-1	-1	-1	-1	-1	-1	-1	-1	-1	-1
XMTQwNzczMTc0OA==	13	-1	-1	-1	-1	-1	-1	-1	-1	-1	-1	-1	-1	-1	-1	-1	-1	-1	-1	-1	-1	-1	-1	-1	-1	-1	-1	-1	-1	-1
XMTQwNzE1ODcwOA==	12	13	13	13	13	14	14	14	14	14	14	-1	-1	-1	-1	-1	-1	-1	-1	-1	-1	-1	-1	-1	-1	-1	-1	-1	-1	-1
XMTQwNzQ1NTUwMA==	2	2	-1	-1	-1	-1	-1	-1	-1	-1	-1	-1	-1	-1	-1	-1	-1	-1	-1	-1	-1	-1	-1	-1	-1	-1	-1	-1	-1	-1
XMTQwODI5NDgyMA==	3	7	7	10	14	14	16	15	15	15	15	15	15	15	15	15	-1	-1	-1	-1	-1	-1	-1	-1	-1	-1	-1	-1	-1	-1
XMTQwODUyNDAyNA==	4	9	10	10	11	-1	-1	-1	-1	-1	-1	-1	-1	-1	-1	-1	-1	-1	-1	-1	-1	-1	-1	-1	-1	-1	-1	-1	-1	-1
XMTQwNzU4NzE0OA==	17	22	24	24	24	24	24	-1	-1	-1	-1	-1	-1	-1	-1	-1	-1	-1	-1	-1	-1	-1	-1	-1	-1	-1	-1	-1	-1	-1
XMTQwODE1MDQzMg==	6	10	-1	-1	-1	-1	-1	-1	-1	-1	-1	-1	-1	-1	-1	-1	-1	-1	-1	-1	-1	-1	-1	-1	-1	-1	-1	-1	-1	-1
XMTQwODIwMzgyOA==	7	37	45	45	44	43	43	43	45	45	45	45	53	138	239	327	445	480	577	656	731	821	888	973	1052	1145	1243	-1	-1	-1
XMTQwODEyMDg4MA==	37	70	87	51373	51688	48809	23313	23418	23455	32616	-1	-1	-1	-1	-1	-1	-1	-1	-1	-1	-1	-1	-1	-1	-1	-1	-1	-1	-1	-1
XMTQwNzYyMjgyOA==	46	69	75	84	91	107	109	110	114	116	120	119	121	122	127	129	131	131	168	168	169	149	151	-1	-1	-1	-1	-1	-1	-1
XMTQwODI0NDI4NA==	88	159	177	206	-1	-1	-1	-1	-1	-1	-1	-1	-1	-1	-1	-1	-1	-1	-1	-1	-1	-1	-1	-1	-1	-1	-1	-1	-1	-1
XMTQwNzQ4NTM0NA==	238	249	248	251	254	-1	-1	-1	-1	-1	-1	-1	-1	-1	-1	-1	-1	-1	-1	-1	-1	-1	-1	-1	-1	-1	-1	-1	-1	-1
XMTQwNzgwMjMyOA==	21	25	27	31	34	35	36	36	35	35	35	36	36	37	38	38	37	37	37	-1	-1	-1	-1	-1	-1	-1	-1	-1	-1	-1
XMTQwNzIyMjI4OA==	8	8	-1	-1	-1	-1	-1	-1	-1	-1	-1	-1	-1	-1	-1	-1	-1	-1	-1	-1	-1	-1	-1	-1	-1	-1	-1	-1	-1	-1
XMTQwNzA5NDI3Mg==	29	29	28	28	29	30	-1	-1	-1	-1	-1	-1	-1	-1	-1	-1	-1	-1	-1	-1	-1	-1	-1	-1	-1	-1	-1	-1	-1	-1
XMTQwNzM1OTQ2MA==	35	44	45	50	52	55	56	57	58	57	58	61	61	63	66	68	73	74	74	74	76	77	76	77	78	-1	-1	-1	-1	-1
XMTQwODE0Mjc3Mg==	2	-1	-1	-1	-1	-1	-1	-1	-1	-1	-1	-1	-1	-1	-1	-1	-1	-1	-1	-1	-1	-1	-1	-1	-1	-1	-1	-1	-1	-1
XMTQwNzc3NTk2NA==	28	-1	-1	-1	-1	-1	-1	-1	-1	-1	-1	-1	-1	-1	-1	-1	-1	-1	-1	-1	-1	-1	-1	-1	-1	-1	-1	-1	-1	-1
XMTQwODM3NTcwNA==	944	5619	5641	21241	31447	46588	58541	82141	106377	-1	-1	-1	-1	-1	-1	-1	-1	-1	-1	-1	-1	-1	-1	-1	-1	-1	-1	-1	-1	-1
XMTQwNzU0ODQwOA==	6	-1	-1	-1	-1	-1	-1	-1	-1	-1	-1	-1	-1	-1	-1	-1	-1	-1	-1	-1	-1	-1	-1	-1	-1	-1	-1	-1	-1	-1
XMTQwNzc4ODAwOA==	15	-1	-1	-1	-1	-1	-1	-1	-1	-1	-1	-1	-1	-1	-1	-1	-1	-1	-1	-1	-1	-1	-1	-1	-1	-1	-1	-1	-1	-1
XMTQwODEwMDQ0OA==	3	4	5	5	5	5	5	5	5	5	5	5	5	2067	2067	2067	2067	2067	2067	-1	-1	-1	-1	-1	-1	-1	-1	-1	-1	-1
XMTQwODE1MTIwOA==	170	224	262	307	362	373	389	398	410	431	491	546	567	594	594	594	593	-1	-1	-1	-1	-1	-1	-1	-1	-1	-1	-1	-1	-1
XMTQwNzM2MDA0MA==	78	87	94	110	130	142	148	166	-1	-1	-1	-1	-1	-1	-1	-1	-1	-1	-1	-1	-1	-1	-1	-1	-1	-1	-1	-1	-1	-1
XMTQwNzE5OTc2MA==	16	17	16	16	19	19	19	-1	-1	-1	-1	-1	-1	-1	-1	-1	-1	-1	-1	-1	-1	-1	-1	-1	-1	-1	-1	-1	-1	-1
XMTQwODI3MTMxMg==	33	66	72	125	210	308	394	454	528	587	688	807	862	903	933	964	-1	-1	-1	-1	-1	-1	-1	-1	-1	-1	-1	-1	-1	-1
XMTQwNzI1ODA2NA==	93	97	98	99	99	100	101	101	101	102	103	105	105	106	106	106	107	107	107	107	108	109	-1	-1	-1	-1	-1	-1	-1	-1
XMTQwODQ5NTMyNA==	3	6	10	12	13	13	13	13	13	-1	-1	-1	-1	-1	-1	-1	-1	-1	-1	-1	-1	-1	-1	-1	-1	-1	-1	-1	-1	-1
XMTQwODA1MTQ0NA==	14	-1	-1	-1	-1	-1	-1	-1	-1	-1	-1	-1	-1	-1	-1	-1	-1	-1	-1	-1	-1	-1	-1	-1	-1	-1	-1	-1	-1	-1
XMTQwODIxNTIzNg==	3	7	7	-1	-1	-1	-1	-1	-1	-1	-1	-1	-1	-1	-1	-1	-1	-1	-1	-1	-1	-1	-1	-1	-1	-1	-1	-1	-1	-1
XMTQwNzcwNzI3Ng==	-1	-1	-1	-1	-1	-1	-1	-1	-1	-1	-1	-1	-1	-1	-1	-1	-1	-1	-1	-1	-1	-1	-1	-1	-1	-1	-1	-1	-1	-1
XMTQwNzcwMjQ1Ng==	12	-1	-1	-1	-1	-1	-1	-1	-1	-1	-1	-1	-1	-1	-1	-1	-1	-1	-1	-1	-1	-1	-1	-1	-1	-1	-1	-1	-1	-1
XMTQwODI4NDE4MA==	4	-1	-1	-1	-1	-1	-1	-1	-1	-1	-1	-1	-1	-1	-1	-1	-1	-1	-1	-1	-1	-1	-1	-1	-1	-1	-1	-1	-1	-1
XMTQwNzMzNDcwMA==	11	-1	-1	-1	-1	-1	-1	-1	-1	-1	-1	-1	-1	-1	-1	-1	-1	-1	-1	-1	-1	-1	-1	-1	-1	-1	-1	-1	-1	-1
XMTQwNzEyMDkyMA==	993	1019	1002	1038	1074	1095	1100	1107	-1	-1	-1	-1	-1	-1	-1	-1	-1	-1	-1	-1	-1	-1	-1	-1	-1	-1	-1	-1	-1	-1
XMTQwODE2NzAwNA==	3	3	3	3	3	3	3	-1	-1	-1	-1	-1	-1	-1	-1	-1	-1	-1	-1	-1	-1	-1	-1	-1	-1	-1	-1	-1	-1	-1
XMTQwNzY5MjI3Mg==	139	171	178	176	-1	-1	-1	-1	-1	-1	-1	-1	-1	-1	-1	-1	-1	-1	-1	-1	-1	-1	-1	-1	-1	-1	-1	-1	-1	-1
XMTQwODQ0NzM1Mg==	53	99	100	-1	-1	-1	-1	-1	-1	-1	-1	-1	-1	-1	-1	-1	-1	-1	-1	-1	-1	-1	-1	-1	-1	-1	-1	-1	-1	-1
XMTQwNzgwMzExMg==	-1	-1	-1	-1	-1	-1	-1	-1	-1	-1	-1	-1	-1	-1	-1	-1	-1	-1	-1	-1	-1	-1	-1	-1	-1	-1	-1	-1	-1	-1
XMTQwNzg0NTg5Mg==	2	-1	-1	-1	-1	-1	-1	-1	-1	-1	-1	-1	-1	-1	-1	-1	-1	-1	-1	-1	-1	-1	-1	-1	-1	-1	-1	-1	-1	-1
XMTQwNzM4NzM0OA==	3	3	4	6	6	6	-1	-1	-1	-1	-1	-1	-1	-1	-1	-1	-1	-1	-1	-1	-1	-1	-1	-1	-1	-1	-1	-1	-1	-1
XMTQwODI1MjYyNA==	7	10	-1	-1	-1	-1	-1	-1	-1	-1	-1	-1	-1	-1	-1	-1	-1	-1	-1	-1	-1	-1	-1	-1	-1	-1	-1	-1	-1	-1
XMTQwODE0NjU3Mg==	112	145	154	144	151	153	155	159	164	165	169	173	176	179	183	183	195	196	203	204	205	208	211	-1	-1	-1	-1	-1	-1	-1
XMTQwODI0NjU3Mg==	3	3	-1	-1	-1	-1	-1	-1	-1	-1	-1	-1	-1	-1	-1	-1	-1	-1	-1	-1	-1	-1	-1	-1	-1	-1	-1	-1	-1	-1
XMTQwNzk5Mjk0OA==	17	-1	-1	-1	-1	-1	-1	-1	-1	-1	-1	-1	-1	-1	-1	-1	-1	-1	-1	-1	-1	-1	-1	-1	-1	-1	-1	-1	-1	-1
XMTQwNzkwNjE0OA==	116	176	197	221	-1	-1	-1	-1	-1	-1	-1	-1	-1	-1	-1	-1	-1	-1	-1	-1	-1	-1	-1	-1	-1	-1	-1	-1	-1	-1
XMTQwNzQwODc2NA==	85	104	177	299	305	294	290	294	294	297	302	303	303	306	-1	-1	-1	-1	-1	-1	-1	-1	-1	-1	-1	-1	-1	-1	-1	-1
XMTQwNzAwNDQ1Mg==	169	-1	-1	-1	-1	-1	-1	-1	-1	-1	-1	-1	-1	-1	-1	-1	-1	-1	-1	-1	-1	-1	-1	-1	-1	-1	-1	-1	-1	-1
XMTQwNjk2OTI0OA==	6	7	-1	-1	-1	-1	-1	-1	-1	-1	-1	-1	-1	-1	-1	-1	-1	-1	-1	-1	-1	-1	-1	-1	-1	-1	-1	-1	-1	-1
XMTQwODI3NjYyOA==	12	34	36	115	270	428	553	672	792	879	1047	1209	1321	1388	1408	1418	-1	-1	-1	-1	-1	-1	-1	-1	-1	-1	-1	-1	-1	-1
XMTQwNDk4MTk1Mg==	7	11	11	8	6	6	6	6	6	6	6	6	6	6	6	6	6	-1	-1	-1	-1	-1	-1	-1	-1	-1	-1	-1	-1	-1
XMTQwNzI1MDczNg==	1	-1	-1	-1	-1	-1	-1	-1	-1	-1	-1	-1	-1	-1	-1	-1	-1	-1	-1	-1	-1	-1	-1	-1	-1	-1	-1	-1	-1	-1
XMTQwNzQ4MzU3Mg==	28	35	36	35	37	37	37	39	39	40	41	44	47	47	47	47	47	48	48	49	51	-1	-1	-1	-1	-1	-1	-1	-1	-1
XMTQwODI3NTUzNg==	6	24	25	27	29	29	29	28	28	28	29	29	30	30	30	30	30	30	32	32	-1	-1	-1	-1	-1	-1	-1	-1	-1	-1
XMTQwNzgwNzI2MA==	6	7	8	6	8	8	8	8	8	8	8	8	8	8	8	8	8	8	8	8	-1	-1	-1	-1	-1	-1	-1	-1	-1	-1
XMTQwODM5NzQ5Mg==	6	-1	-1	-1	-1	-1	-1	-1	-1	-1	-1	-1	-1	-1	-1	-1	-1	-1	-1	-1	-1	-1	-1	-1	-1	-1	-1	-1	-1	-1
XMTQwNzEwNTIxMg==	8	9	9	10	-1	-1	-1	-1	-1	-1	-1	-1	-1	-1	-1	-1	-1	-1	-1	-1	-1	-1	-1	-1	-1	-1	-1	-1	-1	-1
XMTQwNzMwODk0NA==	-1	-1	-1	-1	-1	-1	-1	-1	-1	-1	-1	-1	-1	-1	-1	-1	-1	-1	-1	-1	-1	-1	-1	-1	-1	-1	-1	-1	-1	-1
XMTQwNzU1NzUzMg==	92	103	103	97	96	96	97	97	97	97	97	97	97	97	97	-1	-1	-1	-1	-1	-1	-1	-1	-1	-1	-1	-1	-1	-1	-1
XMTQwODE3Mzk2OA==	37	56	57	55	53	54	59	61	61	62	63	63	65	65	65	65	68	68	68	68	68	68	-1	-1	-1	-1	-1	-1	-1	-1
XMTQwODA4MjEwOA==	8	8	-1	-1	-1	-1	-1	-1	-1	-1	-1	-1	-1	-1	-1	-1	-1	-1	-1	-1	-1	-1	-1	-1	-1	-1	-1	-1	-1	-1
XMTQwODI0Mzk0OA==	78	178	194	226	-1	-1	-1	-1	-1	-1	-1	-1	-1	-1	-1	-1	-1	-1	-1	-1	-1	-1	-1	-1	-1	-1	-1	-1	-1	-1
XMTQwNjk3ODU0NA==	8	8	8	8	11	12	12	12	12	-1	-1	-1	-1	-1	-1	-1	-1	-1	-1	-1	-1	-1	-1	-1	-1	-1	-1	-1	-1	-1
XMTQwODQ3NjE4MA==	4	6	6	6	6	6	-1	-1	-1	-1	-1	-1	-1	-1	-1	-1	-1	-1	-1	-1	-1	-1	-1	-1	-1	-1	-1	-1	-1	-1
XMTQwODI0MzMxMg==	126	246	258	265	-1	-1	-1	-1	-1	-1	-1	-1	-1	-1	-1	-1	-1	-1	-1	-1	-1	-1	-1	-1	-1	-1	-1	-1	-1	-1
XMTQwODU3NDI5Ng==	3	8	8	7	7	7	7	7	7	7	-1	-1	-1	-1	-1	-1	-1	-1	-1	-1	-1	-1	-1	-1	-1	-1	-1	-1	-1	-1
XMTQwODIzODU0MA==	4	5	7	6	6	5	5	5	5	5	7	7	7	2079	2079	2079	2084	2085	2085	-1	-1	-1	-1	-1	-1	-1	-1	-1	-1	-1
XMTQwNzA0Njg5Mg==	43	51	51	51	55	55	55	60	62	63	63	66	69	69	71	71	74	74	75	75	79	83	84	86	87	90	90	-1	-1	-1
XMTQwNzkwNDA1Ng==	71	126	144	153	169	172	179	187	190	200	202	206	211	220	-1	-1	-1	-1	-1	-1	-1	-1	-1	-1	-1	-1	-1	-1	-1	-1
XMTQwNzUzMjUyNA==	155	163	166	170	172	173	175	177	179	-1	-1	-1	-1	-1	-1	-1	-1	-1	-1	-1	-1	-1	-1	-1	-1	-1	-1	-1	-1	-1
XMTQwODM5ODAwNA==	130	287	346	-1	-1	-1	-1	-1	-1	-1	-1	-1	-1	-1	-1	-1	-1	-1	-1	-1	-1	-1	-1	-1	-1	-1	-1	-1	-1	-1
XMTQwNzQyNjIwNA==	4810	4976	4580	4622	4640	4662	4677	-1	-1	-1	-1	-1	-1	-1	-1	-1	-1	-1	-1	-1	-1	-1	-1	-1	-1	-1	-1	-1	-1	-1
XMTQwNzY4MTgwOA==	711	797	808	826	856	879	890	922	940	959	989	1013	1032	1051	1106	1140	1177	1188	1228	1245	1283	1316	1353	1375	1421	1450	1475	1500	-1	-1
XMTQwODUzMDI2NA==	3351	-1	-1	-1	-1	-1	-1	-1	-1	-1	-1	-1	-1	-1	-1	-1	-1	-1	-1	-1	-1	-1	-1	-1	-1	-1	-1	-1	-1	-1
XMTQwNzMxMjE5Mg==	16	16	16	16	22	23	24	25	25	29	29	31	31	31	31	31	31	31	31	31	31	31	-1	-1	-1	-1	-1	-1	-1	-1
XMTQwNzQ0MDI1Ng==	279	287	288	303	330	341	349	352	-1	-1	-1	-1	-1	-1	-1	-1	-1	-1	-1	-1	-1	-1	-1	-1	-1	-1	-1	-1	-1	-1
XMTQwNzgwNDc4NA==	10	11	-1	-1	-1	-1	-1	-1	-1	-1	-1	-1	-1	-1	-1	-1	-1	-1	-1	-1	-1	-1	-1	-1	-1	-1	-1	-1	-1	-1
XMTQwNzYwNjE0MA==	63	68	69	95	105	105	107	108	-1	-1	-1	-1	-1	-1	-1	-1	-1	-1	-1	-1	-1	-1	-1	-1	-1	-1	-1	-1	-1	-1
XMTQwNzg0NDk4MA==	16	2368	2370	-1	-1	-1	-1	-1	-1	-1	-1	-1	-1	-1	-1	-1	-1	-1	-1	-1	-1	-1	-1	-1	-1	-1	-1	-1	-1	-1
XMTQwNzc5NzU0MA==	41	-1	-1	-1	-1	-1	-1	-1	-1	-1	-1	-1	-1	-1	-1	-1	-1	-1	-1	-1	-1	-1	-1	-1	-1	-1	-1	-1	-1	-1
XMTQwNzM3NDY4OA==	37	62	69	74	80	88	91	96	96	96	100	102	102	103	103	103	108	112	112	112	112	112	112	112	114	-1	-1	-1	-1	-1
XMTQwNzkyNDMwNA==	23	-1	-1	-1	-1	-1	-1	-1	-1	-1	-1	-1	-1	-1	-1	-1	-1	-1	-1	-1	-1	-1	-1	-1	-1	-1	-1	-1	-1	-1
XMTQwNzI0MTMzNg==	12	25	28	33	43	45	52	53	54	-1	-1	-1	-1	-1	-1	-1	-1	-1	-1	-1	-1	-1	-1	-1	-1	-1	-1	-1	-1	-1
XMTQwODMxMDQ4MA==	45	-1	-1	-1	-1	-1	-1	-1	-1	-1	-1	-1	-1	-1	-1	-1	-1	-1	-1	-1	-1	-1	-1	-1	-1	-1	-1	-1	-1	-1
XMTQwODIwMDQyMA==	6	-1	-1	-1	-1	-1	-1	-1	-1	-1	-1	-1	-1	-1	-1	-1	-1	-1	-1	-1	-1	-1	-1	-1	-1	-1	-1	-1	-1	-1
XMTQwNzEwNDM0OA==	33	34	33	34	37	38	38	38	40	41	41	42	42	-1	-1	-1	-1	-1	-1	-1	-1	-1	-1	-1	-1	-1	-1	-1	-1	-1
XMTQwODU4MTE2OA==	1	33	-1	-1	-1	-1	-1	-1	-1	-1	-1	-1	-1	-1	-1	-1	-1	-1	-1	-1	-1	-1	-1	-1	-1	-1	-1	-1	-1	-1
XMTQwNzkzMjU4NA==	8	13	22	28	28	27	29	29	29	-1	-1	-1	-1	-1	-1	-1	-1	-1	-1	-1	-1	-1	-1	-1	-1	-1	-1	-1	-1	-1
XMTQwODU0NTIyMA==	2	10	13	-1	-1	-1	-1	-1	-1	-1	-1	-1	-1	-1	-1	-1	-1	-1	-1	-1	-1	-1	-1	-1	-1	-1	-1	-1	-1	-1
XMTQwODIxMzQ4NA==	17	-1	-1	-1	-1	-1	-1	-1	-1	-1	-1	-1	-1	-1	-1	-1	-1	-1	-1	-1	-1	-1	-1	-1	-1	-1	-1	-1	-1	-1
XMTQwNzQ4NjU3Ng==	578	620	577	600	620	639	646	658	668	680	685	690	697	705	-1	-1	-1	-1	-1	-1	-1	-1	-1	-1	-1	-1	-1	-1	-1	-1
XMTQwNzc4ODIxMg==	165	451	683	688	-1	-1	-1	-1	-1	-1	-1	-1	-1	-1	-1	-1	-1	-1	-1	-1	-1	-1	-1	-1	-1	-1	-1	-1	-1	-1
XMTQwNzgxMDc3Mg==	1657	2422	3032	3641	4245	4619	4866	5164	5407	5669	6315	6871	7162	7387	7585	7764	-1	-1	-1	-1	-1	-1	-1	-1	-1	-1	-1	-1	-1	-1
XMTQwNzIxMDU1Mg==	51	59	83	90	104	123	144	156	176	177	182	190	197	201	206	215	232	235	237	237	237	238	238	238	238	238	238	-1	-1	-1
XMTQwNzkzNTkwOA==	7	11	15	15	17	16	17	17	17	-1	-1	-1	-1	-1	-1	-1	-1	-1	-1	-1	-1	-1	-1	-1	-1	-1	-1	-1	-1	-1
XMTQwODI0NDMyMA==	81	-1	-1	-1	-1	-1	-1	-1	-1	-1	-1	-1	-1	-1	-1	-1	-1	-1	-1	-1	-1	-1	-1	-1	-1	-1	-1	-1	-1	-1
XMTQwNzcyMDUwMA==	70	81	86	86	90	91	93	93	93	94	94	94	94	94	94	94	94	94	94	-1	-1	-1	-1	-1	-1	-1	-1	-1	-1	-1
XMTQwNzQ1Mzc2NA==	591	1029	2009	2009	1973	1930	1932	-1	-1	-1	-1	-1	-1	-1	-1	-1	-1	-1	-1	-1	-1	-1	-1	-1	-1	-1	-1	-1	-1	-1
XMTQwNzg1MjEyNA==	12	-1	-1	-1	-1	-1	-1	-1	-1	-1	-1	-1	-1	-1	-1	-1	-1	-1	-1	-1	-1	-1	-1	-1	-1	-1	-1	-1	-1	-1
XMTQwODM4NjEwOA==	47	198	261	-1	-1	-1	-1	-1	-1	-1	-1	-1	-1	-1	-1	-1	-1	-1	-1	-1	-1	-1	-1	-1	-1	-1	-1	-1	-1	-1
XMTQwNzUxNTQ2OA==	156	202	220	-1	-1	-1	-1	-1	-1	-1	-1	-1	-1	-1	-1	-1	-1	-1	-1	-1	-1	-1	-1	-1	-1	-1	-1	-1	-1	-1
XMTQwNzU3NzA3Mg==	925	1202	1217	1263	1303	1315	1322	1332	1334	1336	-1	-1	-1	-1	-1	-1	-1	-1	-1	-1	-1	-1	-1	-1	-1	-1	-1	-1	-1	-1
XMTQwNzkzNzY1Mg==	191	263	268	260	260	260	260	260	260	260	260	260	260	260	260	260	260	260	260	260	260	260	260	260	-1	-1	-1	-1	-1	-1
XMTQwODQyODc4OA==	22	29	-1	-1	-1	-1	-1	-1	-1	-1	-1	-1	-1	-1	-1	-1	-1	-1	-1	-1	-1	-1	-1	-1	-1	-1	-1	-1	-1	-1
XMTQwNzQ3ODg5Ng==	43	45	44	42	44	44	44	45	45	45	45	45	45	45	45	45	45	45	48	49	49	-1	-1	-1	-1	-1	-1	-1	-1	-1
XMTQwODI2NDMzNg==	1	1	-1	-1	-1	-1	-1	-1	-1	-1	-1	-1	-1	-1	-1	-1	-1	-1	-1	-1	-1	-1	-1	-1	-1	-1	-1	-1	-1	-1
XMTQwODAzMTgxNg==	4	-1	-1	-1	-1	-1	-1	-1	-1	-1	-1	-1	-1	-1	-1	-1	-1	-1	-1	-1	-1	-1	-1	-1	-1	-1	-1	-1	-1	-1
XMTQwODQ3Nzg4NA==	6	7	8	8	10	10	-1	-1	-1	-1	-1	-1	-1	-1	-1	-1	-1	-1	-1	-1	-1	-1	-1	-1	-1	-1	-1	-1	-1	-1
XMTQwNzUyODQyOA==	131	138	134	139	142	143	144	144	144	-1	-1	-1	-1	-1	-1	-1	-1	-1	-1	-1	-1	-1	-1	-1	-1	-1	-1	-1	-1	-1
XMTQwNzE5MDY2OA==	158	179	181	181	183	186	186	186	186	189	197	199	-1	-1	-1	-1	-1	-1	-1	-1	-1	-1	-1	-1	-1	-1	-1	-1	-1	-1
XMTQwODI0NjY1Mg==	106	202	520	546	-1	-1	-1	-1	-1	-1	-1	-1	-1	-1	-1	-1	-1	-1	-1	-1	-1	-1	-1	-1	-1	-1	-1	-1	-1	-1
XMTQwNzY4MjE4OA==	2	6	6	-1	-1	-1	-1	-1	-1	-1	-1	-1	-1	-1	-1	-1	-1	-1	-1	-1	-1	-1	-1	-1	-1	-1	-1	-1	-1	-1
XMTQwNzY5MDM3Mg==	5	6	-1	-1	-1	-1	-1	-1	-1	-1	-1	-1	-1	-1	-1	-1	-1	-1	-1	-1	-1	-1	-1	-1	-1	-1	-1	-1	-1	-1
XMTQwNzg5MDQzNg==	7	-1	-1	-1	-1	-1	-1	-1	-1	-1	-1	-1	-1	-1	-1	-1	-1	-1	-1	-1	-1	-1	-1	-1	-1	-1	-1	-1	-1	-1
XMTQwODExNzI2MA==	12	-1	-1	-1	-1	-1	-1	-1	-1	-1	-1	-1	-1	-1	-1	-1	-1	-1	-1	-1	-1	-1	-1	-1	-1	-1	-1	-1	-1	-1
XMTQwNzgwOTc4OA==	-1	-1	-1	-1	-1	-1	-1	-1	-1	-1	-1	-1	-1	-1	-1	-1	-1	-1	-1	-1	-1	-1	-1	-1	-1	-1	-1	-1	-1	-1
XMTQwODE1OTEwNA==	69505	219549	-1	-1	-1	-1	-1	-1	-1	-1	-1	-1	-1	-1	-1	-1	-1	-1	-1	-1	-1	-1	-1	-1	-1	-1	-1	-1	-1	-1
XMTQwNzQ3NTc4NA==	178	180	166	-1	-1	-1	-1	-1	-1	-1	-1	-1	-1	-1	-1	-1	-1	-1	-1	-1	-1	-1	-1	-1	-1	-1	-1	-1	-1	-1
XMTQwNzUwMDE2OA==	29	53	54	54	54	54	54	54	54	54	54	54	54	54	54	54	54	55	55	-1	-1	-1	-1	-1	-1	-1	-1	-1	-1	-1
XMTQwNzA4NzE5Mg==	359	390	371	385	412	420	423	426	435	445	451	457	461	464	467	480	486	486	489	498	503	511	520	523	532	537	538	543	-1	-1
XMTQwODU3OTc0NA==	5	8	8	7	7	7	7	7	7	7	-1	-1	-1	-1	-1	-1	-1	-1	-1	-1	-1	-1	-1	-1	-1	-1	-1	-1	-1	-1
XMTQwNzIwMTc2NA==	6	6	5	5	-1	-1	-1	-1	-1	-1	-1	-1	-1	-1	-1	-1	-1	-1	-1	-1	-1	-1	-1	-1	-1	-1	-1	-1	-1	-1
XMTQwNzIzNDc2OA==	136	144	147	-1	-1	-1	-1	-1	-1	-1	-1	-1	-1	-1	-1	-1	-1	-1	-1	-1	-1	-1	-1	-1	-1	-1	-1	-1	-1	-1
XMTQwNjk3MTYwNA==	151	165	166	170	168	172	173	175	180	184	187	189	190	194	201	204	206	206	206	206	208	210	212	-1	-1	-1	-1	-1	-1	-1
XMTQwNzIxODgwOA==	621	655	665	675	-1	682	-1	-1	-1	-1	-1	-1	-1	-1	-1	-1	-1	-1	-1	-1	-1	-1	-1	-1	-1	-1	-1	-1	-1	-1
XMTQwODI5OTE0MA==	3	4	4	4	5	6	6	6	6	6	6	6	6	2061	2061	2061	2061	2061	2061	-1	-1	-1	-1	-1	-1	-1	-1	-1	-1	-1
XMTQwNTcwOTMyMA==	8	17	23	24	26	27	26	24	24	24	24	24	24	24	24	24	24	24	24	24	24	24	24	-1	-1	-1	-1	-1	-1	-1
XMTQwODIzODY5Ng==	62	91	-1	-1	-1	-1	-1	-1	-1	-1	-1	-1	-1	-1	-1	-1	-1	-1	-1	-1	-1	-1	-1	-1	-1	-1	-1	-1	-1	-1
XMTQwNzk5NjA1Mg==	1764	3135	3371	3530	3635	3742	3803	3865	3918	3967	4006	4057	-1	-1	-1	-1	-1	-1	-1	-1	-1	-1	-1	-1	-1	-1	-1	-1	-1	-1
XMTQwNzc5MDc1Mg==	8	12	12	10	10	10	23	-1	-1	-1	-1	-1	-1	-1	-1	-1	-1	-1	-1	-1	-1	-1	-1	-1	-1	-1	-1	-1	-1	-1
XMTQwODQxNjI5Ng==	23280	-1	-1	-1	-1	-1	-1	-1	-1	-1	-1	-1	-1	-1	-1	-1	-1	-1	-1	-1	-1	-1	-1	-1	-1	-1	-1	-1	-1	-1
XMTQwNzY5ODM2MA==	-1	-1	-1	-1	-1	-1	-1	-1	-1	-1	-1	-1	-1	-1	-1	-1	-1	-1	-1	-1	-1	-1	-1	-1	-1	-1	-1	-1	-1	-1
XMTQwNzQ3NDMwOA==	17	-1	-1	-1	-1	-1	-1	-1	-1	-1	-1	-1	-1	-1	-1	-1	-1	-1	-1	-1	-1	-1	-1	-1	-1	-1	-1	-1	-1	-1
XMTQwODQ4NzM4MA==	658	1041	1107	1165	1206	1245	1263	1288	1335	1356	1371	1385	1389	1404	1419	-1	-1	-1	-1	-1	-1	-1	-1	-1	-1	-1	-1	-1	-1	-1
XMTQwODI0NDA4OA==	5	-1	-1	-1	-1	-1	-1	-1	-1	-1	-1	-1	-1	-1	-1	-1	-1	-1	-1	-1	-1	-1	-1	-1	-1	-1	-1	-1	-1	-1
XMTQwNzIzMjc2NA==	6	6	5	5	9	9	9	9	9	9	9	9	9	9	9	9	9	9	9	9	9	9	9	9	9	-1	-1	-1	-1	-1
XMTQwODQ1NzMyOA==	5	-1	-1	-1	-1	-1	-1	-1	-1	-1	-1	-1	-1	-1	-1	-1	-1	-1	-1	-1	-1	-1	-1	-1	-1	-1	-1	-1	-1	-1
XMTQwNzYzMDQwMA==	12	-1	-1	-1	-1	-1	-1	-1	-1	-1	-1	-1	-1	-1	-1	-1	-1	-1	-1	-1	-1	-1	-1	-1	-1	-1	-1	-1	-1	-1
XMTQwNzgyNDc3Mg==	57	-1	-1	-1	-1	-1	-1	-1	-1	-1	-1	-1	-1	-1	-1	-1	-1	-1	-1	-1	-1	-1	-1	-1	-1	-1	-1	-1	-1	-1
XMTQwNjk3MTUyMA==	90	116	123	124	124	129	134	136	140	143	146	144	145	145	147	147	152	153	157	159	162	163	163	-1	-1	-1	-1	-1	-1	-1
XMTQwNzg5NDY4NA==	20	27	31	32	31	32	-1	-1	-1	-1	-1	-1	-1	-1	-1	-1	-1	-1	-1	-1	-1	-1	-1	-1	-1	-1	-1	-1	-1	-1
XMTQwNzI5NjI3Ng==	16	24	25	26	28	27	28	28	28	28	29	29	29	30	31	33	40	40	41	-1	-1	-1	-1	-1	-1	-1	-1	-1	-1	-1
XMTQwNzUxNzk0MA==	385	436	453	465	482	500	509	528	546	554	555	565	577	587	593	602	609	610	622	627	632	637	643	-1	-1	-1	-1	-1	-1	-1
XMTQwNzQ5MDcwNA==	92	101	97	101	110	113	122	126	128	128	133	142	142	144	147	154	157	159	162	167	169	173	-1	-1	-1	-1	-1	-1	-1	-1
XMTQwNzM4MjgyOA==	42	46	51	56	70	75	76	77	77	79	79	79	79	79	85	86	86	86	86	86	87	87	87	87	87	87	-1	-1	-1	-1
XMTQwODI1MDk4OA==	4	4	5	5	5	4	4	4	4	4	4	4	-1	-1	-1	-1	-1	-1	-1	-1	-1	-1	-1	-1	-1	-1	-1	-1	-1	-1
XMTQwNzIyNTE0OA==	64	80	86	-1	-1	-1	-1	-1	-1	-1	-1	-1	-1	-1	-1	-1	-1	-1	-1	-1	-1	-1	-1	-1	-1	-1	-1	-1	-1	-1
XMTQwNzYyNjQyOA==	40	43	45	44	-1	-1	-1	-1	-1	-1	-1	-1	-1	-1	-1	-1	-1	-1	-1	-1	-1	-1	-1	-1	-1	-1	-1	-1	-1	-1
XMTQwNzIwNzA0NA==	5812	5854	5877	5893	5912	-1	-1	-1	-1	-1	-1	-1	-1	-1	-1	-1	-1	-1	-1	-1	-1	-1	-1	-1	-1	-1	-1	-1	-1	-1
XMTQwODA3MTIxMg==	223	303	322	307	323	328	333	337	338	340	356	379	382	390	393	396	-1	-1	-1	-1	-1	-1	-1	-1	-1	-1	-1	-1	-1	-1
XMTQwODEyNzczNg==	14	20	20	20	21	21	21	21	21	21	21	21	21	21	21	22	22	22	22	-1	-1	-1	-1	-1	-1	-1	-1	-1	-1	-1
XMTQwNzQ3NjA5Mg==	126	136	143	144	148	148	149	148	153	153	153	150	150	151	151	151	151	152	152	152	152	-1	-1	-1	-1	-1	-1	-1	-1	-1
XMTQwNzcxMjcwOA==	1	2	-1	-1	-1	-1	-1	-1	-1	-1	-1	-1	-1	-1	-1	-1	-1	-1	-1	-1	-1	-1	-1	-1	-1	-1	-1	-1	-1	-1
XMTQwNzE3NjgxMg==	22	26	24	25	25	26	27	27	27	27	29	30	31	31	31	31	31	31	32	32	-1	-1	-1	-1	-1	-1	-1	-1	-1	-1
XMTQwODAwODAxNg==	642	833	857	847	851	855	857	862	866	868	868	872	873	875	-1	-1	-1	-1	-1	-1	-1	-1	-1	-1	-1	-1	-1	-1	-1	-1
XMTQwNzAzODQ5Ng==	35	42	47	47	53	58	63	72	72	79	79	80	82	86	90	90	91	98	100	100	102	104	104	102	103	104	105	-1	-1	-1
XMTQwODUxMzAyNA==	175	552	563	537	529	533	537	538	-1	-1	-1	-1	-1	-1	-1	-1	-1	-1	-1	-1	-1	-1	-1	-1	-1	-1	-1	-1	-1	-1
XMTQwODE0NTM3Ng==	34	-1	-1	-1	-1	-1	-1	-1	-1	-1	-1	-1	-1	-1	-1	-1	-1	-1	-1	-1	-1	-1	-1	-1	-1	-1	-1	-1	-1	-1
XMTQwNzc1NTc0NA==	19	19	19	18	19	20	20	21	21	21	21	21	26	52	64	83	102	117	127	143	168	202	211	224	248	267	283	-1	-1	-1
XMTQwNzc0MDM1Ng==	2	-1	-1	-1	-1	-1	-1	-1	-1	-1	-1	-1	-1	-1	-1	-1	-1	-1	-1	-1	-1	-1	-1	-1	-1	-1	-1	-1	-1	-1
XMTQwODAzMjUzNg==	5	-1	-1	-1	-1	-1	-1	-1	-1	-1	-1	-1	-1	-1	-1	-1	-1	-1	-1	-1	-1	-1	-1	-1	-1	-1	-1	-1	-1	-1
XMTQwNzgzOTcwNA==	22	49	53	57	-1	-1	-1	-1	-1	-1	-1	-1	-1	-1	-1	-1	-1	-1	-1	-1	-1	-1	-1	-1	-1	-1	-1	-1	-1	-1
XMTQwNzY1NDE1Ng==	64	65	65	63	64	64	64	64	64	64	64	65	66	66	66	66	66	66	-1	-1	-1	-1	-1	-1	-1	-1	-1	-1	-1	-1
XMTQwNzI4NzE1Ng==	12	-1	-1	-1	-1	-1	-1	-1	-1	-1	-1	-1	-1	-1	-1	-1	-1	-1	-1	-1	-1	-1	-1	-1	-1	-1	-1	-1	-1	-1
XMTQwNzY3NTMxNg==	31	41	43	46	54	59	64	65	-1	-1	-1	-1	-1	-1	-1	-1	-1	-1	-1	-1	-1	-1	-1	-1	-1	-1	-1	-1	-1	-1
XMTQwNzQwMzMwOA==	12	17	20	21	22	22	22	22	24	-1	-1	-1	-1	-1	-1	-1	-1	-1	-1	-1	-1	-1	-1	-1	-1	-1	-1	-1	-1	-1
XMTQwODMxNDMwNA==	139	219	271	389	518	606	689	755	827	919	1071	1208	1300	1425	1524	1578	1673	1717	1801	1847	1908	1962	2019	2086	2147	2189	2213	2238	-1	-1
XMTQwNzE0NzA1Mg==	10	10	7	6	6	6	6	6	6	6	6	6	-1	-1	-1	-1	-1	-1	-1	-1	-1	-1	-1	-1	-1	-1	-1	-1	-1	-1
XMTQwODEyMDE2NA==	6	-1	-1	-1	-1	-1	-1	-1	-1	-1	-1	-1	-1	-1	-1	-1	-1	-1	-1	-1	-1	-1	-1	-1	-1	-1	-1	-1	-1	-1
XMTQwODIzNDQwNA==	1	-1	-1	-1	-1	-1	-1	-1	-1	-1	-1	-1	-1	-1	-1	-1	-1	-1	-1	-1	-1	-1	-1	-1	-1	-1	-1	-1	-1	-1
XMTQwNzI4NTc5Mg==	126	140	154	160	178	186	196	205	215	224	234	244	252	276	-1	-1	-1	-1	-1	-1	-1	-1	-1	-1	-1	-1	-1	-1	-1	-1
XMTQwODExODM4OA==	8	-1	-1	-1	-1	-1	-1	-1	-1	-1	-1	-1	-1	-1	-1	-1	-1	-1	-1	-1	-1	-1	-1	-1	-1	-1	-1	-1	-1	-1
XMTQwNzk5MDQwNA==	35	-1	-1	-1	-1	-1	-1	-1	-1	-1	-1	-1	-1	-1	-1	-1	-1	-1	-1	-1	-1	-1	-1	-1	-1	-1	-1	-1	-1	-1
XMTQwNzk3MDkwNA==	26	29	30	30	30	30	30	-1	-1	-1	-1	-1	-1	-1	-1	-1	-1	-1	-1	-1	-1	-1	-1	-1	-1	-1	-1	-1	-1	-1
XMTQwODE2MjQ4NA==	2	3	20	22	26	26	26	29	29	35	35	39	39	40	40	45	51	54	54	55	56	56	57	60	60	60	60	61	61	-1
XMTQwNzEzNzEyOA==	155	167	164	174	-1	-1	-1	-1	-1	-1	-1	-1	-1	-1	-1	-1	-1	-1	-1	-1	-1	-1	-1	-1	-1	-1	-1	-1	-1	-1
XMTQwNzEyMTE1Ng==	16	18	17	-1	-1	-1	-1	-1	-1	-1	-1	-1	-1	-1	-1	-1	-1	-1	-1	-1	-1	-1	-1	-1	-1	-1	-1	-1	-1	-1
XMTQwNzg3MjU1Ng==	95	433	-1	-1	-1	-1	-1	-1	-1	-1	-1	-1	-1	-1	-1	-1	-1	-1	-1	-1	-1	-1	-1	-1	-1	-1	-1	-1	-1	-1
XMTQwODA2MjIyMA==	1015	1434	1484	1484	1556	1574	1623	1655	1723	1769	1846	1923	1976	2036	2120	2157	2241	2280	2339	2382	2419	2468	2519	2613	2677	2749	2796	2842	-1	-1
XMTQwODQ3MTcwMA==	9	-1	-1	-1	-1	-1	-1	-1	-1	-1	-1	-1	-1	-1	-1	-1	-1	-1	-1	-1	-1	-1	-1	-1	-1	-1	-1	-1	-1	-1
XMTQwNzkxMDI5Mg==	13	32	37	39	-1	-1	-1	-1	-1	-1	-1	-1	-1	-1	-1	-1	-1	-1	-1	-1	-1	-1	-1	-1	-1	-1	-1	-1	-1	-1
XMTQwNzM5OTQ1Mg==	6	-1	-1	-1	-1	-1	-1	-1	-1	-1	-1	-1	-1	-1	-1	-1	-1	-1	-1	-1	-1	-1	-1	-1	-1	-1	-1	-1	-1	-1
XMTQwNzk5ODgxMg==	42	-1	-1	-1	-1	-1	-1	-1	-1	-1	-1	-1	-1	-1	-1	-1	-1	-1	-1	-1	-1	-1	-1	-1	-1	-1	-1	-1	-1	-1
XMTQwNzA5MTU3Ng==	10	-1	-1	-1	-1	-1	-1	-1	-1	-1	-1	-1	-1	-1	-1	-1	-1	-1	-1	-1	-1	-1	-1	-1	-1	-1	-1	-1	-1	-1
XMTQwNzY3OTQ2OA==	14	16	16	16	16	16	17	-1	-1	-1	-1	-1	-1	-1	-1	-1	-1	-1	-1	-1	-1	-1	-1	-1	-1	-1	-1	-1	-1	-1
XMTQwODAxMjM4NA==	207	308	347	-1	-1	-1	-1	-1	-1	-1	-1	-1	-1	-1	-1	-1	-1	-1	-1	-1	-1	-1	-1	-1	-1	-1	-1	-1	-1	-1
XMTQwNzYyMzA2OA==	20	31	-1	-1	-1	-1	-1	-1	-1	-1	-1	-1	-1	-1	-1	-1	-1	-1	-1	-1	-1	-1	-1	-1	-1	-1	-1	-1	-1	-1
XMTQwMjE2MTgwNA==	7	9	10	9	8	8	8	8	8	8	8	8	8	8	-1	-1	-1	-1	-1	-1	-1	-1	-1	-1	-1	-1	-1	-1	-1	-1
XMTQwNzQ1NTQwOA==	1	-1	-1	-1	-1	-1	-1	-1	-1	-1	-1	-1	-1	-1	-1	-1	-1	-1	-1	-1	-1	-1	-1	-1	-1	-1	-1	-1	-1	-1
XMTQwNzQ5NzI1Mg==	-1	-1	-1	-1	-1	-1	-1	-1	-1	-1	-1	-1	-1	-1	-1	-1	-1	-1	-1	-1	-1	-1	-1	-1	-1	-1	-1	-1	-1	-1
XMTQwNzk1OTYwNA==	6	7	7	6	8	8	8	8	8	-1	-1	-1	-1	-1	-1	-1	-1	-1	-1	-1	-1	-1	-1	-1	-1	-1	-1	-1	-1	-1
XMTQwNzI3MjMxMg==	22	22	22	23	23	26	26	-1	-1	-1	-1	-1	-1	-1	-1	-1	-1	-1	-1	-1	-1	-1	-1	-1	-1	-1	-1	-1	-1	-1
XMTQwODU5NDE2NA==	1	-1	-1	-1	-1	-1	-1	-1	-1	-1	-1	-1	-1	-1	-1	-1	-1	-1	-1	-1	-1	-1	-1	-1	-1	-1	-1	-1	-1	-1
XMTQwNzkyMTAwNA==	-1	-1	-1	-1	-1	-1	-1	-1	-1	-1	-1	-1	-1	-1	-1	-1	-1	-1	-1	-1	-1	-1	-1	-1	-1	-1	-1	-1	-1	-1
XMTQwODE5NzMxMg==	6	10	10	8	8	8	8	8	8	8	8	8	8	8	8	8	8	8	8	-1	-1	-1	-1	-1	-1	-1	-1	-1	-1	-1
XMTQwODIzMjk5Ng==	5	5	-1	-1	-1	-1	-1	-1	-1	-1	-1	-1	-1	-1	-1	-1	-1	-1	-1	-1	-1	-1	-1	-1	-1	-1	-1	-1	-1	-1
XMTQwODQwMDQyMA==	10	31	44	-1	-1	-1	-1	-1	-1	-1	-1	-1	-1	-1	-1	-1	-1	-1	-1	-1	-1	-1	-1	-1	-1	-1	-1	-1	-1	-1
XMTQwNzM1OTM1Mg==	7	7	7	-1	-1	-1	-1	-1	-1	-1	-1	-1	-1	-1	-1	-1	-1	-1	-1	-1	-1	-1	-1	-1	-1	-1	-1	-1	-1	-1
XMTQwNzcyNTAwOA==	96	219	299	374	448	502	549	588	607	639	667	709	722	755	779	801	837	853	-1	-1	-1	-1	-1	-1	-1	-1	-1	-1	-1	-1
XMTQwNzA5NzQ0MA==	268	295	288	308	322	326	333	342	358	367	-1	-1	-1	-1	-1	-1	-1	-1	-1	-1	-1	-1	-1	-1	-1	-1	-1	-1	-1	-1
XMTQwNzczMTA1Mg==	14	-1	-1	-1	-1	-1	-1	-1	-1	-1	-1	-1	-1	-1	-1	-1	-1	-1	-1	-1	-1	-1	-1	-1	-1	-1	-1	-1	-1	-1
XMTQwNjk0NTU5Mg==	75	97	112	113	117	121	121	127	132	137	139	143	147	150	155	157	-1	-1	-1	-1	-1	-1	-1	-1	-1	-1	-1	-1	-1	-1
XMTQwNzcwNzQ1Ng==	318	525	759	1058	4455	6132	6869	7141	7412	7792	8452	9169	9550	9976	10352	10696	11210	11475	11897	12137	12403	12677	12993	13383	13762	14169	14386	14665	-1	-1
XMTQwODEyOTg1Ng==	6	14	14	14	14	15	-1	-1	-1	-1	-1	-1	-1	-1	-1	-1	-1	-1	-1	-1	-1	-1	-1	-1	-1	-1	-1	-1	-1	-1
XMTQwODA4NzExNg==	12	17	17	-1	-1	-1	-1	-1	-1	-1	-1	-1	-1	-1	-1	-1	-1	-1	-1	-1	-1	-1	-1	-1	-1	-1	-1	-1	-1	-1
XMTQwNzg5NTUxMg==	9	-1	-1	-1	-1	-1	-1	-1	-1	-1	-1	-1	-1	-1	-1	-1	-1	-1	-1	-1	-1	-1	-1	-1	-1	-1	-1	-1	-1	-1
XMTQwNzUyMzMxNg==	73	77	78	96	106	108	110	114	116	121	-1	-1	-1	-1	-1	-1	-1	-1	-1	-1	-1	-1	-1	-1	-1	-1	-1	-1	-1	-1
XMTQwNzU1NDM5Ng==	666	709	752	779	800	810	820	829	844	875	896	914	927	938	957	968	-1	-1	-1	-1	-1	-1	-1	-1	-1	-1	-1	-1	-1	-1
XMTQwNzAwMDkyMA==	11	13	13	14	19	21	22	21	21	24	25	30	31	31	31	33	33	33	37	38	-1	-1	-1	-1	-1	-1	-1	-1	-1	-1
XMTQwNzI5MTU1Ng==	39	42	41	39	39	40	-1	-1	-1	-1	-1	-1	-1	-1	-1	-1	-1	-1	-1	-1	-1	-1	-1	-1	-1	-1	-1	-1	-1	-1
XMTQwNzg2Mjc0OA==	63	79	-1	-1	-1	-1	-1	-1	-1	-1	-1	-1	-1	-1	-1	-1	-1	-1	-1	-1	-1	-1	-1	-1	-1	-1	-1	-1	-1	-1
XMTQwNzM2OTgzNg==	175	183	185	186	186	186	186	186	186	187	187	188	188	188	188	188	189	189	189	189	189	189	-1	-1	-1	-1	-1	-1	-1	-1
XMTQwODQ1NjczMg==	1	5	5	5	5	5	5	-1	-1	-1	-1	-1	-1	-1	-1	-1	-1	-1	-1	-1	-1	-1	-1	-1	-1	-1	-1	-1	-1	-1
XMTQwODM4MTYwNA==	45	-1	-1	-1	-1	-1	-1	-1	-1	-1	-1	-1	-1	-1	-1	-1	-1	-1	-1	-1	-1	-1	-1	-1	-1	-1	-1	-1	-1	-1
XMTQwNzc4MjE5Ng==	26	30	30	31	33	33	33	33	33	33	33	33	33	33	33	33	33	33	33	-1	-1	-1	-1	-1	-1	-1	-1	-1	-1	-1
XMTQwNzM4NDI2NA==	42	42	43	44	45	45	46	46	46	46	46	46	-1	-1	-1	-1	-1	-1	-1	-1	-1	-1	-1	-1	-1	-1	-1	-1	-1	-1
XMTQwNzY0NzEyNA==	72	80	79	88	101	102	106	112	113	118	120	125	126	128	131	133	138	143	149	149	154	156	158	160	168	170	169	167	169	-1
XMTQwNzY1OTQ1Ng==	89	-1	-1	-1	-1	-1	-1	-1	-1	-1	-1	-1	-1	-1	-1	-1	-1	-1	-1	-1	-1	-1	-1	-1	-1	-1	-1	-1	-1	-1
XMTQwNzIzMDI4NA==	4	4	3	3	3	3	3	-1	-1	-1	-1	-1	-1	-1	-1	-1	-1	-1	-1	-1	-1	-1	-1	-1	-1	-1	-1	-1	-1	-1
XMTQwODUxODg4OA==	-1	-1	-1	-1	-1	-1	-1	-1	-1	-1	-1	-1	-1	-1	-1	-1	-1	-1	-1	-1	-1	-1	-1	-1	-1	-1	-1	-1	-1	-1
XMTQwNzcxNTk4MA==	4	8	9	8	10	9	9	9	9	9	9	9	9	9	9	11	11	11	13	-1	-1	-1	-1	-1	-1	-1	-1	-1	-1	-1
XMTQwNzIyMjc4MA==	101	123	125	125	-1	-1	-1	-1	-1	-1	-1	-1	-1	-1	-1	-1	-1	-1	-1	-1	-1	-1	-1	-1	-1	-1	-1	-1	-1	-1
XMTQwNzc3NzE0OA==	152	-1	-1	-1	-1	-1	-1	-1	-1	-1	-1	-1	-1	-1	-1	-1	-1	-1	-1	-1	-1	-1	-1	-1	-1	-1	-1	-1	-1	-1
XMTQwODA5Mjk2OA==	14	17	17	16	17	20	20	22	24	24	25	25	25	25	26	28	29	29	29	29	30	-1	-1	-1	-1	-1	-1	-1	-1	-1
XMTQwNzg3MDg2MA==	720	888	923	910	-1	-1	-1	-1	-1	-1	-1	-1	-1	-1	-1	-1	-1	-1	-1	-1	-1	-1	-1	-1	-1	-1	-1	-1	-1	-1
XMTQwODIzMDE1Mg==	12	-1	-1	-1	-1	-1	-1	-1	-1	-1	-1	-1	-1	-1	-1	-1	-1	-1	-1	-1	-1	-1	-1	-1	-1	-1	-1	-1	-1	-1
XMTQwNjk3MDg0MA==	168	209	233	244	248	258	264	267	279	284	289	294	298	301	307	312	317	318	322	332	337	342	351	-1	-1	-1	-1	-1	-1	-1
XMTQwODEyMDcxNg==	2	2	2	1	1	1	1	-1	-1	-1	-1	-1	-1	-1	-1	-1	-1	-1	-1	-1	-1	-1	-1	-1	-1	-1	-1	-1	-1	-1
XMTQwNzI0MTgyOA==	93	156	164	163	163	161	161	161	162	-1	-1	-1	-1	-1	-1	-1	-1	-1	-1	-1	-1	-1	-1	-1	-1	-1	-1	-1	-1	-1
XMTQwODM5NjcwOA==	1	2	2	2	2	4	5	5	5	7	8	8	8	8	8	9	12	12	15	-1	-1	-1	-1	-1	-1	-1	-1	-1	-1	-1
XMTQwODI3OTE1Ng==	2	9	9	9	10	10	10	9	9	9	9	9	9	9	9	9	10	10	11	11	-1	-1	-1	-1	-1	-1	-1	-1	-1	-1
XMTQwODM5MjgyMA==	34	110	138	-1	-1	-1	-1	-1	-1	-1	-1	-1	-1	-1	-1	-1	-1	-1	-1	-1	-1	-1	-1	-1	-1	-1	-1	-1	-1	-1
XMTQwODAxNTY2NA==	609	1272	1457	1643	1806	1945	2062	2193	2284	2354	2410	2491	-1	-1	-1	-1	-1	-1	-1	-1	-1	-1	-1	-1	-1	-1	-1	-1	-1	-1
XMTQwNzk2ODA4MA==	21	47	48	52	51	58	61	64	67	67	67	-1	-1	-1	-1	-1	-1	-1	-1	-1	-1	-1	-1	-1	-1	-1	-1	-1	-1	-1
XMTQwNzc3ODA3Mg==	24	32	39	43	41	-1	-1	-1	-1	-1	-1	-1	-1	-1	-1	-1	-1	-1	-1	-1	-1	-1	-1	-1	-1	-1	-1	-1	-1	-1
XMTQwNzY1MzYwMA==	55	58	60	62	64	66	66	67	-1	-1	-1	-1	-1	-1	-1	-1	-1	-1	-1	-1	-1	-1	-1	-1	-1	-1	-1	-1	-1	-1
XMTQwNzcyMDU5Ng==	304	388	411	421	440	457	474	484	506	517	527	551	563	579	596	622	643	646	654	662	678	689	698	-1	-1	-1	-1	-1	-1	-1
XMTQwNzMxNzUzMg==	52	59	79	84	93	115	123	139	145	158	162	169	172	173	217	218	220	220	221	223	233	234	235	236	237	-1	-1	-1	-1	-1
XMTQwNzcxNTYwNA==	368	519	579	607	-1	-1	-1	-1	-1	-1	-1	-1	-1	-1	-1	-1	-1	-1	-1	-1	-1	-1	-1	-1	-1	-1	-1	-1	-1	-1
XMTQwNzYzMjQwOA==	50	85	89	90	90	96	97	98	103	108	131	131	131	128	133	134	134	135	138	138	140	145	145	-1	-1	-1	-1	-1	-1	-1
XMTQwNzUwMDIwMA==	1095	1136	1074	1086	1098	1107	1113	1116	1122	1131	1136	1140	1145	1152	1159	1168	1179	1183	1196	1204	1209	1211	1219	1224	1233	1236	1236	1238	-1	-1
XMTQwNzIxMDg1Ng==	62	71	73	81	-1	-1	-1	-1	-1	-1	-1	-1	-1	-1	-1	-1	-1	-1	-1	-1	-1	-1	-1	-1	-1	-1	-1	-1	-1	-1
XMTQwODE4Nzg1Mg==	6	8	10	7	7	6	6	6	6	-1	-1	-1	-1	-1	-1	-1	-1	-1	-1	-1	-1	-1	-1	-1	-1	-1	-1	-1	-1	-1
XMTQwNzQzMzk4MA==	146	154	162	167	169	-1	-1	-1	-1	-1	-1	-1	-1	-1	-1	-1	-1	-1	-1	-1	-1	-1	-1	-1	-1	-1	-1	-1	-1	-1
XMTQwNzI0MTYyMA==	298	-1	-1	-1	-1	-1	-1	-1	-1	-1	-1	-1	-1	-1	-1	-1	-1	-1	-1	-1	-1	-1	-1	-1	-1	-1	-1	-1	-1	-1
XMTQwNjk1OTE5Mg==	93	119	128	136	156	-1	-1	-1	-1	-1	-1	-1	-1	-1	-1	-1	-1	-1	-1	-1	-1	-1	-1	-1	-1	-1	-1	-1	-1	-1
XMTQwNzkwMjA4MA==	11	13	14	14	14	14	-1	-1	-1	-1	-1	-1	-1	-1	-1	-1	-1	-1	-1	-1	-1	-1	-1	-1	-1	-1	-1	-1	-1	-1
XMTQwODQ0MTI3Mg==	17	30	32	35	35	35	35	42	44	45	-1	-1	-1	-1	-1	-1	-1	-1	-1	-1	-1	-1	-1	-1	-1	-1	-1	-1	-1	-1
XMTQwNzgwOTEzMg==	14	22	35	39	42	-1	-1	-1	-1	-1	-1	-1	-1	-1	-1	-1	-1	-1	-1	-1	-1	-1	-1	-1	-1	-1	-1	-1	-1	-1
XMTQwODI5NDc0NA==	6	7	7	7	7	7	-1	-1	-1	-1	-1	-1	-1	-1	-1	-1	-1	-1	-1	-1	-1	-1	-1	-1	-1	-1	-1	-1	-1	-1
XMTQwODI4NzAxNg==	4	8	10	13	14	21	21	22	23	23	25	25	-1	-1	-1	-1	-1	-1	-1	-1	-1	-1	-1	-1	-1	-1	-1	-1	-1	-1
XMTQwNzY1NjE2MA==	8466	10631	-1	-1	-1	-1	-1	-1	-1	-1	-1	-1	-1	-1	-1	-1	-1	-1	-1	-1	-1	-1	-1	-1	-1	-1	-1	-1	-1	-1
XMTQwODE2NzU3Ng==	7	9	9	9	9	-1	-1	-1	-1	-1	-1	-1	-1	-1	-1	-1	-1	-1	-1	-1	-1	-1	-1	-1	-1	-1	-1	-1	-1	-1
XMTQwODM0ODkzMg==	3	4	-1	-1	-1	-1	-1	-1	-1	-1	-1	-1	-1	-1	-1	-1	-1	-1	-1	-1	-1	-1	-1	-1	-1	-1	-1	-1	-1	-1
XMTQwNjk3NjQ2NA==	205	248	265	276	293	-1	-1	-1	-1	-1	-1	-1	-1	-1	-1	-1	-1	-1	-1	-1	-1	-1	-1	-1	-1	-1	-1	-1	-1	-1
XMTQwNjk5ODQ5Ng==	120	121	50	51	51	51	51	52	52	52	52	52	52	53	53	53	53	53	53	53	53	53	53	-1	-1	-1	-1	-1	-1	-1
XMTQwODAxNzAwMA==	14	15	21	51	55	57	59	62	63	63	63	-1	-1	-1	-1	-1	-1	-1	-1	-1	-1	-1	-1	-1	-1	-1	-1	-1	-1	-1
XMTQwNzk3MDI0MA==	116	219	248	288	316	354	373	404	432	455	471	482	-1	-1	-1	-1	-1	-1	-1	-1	-1	-1	-1	-1	-1	-1	-1	-1	-1	-1
XMTQwNzczOTk5Ng==	539	625	719	1340	1808	2212	2590	2842	2994	3426	4184	4756	4999	5224	5426	5654	-1	-1	-1	-1	-1	-1	-1	-1	-1	-1	-1	-1	-1	-1
XMTQwODI4NDI5Ng==	5	20	29	41	54	-1	-1	-1	-1	-1	-1	-1	-1	-1	-1	-1	-1	-1	-1	-1	-1	-1	-1	-1	-1	-1	-1	-1	-1	-1
XMTQwODI1OTc0NA==	5	8	9	9	10	12	14	14	14	14	14	14	16	23	32	45	52	57	67	77	86	97	107	118	127	138	149	-1	-1	-1
XMTQwODEzODU4OA==	1055	2313	2667	2896	3125	3263	3370	3441	3543	3592	3634	3684	-1	-1	-1	-1	-1	-1	-1	-1	-1	-1	-1	-1	-1	-1	-1	-1	-1	-1
XMTQwNzU3MDg5Mg==	51	-1	-1	-1	-1	-1	-1	-1	-1	-1	-1	-1	-1	-1	-1	-1	-1	-1	-1	-1	-1	-1	-1	-1	-1	-1	-1	-1	-1	-1
XMTQwNzI5MjczNg==	60	64	64	66	70	72	70	70	74	74	74	75	75	75	76	77	77	77	80	80	79	79	79	-1	-1	-1	-1	-1	-1	-1
XMTQwNzk4Mzk0OA==	26	-1	-1	-1	-1	-1	-1	-1	-1	-1	-1	-1	-1	-1	-1	-1	-1	-1	-1	-1	-1	-1	-1	-1	-1	-1	-1	-1	-1	-1
XMTQwNzgwMTExNg==	167	203	215	224	232	237	239	240	242	246	247	249	251	-1	-1	-1	-1	-1	-1	-1	-1	-1	-1	-1	-1	-1	-1	-1	-1	-1
XMTQwNzgxODM1Mg==	6	6	6	7	7	7	7	8	8	8	8	8	8	-1	-1	-1	-1	-1	-1	-1	-1	-1	-1	-1	-1	-1	-1	-1	-1	-1
XMTQwODExNjkzMg==	19	28	30	31	32	33	33	33	33	33	34	34	35	69	111	141	192	207	249	270	301	324	364	404	443	468	505	-1	-1	-1
XMTQwNzI0ODM4NA==	8	10	10	10	10	11	11	11	11	11	11	11	11	11	11	11	11	11	11	-1	-1	-1	-1	-1	-1	-1	-1	-1	-1	-1
XMTQwNzc4OTMxNg==	17	24	25	42	42	42	47	-1	-1	-1	-1	-1	-1	-1	-1	-1	-1	-1	-1	-1	-1	-1	-1	-1	-1	-1	-1	-1	-1	-1
XMTQwODIxMTQ5Ng==	-1	-1	-1	-1	-1	-1	-1	-1	-1	-1	-1	-1	-1	-1	-1	-1	-1	-1	-1	-1	-1	-1	-1	-1	-1	-1	-1	-1	-1	-1
XMTQwODIyNDE2MA==	6	10	11	14	15	17	17	17	18	18	18	18	22	40	64	93	132	145	196	225	258	286	303	326	348	371	397	-1	-1	-1
XMTQwNzYwNTAwOA==	116	-1	-1	-1	-1	-1	-1	-1	-1	-1	-1	-1	-1	-1	-1	-1	-1	-1	-1	-1	-1	-1	-1	-1	-1	-1	-1	-1	-1	-1
XMTQwODQ2NjM5Mg==	6	-1	-1	-1	-1	-1	-1	-1	-1	-1	-1	-1	-1	-1	-1	-1	-1	-1	-1	-1	-1	-1	-1	-1	-1	-1	-1	-1	-1	-1
XMTQwODE5NDYwNA==	6	-1	-1	-1	-1	-1	-1	-1	-1	-1	-1	-1	-1	-1	-1	-1	-1	-1	-1	-1	-1	-1	-1	-1	-1	-1	-1	-1	-1	-1
XMTQwODU1MjA5Mg==	47	-1	-1	-1	-1	-1	-1	-1	-1	-1	-1	-1	-1	-1	-1	-1	-1	-1	-1	-1	-1	-1	-1	-1	-1	-1	-1	-1	-1	-1
XMTQwNzEwMzM4OA==	216	242	-1	-1	-1	-1	-1	-1	-1	-1	-1	-1	-1	-1	-1	-1	-1	-1	-1	-1	-1	-1	-1	-1	-1	-1	-1	-1	-1	-1
XMTQwODMwODcyOA==	10	25	34	32	40	52	70	111	116	130	140	149	161	169	-1	-1	-1	-1	-1	-1	-1	-1	-1	-1	-1	-1	-1	-1	-1	-1
XMTQwNzM4OTUyOA==	10	10	10	10	10	11	11	11	11	11	-1	-1	-1	-1	-1	-1	-1	-1	-1	-1	-1	-1	-1	-1	-1	-1	-1	-1	-1	-1
XMTQwNzI0MDQ1Mg==	11	16	-1	-1	-1	-1	-1	-1	-1	-1	-1	-1	-1	-1	-1	-1	-1	-1	-1	-1	-1	-1	-1	-1	-1	-1	-1	-1	-1	-1
XMTQwNzkyODAyNA==	28629	58361	84282	103780	118855	131194	140294	144588	-1	-1	-1	-1	-1	-1	-1	-1	-1	-1	-1	-1	-1	-1	-1	-1	-1	-1	-1	-1	-1	-1
XMTQwNzgzODgyOA==	83	-1	-1	-1	-1	-1	-1	-1	-1	-1	-1	-1	-1	-1	-1	-1	-1	-1	-1	-1	-1	-1	-1	-1	-1	-1	-1	-1	-1	-1
XMTQwNzg4NDE4MA==	9	-1	-1	-1	-1	-1	-1	-1	-1	-1	-1	-1	-1	-1	-1	-1	-1	-1	-1	-1	-1	-1	-1	-1	-1	-1	-1	-1	-1	-1
XMTQwODI0NTQ4NA==	108	217	245	261	-1	-1	-1	-1	-1	-1	-1	-1	-1	-1	-1	-1	-1	-1	-1	-1	-1	-1	-1	-1	-1	-1	-1	-1	-1	-1
XMTQwNzg1ODQ4OA==	13	19	29	29	35	-1	-1	-1	-1	-1	-1	-1	-1	-1	-1	-1	-1	-1	-1	-1	-1	-1	-1	-1	-1	-1	-1	-1	-1	-1
XMTQwODE3NTQxNg==	6	-1	-1	-1	-1	-1	-1	-1	-1	-1	-1	-1	-1	-1	-1	-1	-1	-1	-1	-1	-1	-1	-1	-1	-1	-1	-1	-1	-1	-1
XMTQwNzk5MzY2MA==	39	-1	-1	-1	-1	-1	-1	-1	-1	-1	-1	-1	-1	-1	-1	-1	-1	-1	-1	-1	-1	-1	-1	-1	-1	-1	-1	-1	-1	-1
XMTQwNzE1Mzc4NA==	151	198	211	220	242	253	253	259	262	267	269	274	276	286	291	300	-1	-1	-1	-1	-1	-1	-1	-1	-1	-1	-1	-1	-1	-1
XMTQwNzk4MjA0NA==	150	245	277	293	319	337	359	365	374	398	409	414	-1	-1	-1	-1	-1	-1	-1	-1	-1	-1	-1	-1	-1	-1	-1	-1	-1	-1
XMTQwNzc3NDczNg==	215	270	305	316	320	322	323	342	343	-1	-1	-1	-1	-1	-1	-1	-1	-1	-1	-1	-1	-1	-1	-1	-1	-1	-1	-1	-1	-1
XMTQwODE3NDE1Ng==	13	35	38	42	47	50	57	59	59	62	62	62	65	66	66	-1	-1	-1	-1	-1	-1	-1	-1	-1	-1	-1	-1	-1	-1	-1
XMTQwNzYzNDMwNA==	11	11	-1	-1	-1	-1	-1	-1	-1	-1	-1	-1	-1	-1	-1	-1	-1	-1	-1	-1	-1	-1	-1	-1	-1	-1	-1	-1	-1	-1
XMTQwODAxODgwNA==	306	463	501	-1	-1	-1	-1	-1	-1	-1	-1	-1	-1	-1	-1	-1	-1	-1	-1	-1	-1	-1	-1	-1	-1	-1	-1	-1	-1	-1
XMTQwNzU5NzM0MA==	53	-1	-1	-1	-1	-1	-1	-1	-1	-1	-1	-1	-1	-1	-1	-1	-1	-1	-1	-1	-1	-1	-1	-1	-1	-1	-1	-1	-1	-1
XMTQwODA0OTI0MA==	2	-1	-1	-1	-1	-1	-1	-1	-1	-1	-1	-1	-1	-1	-1	-1	-1	-1	-1	-1	-1	-1	-1	-1	-1	-1	-1	-1	-1	-1
XMTQwNzg1Mjg4OA==	12	15	18	18	19	-1	-1	-1	-1	-1	-1	-1	-1	-1	-1	-1	-1	-1	-1	-1	-1	-1	-1	-1	-1	-1	-1	-1	-1	-1
XMTQwODA4MDk4NA==	19	45	48	50	54	62	67	73	80	82	86	87	95	103	110	116	117	117	116	-1	-1	-1	-1	-1	-1	-1	-1	-1	-1	-1
XMTQwNzMxMTExNg==	32	45	53	55	56	56	56	-1	-1	-1	-1	-1	-1	-1	-1	-1	-1	-1	-1	-1	-1	-1	-1	-1	-1	-1	-1	-1	-1	-1
XMTQwODI0ODEwNA==	5	7	8	8	8	10	12	12	12	13	13	13	15	25	36	52	70	77	89	97	101	112	119	129	140	148	153	-1	-1	-1
XMTQwNzkxMDMzMg==	88	-1	-1	-1	-1	-1	-1	-1	-1	-1	-1	-1	-1	-1	-1	-1	-1	-1	-1	-1	-1	-1	-1	-1	-1	-1	-1	-1	-1	-1
XMTQwNzM5NTUxMg==	521	868	986	1187	1365	1534	1672	1802	1900	1973	2043	-1	-1	-1	-1	-1	-1	-1	-1	-1	-1	-1	-1	-1	-1	-1	-1	-1	-1	-1
XMTQwNzk1ODg2NA==	18	26	37	-1	-1	-1	-1	-1	-1	-1	-1	-1	-1	-1	-1	-1	-1	-1	-1	-1	-1	-1	-1	-1	-1	-1	-1	-1	-1	-1
XMTQwNzQwMDg2MA==	2011	2213	2253	2294	2523	2581	-1	-1	-1	-1	-1	-1	-1	-1	-1	-1	-1	-1	-1	-1	-1	-1	-1	-1	-1	-1	-1	-1	-1	-1
XMTQwNzEzNTEwNA==	73	81	78	81	85	86	92	95	96	101	105	107	109	111	114	-1	-1	-1	-1	-1	-1	-1	-1	-1	-1	-1	-1	-1	-1	-1
XMTQwODEzNzU5Mg==	10	11	18	14	16	15	15	15	15	16	18	-1	-1	-1	-1	-1	-1	-1	-1	-1	-1	-1	-1	-1	-1	-1	-1	-1	-1	-1
XMTQwNDk3MDY2MA==	4	4	4	4	4	4	4	4	4	4	4	4	4	4	4	4	4	-1	-1	-1	-1	-1	-1	-1	-1	-1	-1	-1	-1	-1
XMTQwNzU3OTQ5Ng==	31	32	32	32	32	32	32	32	32	32	32	32	-1	-1	-1	-1	-1	-1	-1	-1	-1	-1	-1	-1	-1	-1	-1	-1	-1	-1
XMTQwNzMzMzY1Ng==	32	84	98	106	113	114	122	122	122	122	124	125	126	128	132	133	136	137	139	-1	-1	-1	-1	-1	-1	-1	-1	-1	-1	-1
XMTQwODQ1MTcyMA==	8	-1	-1	-1	-1	-1	-1	-1	-1	-1	-1	-1	-1	-1	-1	-1	-1	-1	-1	-1	-1	-1	-1	-1	-1	-1	-1	-1	-1	-1
XMTQwODIyNjM3Mg==	6	-1	-1	-1	-1	-1	-1	-1	-1	-1	-1	-1	-1	-1	-1	-1	-1	-1	-1	-1	-1	-1	-1	-1	-1	-1	-1	-1	-1	-1
XMTQwNzg3OTQwNA==	59	100	122	138	150	157	160	157	158	160	161	173	183	184	-1	-1	-1	-1	-1	-1	-1	-1	-1	-1	-1	-1	-1	-1	-1	-1
XMTQwODE1NzM5Mg==	22	37	38	37	37	38	38	38	38	38	38	38	38	38	38	38	38	38	38	38	-1	-1	-1	-1	-1	-1	-1	-1	-1	-1
XMTQwODM2MDk0OA==	258	410	550	906	1304	1404	1500	1779	1942	2119	2490	2905	3037	3216	-1	-1	-1	-1	-1	-1	-1	-1	-1	-1	-1	-1	-1	-1	-1	-1
XMTQwNzkxODk3Ng==	6	14	17	15	18	19	24	23	22	-1	-1	-1	-1	-1	-1	-1	-1	-1	-1	-1	-1	-1	-1	-1	-1	-1	-1	-1	-1	-1
XMTQwNjk2ODI2MA==	92	113	129	135	139	146	148	151	159	163	167	172	178	182	191	196	201	201	204	209	219	220	227	-1	-1	-1	-1	-1	-1	-1
XMTQwODA2NzY4NA==	6	-1	-1	-1	-1	-1	-1	-1	-1	-1	-1	-1	-1	-1	-1	-1	-1	-1	-1	-1	-1	-1	-1	-1	-1	-1	-1	-1	-1	-1
XMTQwNzEzMTU3Mg==	15	16	-1	-1	-1	-1	-1	-1	-1	-1	-1	-1	-1	-1	-1	-1	-1	-1	-1	-1	-1	-1	-1	-1	-1	-1	-1	-1	-1	-1
XMTQwNzQ1NDMwMA==	1	-1	-1	-1	-1	-1	-1	-1	-1	-1	-1	-1	-1	-1	-1	-1	-1	-1	-1	-1	-1	-1	-1	-1	-1	-1	-1	-1	-1	-1
XMTQwNzUyNjk4NA==	23	26	28	26	27	27	27	28	28	29	-1	-1	-1	-1	-1	-1	-1	-1	-1	-1	-1	-1	-1	-1	-1	-1	-1	-1	-1	-1
XMTQwNzA4NTkwOA==	104	123	140	170	189	196	209	226	242	257	270	276	290	302	312	318	342	353	380	395	410	426	437	444	455	473	493	501	-1	-1
XMTQwNzc1MzcyOA==	11	11	11	11	12	12	13	13	13	13	13	13	13	13	13	13	13	13	13	13	13	13	13	13	-1	-1	-1	-1	-1	-1
XMTQwODUxNjgwNA==	3	-1	-1	-1	-1	-1	-1	-1	-1	-1	-1	-1	-1	-1	-1	-1	-1	-1	-1	-1	-1	-1	-1	-1	-1	-1	-1	-1	-1	-1
XMTQwNzA3MTk0NA==	40	40	41	50	58	58	58	58	58	58	60	64	64	64	64	66	66	66	66	66	67	67	67	68	70	71	71	71	-1	-1
XMTQwODUzMTg4MA==	67	1057	1128	1154	1176	-1	-1	-1	-1	-1	-1	-1	-1	-1	-1	-1	-1	-1	-1	-1	-1	-1	-1	-1	-1	-1	-1	-1	-1	-1
XMTQwODE5MjQxNg==	15	19	21	20	22	22	23	22	22	22	22	22	22	22	22	22	23	23	23	23	23	23	24	24	24	24	24	-1	-1	-1
XMTQwODE5NzQxNg==	15	24	27	26	29	31	31	31	30	31	33	33	34	34	35	35	36	36	36	37	37	37	37	38	38	39	39	39	-1	-1
XMTQwNzk2ODk4OA==	11	13	13	13	13	13	13	13	13	13	14	14	14	14	14	-1	-1	-1	-1	-1	-1	-1	-1	-1	-1	-1	-1	-1	-1	-1
XMTQwODAyNDI1Ng==	9	12	12	11	11	11	11	11	13	15	-1	-1	-1	-1	-1	-1	-1	-1	-1	-1	-1	-1	-1	-1	-1	-1	-1	-1	-1	-1
XMTQwODQzMTk3Mg==	110	461	586	-1	-1	-1	-1	-1	-1	-1	-1	-1	-1	-1	-1	-1	-1	-1	-1	-1	-1	-1	-1	-1	-1	-1	-1	-1	-1	-1
XMTQwNzQ5MzY0NA==	316	-1	-1	-1	-1	-1	-1	-1	-1	-1	-1	-1	-1	-1	-1	-1	-1	-1	-1	-1	-1	-1	-1	-1	-1	-1	-1	-1	-1	-1
XMTQwNzg3Mjc1Ng==	25	33	34	33	33	35	35	35	35	36	36	36	35	35	35	35	35	35	35	35	35	35	35	35	35	-1	-1	-1	-1	-1
XMTQwODA4NjkwNA==	323	484	487	-1	-1	-1	-1	-1	-1	-1	-1	-1	-1	-1	-1	-1	-1	-1	-1	-1	-1	-1	-1	-1	-1	-1	-1	-1	-1	-1
XMTQwODE4MzIyMA==	3	3	3	1	3	3	3	2	2	-1	-1	-1	-1	-1	-1	-1	-1	-1	-1	-1	-1	-1	-1	-1	-1	-1	-1	-1	-1	-1
XMTQwODM1NzY2MA==	5	12	14	-1	-1	-1	-1	-1	-1	-1	-1	-1	-1	-1	-1	-1	-1	-1	-1	-1	-1	-1	-1	-1	-1	-1	-1	-1	-1	-1
XMTQwNzA5NTc2OA==	1122	1193	1188	1235	1275	1297	1325	1355	1389	1419	1437	1466	1481	1497	1509	1520	1538	1541	1566	1581	1603	1613	1629	1651	1691	1712	1728	1740	-1	-1
XMTQwODM0OTE0MA==	3	4	-1	-1	-1	-1	-1	-1	-1	-1	-1	-1	-1	-1	-1	-1	-1	-1	-1	-1	-1	-1	-1	-1	-1	-1	-1	-1	-1	-1
XMTQwNzc4Mzg2MA==	7	-1	-1	-1	-1	-1	-1	-1	-1	-1	-1	-1	-1	-1	-1	-1	-1	-1	-1	-1	-1	-1	-1	-1	-1	-1	-1	-1	-1	-1
XMTQwODI0NjkwMA==	144	276	376	402	-1	-1	-1	-1	-1	-1	-1	-1	-1	-1	-1	-1	-1	-1	-1	-1	-1	-1	-1	-1	-1	-1	-1	-1	-1	-1
XMTQwODQ1ODI1Mg==	81	889	1374	2377	3373	4119	4708	5330	5932	6400	7132	7781	8233	8648	-1	-1	-1	-1	-1	-1	-1	-1	-1	-1	-1	-1	-1	-1	-1	-1
XMTQwNzI0MTkxMg==	27	49	56	74	88	94	97	100	101	-1	-1	-1	-1	-1	-1	-1	-1	-1	-1	-1	-1	-1	-1	-1	-1	-1	-1	-1	-1	-1
XMTQwNzMzMTA1Ng==	59	75	75	66	66	66	66	69	72	72	72	72	73	74	-1	-1	-1	-1	-1	-1	-1	-1	-1	-1	-1	-1	-1	-1	-1	-1
XMTQwODI5Mjg5Ng==	2	4	7	7	9	9	9	9	9	9	9	9	9	9	9	9	9	9	9	9	-1	-1	-1	-1	-1	-1	-1	-1	-1	-1
XMTQwNzQ4MTI0NA==	77	79	78	88	102	119	119	121	121	123	124	132	137	137	139	141	149	150	152	152	154	156	-1	-1	-1	-1	-1	-1	-1	-1
XMTQwNzEyMTE3Ng==	14	14	13	15	15	15	16	16	17	18	18	20	-1	-1	-1	-1	-1	-1	-1	-1	-1	-1	-1	-1	-1	-1	-1	-1	-1	-1
XMTQwNzg3MzcxMg==	12	14	14	14	14	14	15	15	15	15	15	15	15	16	16	16	16	16	16	16	16	16	16	16	16	16	16	-1	-1	-1
XMTQwODAxNDgzMg==	2	-1	-1	-1	-1	-1	-1	-1	-1	-1	-1	-1	-1	-1	-1	-1	-1	-1	-1	-1	-1	-1	-1	-1	-1	-1	-1	-1	-1	-1
XMTQwODExNzI5Mg==	5	12	12	11	11	11	11	-1	-1	-1	-1	-1	-1	-1	-1	-1	-1	-1	-1	-1	-1	-1	-1	-1	-1	-1	-1	-1	-1	-1
XMTQwNzQxMjA4MA==	67	73	75	75	77	78	78	79	79	79	79	79	79	79	79	79	79	79	79	79	79	80	-1	-1	-1	-1	-1	-1	-1	-1
XMTQwNzU4Mjg3Mg==	14	16	16	16	-1	-1	-1	-1	-1	-1	-1	-1	-1	-1	-1	-1	-1	-1	-1	-1	-1	-1	-1	-1	-1	-1	-1	-1	-1	-1
XMTQwODM0MzY1Mg==	2713	-1	-1	-1	-1	-1	-1	-1	-1	-1	-1	-1	-1	-1	-1	-1	-1	-1	-1	-1	-1	-1	-1	-1	-1	-1	-1	-1	-1	-1
XMTQwNzY3ODcwNA==	22	23	-1	-1	-1	-1	-1	-1	-1	-1	-1	-1	-1	-1	-1	-1	-1	-1	-1	-1	-1	-1	-1	-1	-1	-1	-1	-1	-1	-1
XMTQwODI0NTU2MA==	114	158	174	183	-1	-1	-1	-1	-1	-1	-1	-1	-1	-1	-1	-1	-1	-1	-1	-1	-1	-1	-1	-1	-1	-1	-1	-1	-1	-1
XMTQwNzg1MjU4NA==	11	-1	-1	-1	-1	-1	-1	-1	-1	-1	-1	-1	-1	-1	-1	-1	-1	-1	-1	-1	-1	-1	-1	-1	-1	-1	-1	-1	-1	-1
XMTQwNzIxNDkxMg==	332	347	327	331	339	-1	-1	-1	-1	-1	-1	-1	-1	-1	-1	-1	-1	-1	-1	-1	-1	-1	-1	-1	-1	-1	-1	-1	-1	-1
XMTQwNzMyNzAyOA==	15	-1	-1	-1	-1	-1	-1	-1	-1	-1	-1	-1	-1	-1	-1	-1	-1	-1	-1	-1	-1	-1	-1	-1	-1	-1	-1	-1	-1	-1
XMTQwNzc0Njg0MA==	4	4	5	4	4	3	3	3	3	3	3	3	3	3	3	3	3	3	3	3	3	-1	-1	-1	-1	-1	-1	-1	-1	-1
XMTQwNzY2MjM4MA==	10	10	10	10	10	10	10	10	10	10	10	-1	-1	-1	-1	-1	-1	-1	-1	-1	-1	-1	-1	-1	-1	-1	-1	-1	-1	-1
XMTQwODQ5NzY2MA==	5123	19686	24191	27774	31824	35235	38228	40972	42882	-1	-1	-1	-1	43333	43784	44415	46107	46650	48205	49070	49801	50570	51118	51685	52258	52853	53284	53802	54271	54752
XMTQwNzk3NzY5Ng==	376	597	651	674	705	724	755	764	843	848	860	864	-1	-1	-1	-1	-1	-1	-1	-1	-1	-1	-1	-1	-1	-1	-1	-1	-1	-1
XMTQwNzU2MzAyMA==	43	-1	-1	-1	-1	-1	-1	-1	-1	-1	-1	-1	-1	-1	-1	-1	-1	-1	-1	-1	-1	-1	-1	-1	-1	-1	-1	-1	-1	-1
XMTQwNzE4MTg0MA==	68	70	71	71	-1	-1	-1	-1	-1	-1	-1	-1	-1	-1	-1	-1	-1	-1	-1	-1	-1	-1	-1	-1	-1	-1	-1	-1	-1	-1
XMTQwODA2ODU2NA==	50	55	56	56	57	60	61	64	64	64	-1	-1	-1	-1	-1	-1	-1	-1	-1	-1	-1	-1	-1	-1	-1	-1	-1	-1	-1	-1
XMTQwNzkzNzI2MA==	7310	9607	10686	11008	11331	11519	11681	11750	11798	11820	11839	11867	-1	-1	-1	-1	-1	-1	-1	-1	-1	-1	-1	-1	-1	-1	-1	-1	-1	-1
XMTQwNzcxMzY3Ng==	69	-1	-1	-1	-1	-1	-1	-1	-1	-1	-1	-1	-1	-1	-1	-1	-1	-1	-1	-1	-1	-1	-1	-1	-1	-1	-1	-1	-1	-1
XMTQwNzU3MjE2NA==	-1	-1	-1	-1	-1	-1	-1	-1	-1	-1	-1	-1	-1	-1	-1	-1	-1	-1	-1	-1	-1	-1	-1	-1	-1	-1	-1	-1	-1	-1
XMTQwODIxMTU1Mg==	2	13	13	-1	-1	-1	-1	-1	-1	-1	-1	-1	-1	-1	-1	-1	-1	-1	-1	-1	-1	-1	-1	-1	-1	-1	-1	-1	-1	-1
XMTQwNzgyMDc2OA==	17	40	-1	-1	-1	-1	-1	-1	-1	-1	-1	-1	-1	-1	-1	-1	-1	-1	-1	-1	-1	-1	-1	-1	-1	-1	-1	-1	-1	-1
XMTQwNzE2ODQzNg==	12	12	12	11	11	14	14	-1	-1	-1	-1	-1	-1	-1	-1	-1	-1	-1	-1	-1	-1	-1	-1	-1	-1	-1	-1	-1	-1	-1
XMTQwODAwNTkxMg==	7	8	13	13	14	14	-1	-1	-1	-1	-1	-1	-1	-1	-1	-1	-1	-1	-1	-1	-1	-1	-1	-1	-1	-1	-1	-1	-1	-1
XMTQwNzk1MDUwMA==	6	9	10	9	9	9	9	9	9	9	9	-1	-1	-1	-1	-1	-1	-1	-1	-1	-1	-1	-1	-1	-1	-1	-1	-1	-1	-1
XMTQwODE1OTY1Ng==	2	2	2	2	2	2	2	-1	-1	-1	-1	-1	-1	-1	-1	-1	-1	-1	-1	-1	-1	-1	-1	-1	-1	-1	-1	-1	-1	-1
XMTQwNzUxNDExNg==	253	314	347	371	388	396	414	426	440	447	457	468	474	483	487	495	514	517	524	526	530	535	538	-1	-1	-1	-1	-1	-1	-1
XMTQwNzAxNTk0MA==	39	41	48	50	52	51	56	57	58	60	63	65	65	-1	-1	-1	-1	-1	-1	-1	-1	-1	-1	-1	-1	-1	-1	-1	-1	-1
XMTQwODQxMjMwNA==	21	21	21	21	21	21	21	21	21	21	21	21	21	21	21	21	21	21	21	21	21	21	22	22	22	22	-1	-1	-1	-1
XMTQwODAyMDc3Ng==	9	-1	-1	-1	-1	-1	-1	-1	-1	-1	-1	-1	-1	-1	-1	-1	-1	-1	-1	-1	-1	-1	-1	-1	-1	-1	-1	-1	-1	-1
XMTQwNzk5ODY5Mg==	-1	-1	-1	-1	-1	-1	-1	-1	-1	-1	-1	-1	-1	-1	-1	-1	-1	-1	-1	-1	-1	-1	-1	-1	-1	-1	-1	-1	-1	-1
XMTQwODIzODY3Ng==	102	153	172	182	-1	-1	-1	-1	-1	-1	-1	-1	-1	-1	-1	-1	-1	-1	-1	-1	-1	-1	-1	-1	-1	-1	-1	-1	-1	-1
XMTQwNzk1OTcxNg==	-1	-1	-1	-1	-1	-1	-1	-1	-1	-1	-1	-1	-1	-1	-1	-1	-1	-1	-1	-1	-1	-1	-1	-1	-1	-1	-1	-1	-1	-1
XMTQwNzU2MzcxNg==	27	-1	-1	-1	-1	-1	-1	-1	-1	-1	-1	-1	-1	-1	-1	-1	-1	-1	-1	-1	-1	-1	-1	-1	-1	-1	-1	-1	-1	-1
XMTQwNzE0MjY5Mg==	10	-1	-1	-1	-1	-1	-1	-1	-1	-1	-1	-1	-1	-1	-1	-1	-1	-1	-1	-1	-1	-1	-1	-1	-1	-1	-1	-1	-1	-1
XMTQwODUxNzAyMA==	1	4	4	4	4	4	4	4	6	6	6	6	-1	-1	-1	-1	-1	-1	-1	-1	-1	-1	-1	-1	-1	-1	-1	-1	-1	-1
XMTQwNzY2MDY4NA==	28	32	33	33	32	32	32	33	33	36	37	38	38	38	39	39	39	39	39	39	39	39	39	-1	-1	-1	-1	-1	-1	-1
XMTQwODEwMTg3Mg==	10	12	14	14	15	16	17	18	18	18	18	18	21	45	68	97	128	144	180	215	252	286	309	328	355	386	414	-1	-1	-1
XMTQwNzYzODI2MA==	84	107	108	108	109	-1	-1	-1	-1	-1	-1	-1	-1	-1	-1	-1	-1	-1	-1	-1	-1	-1	-1	-1	-1	-1	-1	-1	-1	-1
XMTQwODUxNjExNg==	1	3	3	3	3	3	3	3	6	6	6	6	-1	-1	-1	-1	-1	-1	-1	-1	-1	-1	-1	-1	-1	-1	-1	-1	-1	-1
XMTQwODI5MTAyNA==	1289	2137	2232	2230	2244	2245	2254	2261	2262	2268	2275	-1	-1	-1	-1	-1	-1	-1	-1	-1	-1	-1	-1	-1	-1	-1	-1	-1	-1	-1
XMTQwODA4MDA0OA==	28	35	37	35	33	33	34	34	35	35	35	35	35	35	35	35	35	35	35	-1	-1	-1	-1	-1	-1	-1	-1	-1	-1	-1
XMTQwODIwMjE5Ng==	3	3	3	3	3	3	3	3	3	3	3	3	3	3	3	3	3	3	3	3	3	3	3	3	3	3	3	3	3	-1
XMTQwNzI0MjMwMA==	16	18	19	18	21	20	20	20	20	-1	-1	-1	-1	-1	-1	-1	-1	-1	-1	-1	-1	-1	-1	-1	-1	-1	-1	-1	-1	-1
XMTQwODA4NTU0NA==	11	12	14	14	15	14	14	13	13	13	13	13	13	13	13	13	13	13	13	13	13	14	-1	-1	-1	-1	-1	-1	-1	-1
XMTQwNzI0MjA0NA==	10	10	9	9	13	13	13	11	11	11	11	11	11	11	11	11	13	13	14	14	14	14	14	14	14	-1	-1	-1	-1	-1
XMTQwODAwOTkzMg==	16	-1	-1	-1	-1	-1	-1	-1	-1	-1	-1	-1	-1	-1	-1	-1	-1	-1	-1	-1	-1	-1	-1	-1	-1	-1	-1	-1	-1	-1
XMTQwODQ0NjQ0MA==	52	154	216	-1	-1	-1	-1	-1	-1	-1	-1	-1	-1	-1	-1	-1	-1	-1	-1	-1	-1	-1	-1	-1	-1	-1	-1	-1	-1	-1
XMTQwNzM1MjcyNA==	153	183	193	206	224	240	255	291	297	300	287	297	299	301	302	303	307	308	309	309	309	309	309	310	310	-1	-1	-1	-1	-1
XMTQwODM4NDY2MA==	25	64	79	105	-1	-1	-1	-1	-1	-1	-1	-1	-1	-1	-1	-1	-1	-1	-1	-1	-1	-1	-1	-1	-1	-1	-1	-1	-1	-1
XMTQwNzk0OTQ5Mg==	18	55	57	56	58	58	60	60	-1	-1	-1	-1	-1	-1	-1	-1	-1	-1	-1	-1	-1	-1	-1	-1	-1	-1	-1	-1	-1	-1
XMTQwODM3MTM2OA==	6	44	-1	-1	-1	-1	-1	-1	-1	-1	-1	-1	-1	-1	-1	-1	-1	-1	-1	-1	-1	-1	-1	-1	-1	-1	-1	-1	-1	-1
XMTQwNzUwNDcwMA==	962	1080	1128	1253	1382	1470	1548	1645	1761	1866	1974	2067	2134	2200	2276	2340	2468	2519	2642	2740	2852	2947	3045	3220	3389	3565	3682	3832	-1	-1
XMTQwNzM1ODI4OA==	322	-1	-1	-1	-1	-1	-1	-1	-1	-1	-1	-1	-1	-1	-1	-1	-1	-1	-1	-1	-1	-1	-1	-1	-1	-1	-1	-1	-1	-1
XMTQwODM1NTk0NA==	2	4	4	4	4	4	-1	-1	-1	-1	-1	-1	-1	-1	-1	-1	-1	-1	-1	-1	-1	-1	-1	-1	-1	-1	-1	-1	-1	-1
XMTQwNzE2OTQ2OA==	4	4	4	4	4	4	4	4	4	4	4	4	4	-1	-1	-1	-1	-1	-1	-1	-1	-1	-1	-1	-1	-1	-1	-1	-1	-1
XMTQwNzAzNzM2NA==	129	157	166	-1	-1	-1	-1	-1	-1	-1	-1	-1	-1	-1	-1	-1	-1	-1	-1	-1	-1	-1	-1	-1	-1	-1	-1	-1	-1	-1
XMTQwNzgxNTkxNg==	17	19	19	20	23	30	31	35	40	-1	-1	-1	-1	-1	-1	-1	-1	-1	-1	-1	-1	-1	-1	-1	-1	-1	-1	-1	-1	-1
XMTQwNzY5MTc2OA==	26	34	37	38	38	39	-1	-1	-1	-1	-1	-1	-1	-1	-1	-1	-1	-1	-1	-1	-1	-1	-1	-1	-1	-1	-1	-1	-1	-1
XMTQwODE5ODI4OA==	33	52	56	49	54	55	56	57	57	58	61	-1	-1	-1	-1	-1	-1	-1	-1	-1	-1	-1	-1	-1	-1	-1	-1	-1	-1	-1
XMTQwNzk4NDM3Mg==	7	-1	-1	-1	-1	-1	-1	-1	-1	-1	-1	-1	-1	-1	-1	-1	-1	-1	-1	-1	-1	-1	-1	-1	-1	-1	-1	-1	-1	-1
XMTQwNjk0NDE3Ng==	12	17	17	-1	-1	-1	-1	-1	-1	-1	-1	-1	-1	-1	-1	-1	-1	-1	-1	-1	-1	-1	-1	-1	-1	-1	-1	-1	-1	-1
XMTQwNzg2NDczMg==	5	5	6	6	6	6	6	6	6	6	6	6	6	6	-1	-1	-1	-1	-1	-1	-1	-1	-1	-1	-1	-1	-1	-1	-1	-1
XMTQwNzExOTg1Ng==	56	58	60	60	61	61	-1	-1	-1	-1	-1	-1	-1	-1	-1	-1	-1	-1	-1	-1	-1	-1	-1	-1	-1	-1	-1	-1	-1	-1
XMTQwODEzNTEwOA==	8	10	12	12	-1	-1	-1	-1	-1	-1	-1	-1	-1	-1	-1	-1	-1	-1	-1	-1	-1	-1	-1	-1	-1	-1	-1	-1	-1	-1
XMTQwNzM3NzM0MA==	26	26	28	28	29	28	28	29	29	29	29	29	29	36	44	48	51	59	61	61	61	60	60	60	60	60	60	61	63	-1
XMTQwODE4Nzk4NA==	2	2	2	2	2	2	2	2	2	2	2	2	3	3	3	5	5	5	5	-1	-1	-1	-1	-1	-1	-1	-1	-1	-1	-1
XMTQwNzkxNDUwOA==	262	371	423	477	-1	-1	-1	-1	-1	-1	-1	-1	-1	-1	-1	-1	-1	-1	-1	-1	-1	-1	-1	-1	-1	-1	-1	-1	-1	-1
XMTQwNzQ4ODI4MA==	52	61	60	60	60	61	61	63	64	-1	-1	-1	-1	-1	-1	-1	-1	-1	-1	-1	-1	-1	-1	-1	-1	-1	-1	-1	-1	-1
XMTQwNjk2OTgxNg==	13	-1	-1	-1	-1	-1	-1	-1	-1	-1	-1	-1	-1	-1	-1	-1	-1	-1	-1	-1	-1	-1	-1	-1	-1	-1	-1	-1	-1	-1
XMTQwNzA5MzY5Mg==	546	564	548	554	564	565	570	575	581	587	593	595	600	604	621	623	628	628	638	639	644	644	647	650	657	670	672	677	-1	-1
XMTQwNzU0NDI1Ng==	18	19	13	12	11	11	11	11	11	11	11	11	11	11	11	11	11	11	-1	-1	-1	-1	-1	-1	-1	-1	-1	-1	-1	-1
XMTQwODE1NTQ1Ng==	4	5	-1	-1	-1	-1	-1	-1	-1	-1	-1	-1	-1	-1	-1	-1	-1	-1	-1	-1	-1	-1	-1	-1	-1	-1	-1	-1	-1	-1
XMTQwNzkyMzk4OA==	101	143	145	143	150	152	154	157	160	160	161	162	162	163	166	166	166	166	166	167	168	168	168	168	168	168	168	168	169	-1
XMTQwNzI0MTU3Mg==	30	59	62	64	69	71	71	73	74	-1	-1	-1	-1	-1	-1	-1	-1	-1	-1	-1	-1	-1	-1	-1	-1	-1	-1	-1	-1	-1
XMTQwNzM5OTQ2NA==	367	392	394	383	414	414	-1	-1	-1	-1	-1	-1	-1	-1	-1	-1	-1	-1	-1	-1	-1	-1	-1	-1	-1	-1	-1	-1	-1	-1
XMTQwNzQzMTc5Mg==	6	31	41	41	42	-1	-1	-1	-1	-1	-1	-1	-1	-1	-1	-1	-1	-1	-1	-1	-1	-1	-1	-1	-1	-1	-1	-1	-1	-1
XMTQwNzMxMjIwOA==	224	281	296	-1	-1	-1	-1	-1	-1	-1	-1	-1	-1	-1	-1	-1	-1	-1	-1	-1	-1	-1	-1	-1	-1	-1	-1	-1	-1	-1
XMTQwODAzNzE4NA==	3	-1	-1	-1	-1	-1	-1	-1	-1	-1	-1	-1	-1	-1	-1	-1	-1	-1	-1	-1	-1	-1	-1	-1	-1	-1	-1	-1	-1	-1
XMTQwNzI4ODU0OA==	13	16	16	16	18	18	-1	-1	-1	-1	-1	-1	-1	-1	-1	-1	-1	-1	-1	-1	-1	-1	-1	-1	-1	-1	-1	-1	-1	-1
XMTQwNzk2NDgwNA==	9	12	-1	-1	-1	-1	-1	-1	-1	-1	-1	-1	-1	-1	-1	-1	-1	-1	-1	-1	-1	-1	-1	-1	-1	-1	-1	-1	-1	-1
XMTQwODA2MjU2MA==	97	114	123	123	-1	-1	-1	-1	-1	-1	-1	-1	-1	-1	-1	-1	-1	-1	-1	-1	-1	-1	-1	-1	-1	-1	-1	-1	-1	-1
XMTQwODUwODk1Ng==	62490	62612	62613	62609	62607	62606	62607	62607	-1	-1	-1	-1	-1	-1	-1	-1	-1	-1	-1	-1	-1	-1	-1	-1	-1	-1	-1	-1	-1	-1
XMTQwNzE1OTU2NA==	8	-1	-1	-1	-1	-1	-1	-1	-1	-1	-1	-1	-1	-1	-1	-1	-1	-1	-1	-1	-1	-1	-1	-1	-1	-1	-1	-1	-1	-1
XMTQwODA1ODM1Mg==	2374	3714	3792	3817	3911	3938	3942	3953	3970	3975	4007	4031	4043	4049	-1	-1	-1	-1	-1	-1	-1	-1	-1	-1	-1	-1	-1	-1	-1	-1
XMTQwODIyNzkxNg==	29	39	40	44	-1	-1	-1	-1	-1	-1	-1	-1	-1	-1	-1	-1	-1	-1	-1	-1	-1	-1	-1	-1	-1	-1	-1	-1	-1	-1
XMTQwNzE5OTI0NA==	151	171	173	175	186	187	191	193	194	197	198	199	203	209	210	-1	-1	-1	-1	-1	-1	-1	-1	-1	-1	-1	-1	-1	-1	-1
XMTQwODM0OTM1Mg==	305	1110	1415	1738	2097	-1	-1	-1	-1	-1	-1	-1	-1	-1	-1	-1	-1	-1	-1	-1	-1	-1	-1	-1	-1	-1	-1	-1	-1	-1
XMTQwNzI0MjM2OA==	35	40	44	41	41	41	41	42	42	-1	-1	-1	-1	-1	-1	-1	-1	-1	-1	-1	-1	-1	-1	-1	-1	-1	-1	-1	-1	-1
XMTQwODEwMzk4OA==	5	-1	-1	-1	-1	-1	-1	-1	-1	-1	-1	-1	-1	-1	-1	-1	-1	-1	-1	-1	-1	-1	-1	-1	-1	-1	-1	-1	-1	-1
XMTQwNzQ1NDM5Mg==	1	-1	-1	-1	-1	-1	-1	-1	-1	-1	-1	-1	-1	-1	-1	-1	-1	-1	-1	-1	-1	-1	-1	-1	-1	-1	-1	-1	-1	-1
XMTQwNzEwNDY2OA==	599	622	596	603	619	631	636	651	657	666	677	694	707	712	720	723	730	730	737	743	743	746	752	754	760	760	763	765	-1	-1
XMTQwNzY4NDUyMA==	5359	5774	949	1076	1166	1194	1225	1259	1282	1317	1366	1414	1429	1440	1453	1467	1491	1516	1561	1580	1601	1613	1640	1672	1685	1717	1727	-1	1739	1753
XMTQwNzY5MDAwOA==	62	78	95	112	126	137	140	144	-1	-1	-1	-1	-1	-1	-1	-1	-1	-1	-1	-1	-1	-1	-1	-1	-1	-1	-1	-1	-1	-1
XMTQwNzQ4NzU5Mg==	21	117	191	210	240	244	246	250	250	264	271	275	278	283	284	285	287	288	289	294	295	295	295	295	295	295	295	295	-1	-1
XMTQwNzkzOTk0NA==	6	6	-1	-1	-1	-1	-1	-1	-1	-1	-1	-1	-1	-1	-1	-1	-1	-1	-1	-1	-1	-1	-1	-1	-1	-1	-1	-1	-1	-1
XMTQwNzE1NjUwOA==	10	11	-1	-1	-1	-1	-1	-1	-1	-1	-1	-1	-1	-1	-1	-1	-1	-1	-1	-1	-1	-1	-1	-1	-1	-1	-1	-1	-1	-1
XMTQwNzc4NTcyNA==	42	201	-1	-1	-1	-1	-1	-1	-1	-1	-1	-1	-1	-1	-1	-1	-1	-1	-1	-1	-1	-1	-1	-1	-1	-1	-1	-1	-1	-1
XMTQwNzYzNDMyNA==	344	375	378	382	391	402	531	545	559	709	710	711	711	711	713	716	716	716	720	723	723	724	725	725	725	-1	-1	-1	-1	-1
XMTQwODM3MDM4OA==	1	-1	-1	-1	-1	-1	-1	-1	-1	-1	-1	-1	-1	-1	-1	-1	-1	-1	-1	-1	-1	-1	-1	-1	-1	-1	-1	-1	-1	-1
XMTQwNTc3MjQ2NA==	9	22	25	30	31	31	31	31	32	35	38	38	39	39	40	40	43	-1	-1	-1	-1	-1	-1	-1	-1	-1	-1	-1	-1	-1
XMTQwNzkyNTcwMA==	250	421	472	493	-1	-1	-1	-1	-1	-1	-1	-1	-1	-1	-1	-1	-1	-1	-1	-1	-1	-1	-1	-1	-1	-1	-1	-1	-1	-1
XMTQwNzkxMTk2MA==	97	126	138	150	-1	-1	-1	-1	-1	-1	-1	-1	-1	-1	-1	-1	-1	-1	-1	-1	-1	-1	-1	-1	-1	-1	-1	-1	-1	-1
XMTQwODM5NTE0MA==	56	256	310	-1	-1	-1	-1	-1	-1	-1	-1	-1	-1	-1	-1	-1	-1	-1	-1	-1	-1	-1	-1	-1	-1	-1	-1	-1	-1	-1
XMTQwNzk4NzY2MA==	8	13	13	12	12	12	12	12	13	18	18	-1	-1	-1	-1	-1	-1	-1	-1	-1	-1	-1	-1	-1	-1	-1	-1	-1	-1	-1
XMTQwODI3MjQ3Mg==	7	-1	-1	-1	-1	-1	-1	-1	-1	-1	-1	-1	-1	-1	-1	-1	-1	-1	-1	-1	-1	-1	-1	-1	-1	-1	-1	-1	-1	-1
XMTQwODI3ODQ5Mg==	889	1289	1328	1282	1287	1285	1288	1289	1291	-1	-1	-1	-1	-1	-1	-1	-1	-1	-1	-1	-1	-1	-1	-1	-1	-1	-1	-1	-1	-1
XMTQwNzgzMjE2MA==	295	344	353	355	361	365	365	368	369	369	-1	-1	-1	-1	-1	-1	-1	-1	-1	-1	-1	-1	-1	-1	-1	-1	-1	-1	-1	-1
XMTQwNzYyNzcwMA==	13	13	14	14	14	14	-1	-1	-1	-1	-1	-1	-1	-1	-1	-1	-1	-1	-1	-1	-1	-1	-1	-1	-1	-1	-1	-1	-1	-1
XMTQwNzYzNTMzNg==	65	-1	-1	-1	-1	-1	-1	-1	-1	-1	-1	-1	-1	-1	-1	-1	-1	-1	-1	-1	-1	-1	-1	-1	-1	-1	-1	-1	-1	-1
XMTQwNzk0ODExMg==	3267	7537	9716	11543	-1	-1	-1	-1	-1	-1	-1	-1	-1	-1	-1	-1	-1	-1	-1	-1	-1	-1	-1	-1	-1	-1	-1	-1	-1	-1
XMTQwODUzOTA4MA==	15269	-1	-1	-1	-1	-1	-1	-1	-1	-1	-1	-1	-1	-1	-1	-1	-1	-1	-1	-1	-1	-1	-1	-1	-1	-1	-1	-1	-1	-1
XMTQwNTEyNzY4OA==	2	-1	-1	-1	-1	-1	-1	-1	-1	-1	-1	-1	-1	-1	-1	-1	-1	-1	-1	-1	-1	-1	-1	-1	-1	-1	-1	-1	-1	-1
XMTQwNzczMjcwMA==	221	274	289	293	297	301	303	303	304	304	305	305	306	307	308	-1	-1	-1	-1	-1	-1	-1	-1	-1	-1	-1	-1	-1	-1	-1
XMTQwNzgwMjU0OA==	7	8	-1	-1	-1	-1	-1	-1	-1	-1	-1	-1	-1	-1	-1	-1	-1	-1	-1	-1	-1	-1	-1	-1	-1	-1	-1	-1	-1	-1
XMTQwODIxNTg0OA==	7	-1	-1	-1	-1	-1	-1	-1	-1	-1	-1	-1	-1	-1	-1	-1	-1	-1	-1	-1	-1	-1	-1	-1	-1	-1	-1	-1	-1	-1
XMTQwODMxMDc4NA==	13	-1	-1	-1	-1	-1	-1	-1	-1	-1	-1	-1	-1	-1	-1	-1	-1	-1	-1	-1	-1	-1	-1	-1	-1	-1	-1	-1	-1	-1
XMTQwNzg3MDcxNg==	688	846	866	843	-1	-1	-1	-1	-1	-1	-1	-1	-1	-1	-1	-1	-1	-1	-1	-1	-1	-1	-1	-1	-1	-1	-1	-1	-1	-1
XMTQwODI4ODE3Ng==	2	-1	-1	-1	-1	-1	-1	-1	-1	-1	-1	-1	-1	-1	-1	-1	-1	-1	-1	-1	-1	-1	-1	-1	-1	-1	-1	-1	-1	-1
XMTQwODA2NzI3Ng==	3	3	3	3	5	-1	-1	-1	-1	-1	-1	-1	-1	-1	-1	-1	-1	-1	-1	-1	-1	-1	-1	-1	-1	-1	-1	-1	-1	-1
XMTQwNzk0ODI5Ng==	69	-1	-1	-1	-1	-1	-1	-1	-1	-1	-1	-1	-1	-1	-1	-1	-1	-1	-1	-1	-1	-1	-1	-1	-1	-1	-1	-1	-1	-1
XMTQwNzg1MzEwMA==	94	182	190	184	187	194	212	212	213	208	208	208	-1	-1	-1	-1	-1	-1	-1	-1	-1	-1	-1	-1	-1	-1	-1	-1	-1	-1
XMTQwODIyNDQyNA==	6	10	11	11	11	11	-1	-1	-1	-1	-1	-1	-1	-1	-1	-1	-1	-1	-1	-1	-1	-1	-1	-1	-1	-1	-1	-1	-1	-1
XMTQwNzY5NDI2MA==	24	29	-1	-1	-1	-1	-1	-1	-1	-1	-1	-1	-1	-1	-1	-1	-1	-1	-1	-1	-1	-1	-1	-1	-1	-1	-1	-1	-1	-1
XMTQwNzc1NzI3Ng==	6	-1	-1	-1	-1	-1	-1	-1	-1	-1	-1	-1	-1	-1	-1	-1	-1	-1	-1	-1	-1	-1	-1	-1	-1	-1	-1	-1	-1	-1
XMTQwNzc5NDc0NA==	222	-1	-1	-1	-1	-1	-1	-1	-1	-1	-1	-1	-1	-1	-1	-1	-1	-1	-1	-1	-1	-1	-1	-1	-1	-1	-1	-1	-1	-1
XMTQwNzMyMzI0NA==	33	34	34	34	39	41	42	44	43	44	45	45	45	45	48	51	51	51	56	57	57	57	58	58	58	58	-1	-1	-1	-1
XMTQwNzUyOTQwMA==	16	16	17	17	17	17	17	-1	-1	-1	-1	-1	-1	-1	-1	-1	-1	-1	-1	-1	-1	-1	-1	-1	-1	-1	-1	-1	-1	-1
XMTQwNjk2OTgxMg==	156	221	262	309	347	381	401	428	464	493	528	557	582	615	654	684	730	740	770	815	854	876	904	-1	-1	-1	-1	-1	-1	-1
XMTQwODIxODE3Mg==	2	3	3	4	4	4	4	4	4	4	4	4	4	4	4	4	-1	-1	-1	-1	-1	-1	-1	-1	-1	-1	-1	-1	-1	-1
XMTQwODA2NDY4MA==	2	2	2	2	2	2	2	-1	-1	-1	-1	-1	-1	-1	-1	-1	-1	-1	-1	-1	-1	-1	-1	-1	-1	-1	-1	-1	-1	-1
XMTQwNjk5NDk4MA==	391	415	422	430	458	478	480	481	483	484	484	-1	-1	-1	-1	-1	-1	-1	-1	-1	-1	-1	-1	-1	-1	-1	-1	-1	-1	-1
XMTQwODE4NzIzMg==	7	7	-1	-1	-1	-1	-1	-1	-1	-1	-1	-1	-1	-1	-1	-1	-1	-1	-1	-1	-1	-1	-1	-1	-1	-1	-1	-1	-1	-1
XMTQwNjk4ODIxNg==	19	25	28	30	30	30	30	30	30	30	31	31	31	31	31	31	31	31	31	31	31	32	32	33	35	36	35	35	35	-1
XMTQwODMwODIwOA==	76	137	333	637	687	696	698	706	708	713	715	715	717	720	720	-1	-1	-1	-1	-1	-1	-1	-1	-1	-1	-1	-1	-1	-1	-1
XMTQwNzY1OTU2NA==	1364	2471	3974	8126	9536	-1	-1	-1	-1	-1	-1	-1	-1	-1	-1	-1	-1	-1	-1	-1	-1	-1	-1	-1	-1	-1	-1	-1	-1	-1
XMTQwNzk5MTAwMA==	4	5	6	5	5	5	5	5	5	5	5	5	5	5	5	5	5	5	5	5	5	5	5	5	5	5	5	-1	-1	-1
XMTQwNzI0MTg4NA==	70	72	70	69	71	72	72	72	72	-1	-1	-1	-1	-1	-1	-1	-1	-1	-1	-1	-1	-1	-1	-1	-1	-1	-1	-1	-1	-1
XMTQwNzYwNzI0NA==	180	194	193	191	197	202	205	218	226	235	242	246	254	260	261	-1	-1	-1	-1	-1	-1	-1	-1	-1	-1	-1	-1	-1	-1	-1
XMTQwNzYzMjMwNA==	79	93	98	102	109	118	119	123	123	125	127	130	-1	-1	-1	-1	-1	-1	-1	-1	-1	-1	-1	-1	-1	-1	-1	-1	-1	-1
XMTQwNzkzMzM0MA==	3	21	30	49	77	95	102	107	116	-1	-1	-1	-1	-1	-1	-1	-1	-1	-1	-1	-1	-1	-1	-1	-1	-1	-1	-1	-1	-1
XMTQwODE4ODg1Ng==	13	-1	-1	-1	-1	-1	-1	-1	-1	-1	-1	-1	-1	-1	-1	-1	-1	-1	-1	-1	-1	-1	-1	-1	-1	-1	-1	-1	-1	-1
XMTQwODE0Nzg4OA==	12	19	19	17	17	17	17	17	-1	-1	-1	-1	-1	-1	-1	-1	-1	-1	-1	-1	-1	-1	-1	-1	-1	-1	-1	-1	-1	-1
XMTQwNDk4NzkyOA==	8	10	10	9	9	9	9	9	9	9	9	9	9	9	9	9	9	-1	-1	-1	-1	-1	-1	-1	-1	-1	-1	-1	-1	-1
XMTQwODM0NjM5Mg==	32	50	56	56	-1	-1	-1	-1	-1	-1	-1	-1	-1	-1	-1	-1	-1	-1	-1	-1	-1	-1	-1	-1	-1	-1	-1	-1	-1	-1
XMTQwNzcxODMxNg==	88	-1	-1	-1	-1	-1	-1	-1	-1	-1	-1	-1	-1	-1	-1	-1	-1	-1	-1	-1	-1	-1	-1	-1	-1	-1	-1	-1	-1	-1
XMTQwNzgyNDg5Ng==	17	17	16	15	15	15	16	16	16	17	17	17	17	17	17	17	17	17	17	17	18	18	19	19	19	19	19	19	-1	-1
XMTQwNzEwMzA1Ng==	644	761	838	842	843	845	849	853	854	-1	-1	-1	-1	-1	-1	-1	-1	-1	-1	-1	-1	-1	-1	-1	-1	-1	-1	-1	-1	-1
XMTQwNzQ3NTE4OA==	28	30	28	26	25	25	25	25	25	25	25	25	25	25	25	25	25	25	25	25	25	-1	-1	-1	-1	-1	-1	-1	-1	-1
XMTQwODI0MTAwOA==	133	379	395	408	-1	-1	-1	-1	-1	-1	-1	-1	-1	-1	-1	-1	-1	-1	-1	-1	-1	-1	-1	-1	-1	-1	-1	-1	-1	-1
XMTQwNzUyMDY2MA==	281	340	363	378	394	401	410	415	428	437	448	456	464	469	478	484	491	491	501	502	504	511	521	-1	-1	-1	-1	-1	-1	-1
XMTQwNzk4Nzk2NA==	3	9	9	8	11	11	11	11	11	11	11	11	11	11	11	11	11	11	11	11	11	11	11	11	11	11	11	-1	-1	-1
XMTQwODI5NTgzNg==	5	6	6	6	5	5	-1	-1	-1	-1	-1	-1	-1	-1	-1	-1	-1	-1	-1	-1	-1	-1	-1	-1	-1	-1	-1	-1	-1	-1
XMTQwODU0ODk3Mg==	12	-1	-1	-1	-1	-1	-1	-1	-1	-1	-1	-1	-1	-1	-1	-1	-1	-1	-1	-1	-1	-1	-1	-1	-1	-1	-1	-1	-1	-1
XMTQwNzUzMzYzMg==	285	294	280	282	283	282	284	289	289	-1	-1	-1	-1	-1	-1	-1	-1	-1	-1	-1	-1	-1	-1	-1	-1	-1	-1	-1	-1	-1
XMTQwNzQwODgxNg==	115	115	115	115	117	117	117	117	117	117	117	117	117	117	-1	-1	-1	-1	-1	-1	-1	-1	-1	-1	-1	-1	-1	-1	-1	-1
XMTQwODE1MjA2OA==	9	10	10	10	-1	-1	-1	-1	-1	-1	-1	-1	-1	-1	-1	-1	-1	-1	-1	13	14	14	16	16	16	16	16	16	16	16
XMTQwODI2MjQ0NA==	38	47	53	-1	-1	-1	-1	-1	-1	-1	-1	-1	-1	-1	-1	-1	-1	-1	-1	-1	-1	-1	-1	-1	-1	-1	-1	-1	-1	-1
XMTQwODI0MjMwOA==	33	60	63	66	-1	-1	-1	-1	-1	-1	-1	-1	-1	-1	-1	-1	-1	-1	-1	-1	-1	-1	-1	-1	-1	-1	-1	-1	-1	-1
XMTQwNzQ1NDg4OA==	10	11	10	10	9	9	9	9	9	9	9	9	9	9	9	-1	-1	-1	-1	-1	-1	-1	-1	-1	-1	-1	-1	-1	-1	-1
XMTQwNzkzOTQxMg==	4	-1	-1	-1	-1	-1	-1	-1	-1	-1	-1	-1	-1	-1	-1	-1	-1	-1	-1	-1	-1	-1	-1	-1	-1	-1	-1	-1	-1	-1
XMTQwNzc5MDEzNg==	8	14	14	14	14	14	17	-1	-1	-1	-1	-1	-1	-1	-1	-1	-1	-1	-1	-1	-1	-1	-1	-1	-1	-1	-1	-1	-1	-1
XMTQwNzM5MjEyOA==	6	6	-1	-1	-1	-1	-1	-1	-1	-1	-1	-1	-1	-1	-1	-1	-1	-1	-1	-1	-1	-1	-1	-1	-1	-1	-1	-1	-1	-1
XMTQwODMwNDU0MA==	3	8	8	9	12	12	12	12	12	-1	-1	-1	-1	-1	-1	-1	-1	-1	-1	-1	-1	-1	-1	-1	-1	-1	-1	-1	-1	-1
XMTQwNzQ3ODgwMA==	74	95	-1	-1	-1	-1	-1	-1	-1	-1	-1	-1	-1	-1	-1	-1	-1	-1	-1	-1	-1	-1	-1	-1	-1	-1	-1	-1	-1	-1
XMTQwODAzMzg3Ng==	16	25	27	28	27	27	-1	-1	-1	-1	-1	-1	-1	-1	-1	-1	-1	-1	-1	-1	-1	-1	-1	-1	-1	-1	-1	-1	-1	-1
XMTQwNzUxOTIyOA==	29	35	34	35	40	43	-1	-1	-1	-1	-1	-1	-1	-1	-1	-1	-1	-1	-1	-1	-1	-1	-1	-1	-1	-1	-1	-1	-1	-1
XMTQwNzA4NTkwMA==	106	125	139	144	164	172	189	193	199	207	224	236	242	253	259	266	282	291	305	313	329	345	348	354	360	373	376	378	-1	-1
XMTQwODAzMDI5Ng==	10	13	-1	-1	-1	-1	-1	-1	-1	-1	-1	-1	-1	-1	-1	-1	-1	-1	-1	-1	-1	-1	-1	-1	-1	-1	-1	-1	-1	-1
XMTQwNzE1MDQyNA==	288	323	324	387	428	449	690	853	978	1044	1136	1231	-1	-1	-1	-1	-1	-1	-1	-1	-1	-1	-1	-1	-1	-1	-1	-1	-1	-1
XMTQwNzY1MjExMg==	18	20	20	18	17	17	17	17	17	17	17	17	-1	-1	-1	-1	-1	-1	-1	-1	-1	-1	-1	-1	-1	-1	-1	-1	-1	-1
XMTQwODAzMDI0MA==	3	3	-1	-1	-1	-1	-1	-1	-1	-1	-1	-1	-1	-1	-1	-1	-1	-1	-1	-1	-1	-1	-1	-1	-1	-1	-1	-1	-1	-1
XMTQwNzg0Nzk5Ng==	7	7	7	6	6	6	6	6	6	6	6	6	6	7	9	9	9	9	-1	-1	-1	-1	-1	-1	-1	-1	-1	-1	-1	-1
XMTQwODE3NDQyNA==	63	113	130	159	184	229	259	269	275	288	293	308	327	329	344	407	459	468	492	530	537	553	567	586	-1	-1	-1	-1	-1	-1
XMTQwNzcyNDAyNA==	14	17	17	18	18	-1	-1	-1	-1	-1	-1	-1	-1	-1	-1	-1	-1	-1	-1	-1	-1	-1	-1	-1	-1	-1	-1	-1	-1	-1
XMTQwNzQzMDI4NA==	1200	1420	-1	-1	-1	-1	-1	-1	-1	-1	-1	-1	-1	-1	-1	-1	-1	-1	-1	-1	-1	-1	-1	-1	-1	-1	-1	-1	-1	-1
XMTQwODI2MDczNg==	27	50	55	-1	-1	-1	-1	-1	-1	-1	-1	-1	-1	-1	-1	-1	-1	-1	-1	-1	-1	-1	-1	-1	-1	-1	-1	-1	-1	-1
XMTQwODAyMjIwNA==	94	99	104	93	92	92	92	92	92	92	92	92	92	92	92	-1	-1	-1	-1	-1	-1	-1	-1	-1	-1	-1	-1	-1	-1	-1
XMTQwNzEyOTI0NA==	10	10	11	10	10	10	-1	-1	-1	-1	-1	-1	-1	-1	-1	-1	-1	-1	-1	-1	-1	-1	-1	-1	-1	-1	-1	-1	-1	-1
XMTQwNzYwNTkxMg==	114	-1	-1	-1	-1	-1	-1	-1	-1	-1	-1	-1	-1	-1	-1	-1	-1	-1	-1	-1	-1	-1	-1	-1	-1	-1	-1	-1	-1	-1
XMTQwODE5ODM1Mg==	22	27	-1	-1	-1	-1	-1	-1	-1	-1	-1	-1	-1	-1	-1	-1	-1	-1	-1	-1	-1	-1	-1	-1	-1	-1	-1	-1	-1	-1
XMTQwNzI0MjE2MA==	955	1416	7137	18446	19984	21066	22125	22564	22917	-1	-1	-1	-1	-1	-1	-1	-1	-1	-1	-1	-1	-1	-1	-1	-1	-1	-1	-1	-1	-1
XMTQwODIxNjE3Mg==	4	4	-1	-1	-1	-1	-1	-1	-1	-1	-1	-1	-1	-1	-1	-1	-1	-1	-1	-1	-1	-1	-1	-1	-1	-1	-1	-1	-1	-1
XMTQwNjk4NTQ5Mg==	23	-1	-1	-1	-1	-1	-1	-1	-1	-1	-1	-1	-1	-1	-1	-1	-1	-1	-1	-1	-1	-1	-1	-1	-1	-1	-1	-1	-1	-1
XMTQwODI3MjY5Ng==	13	22	22	28	29	29	27	26	26	26	-1	-1	-1	-1	-1	-1	-1	-1	-1	-1	-1	-1	-1	-1	-1	-1	-1	-1	-1	-1
XMTQwODI0Mjk4MA==	80	154	158	166	-1	-1	-1	-1	-1	-1	-1	-1	-1	-1	-1	-1	-1	-1	-1	-1	-1	-1	-1	-1	-1	-1	-1	-1	-1	-1
XMTQwNzQ5ODg3Ng==	106	111	106	98	100	100	100	99	99	-1	-1	-1	-1	-1	-1	-1	-1	-1	-1	-1	-1	-1	-1	-1	-1	-1	-1	-1	-1	-1
XMTQwNzcyNDI0NA==	12	13	-1	-1	-1	-1	-1	-1	-1	-1	-1	-1	-1	-1	-1	-1	-1	-1	-1	-1	-1	-1	-1	-1	-1	-1	-1	-1	-1	-1
XMTQwNjcyMDg3Ng==	14	15	15	16	17	19	19	22	24	25	25	25	25	25	29	29	29	29	29	29	29	29	29	29	29	30	31	-1	-1	-1
XMTQwODIwMDcxMg==	8	11	11	11	12	12	12	12	16	16	16	18	19	31	39	79	89	94	109	116	123	133	154	162	174	177	192	-1	-1	-1
XMTQwNzgxODcyOA==	15	17	17	17	17	18	18	18	18	18	18	-1	-1	-1	-1	-1	-1	-1	-1	-1	-1	-1	-1	-1	-1	-1	-1	-1	-1	-1
XMTQwODE5NjE3Mg==	64	107	114	110	110	107	110	203	350	361	366	370	-1	-1	-1	-1	-1	-1	-1	-1	-1	-1	-1	-1	-1	-1	-1	-1	-1	-1
XMTQwNzQ2MTAzMg==	48	50	47	48	47	47	47	47	-1	-1	-1	-1	-1	-1	-1	-1	-1	-1	-1	-1	-1	-1	-1	-1	-1	-1	-1	-1	-1	-1
XMTQwODQ5OTQ0NA==	25	-1	-1	-1	-1	-1	-1	-1	-1	-1	-1	-1	-1	-1	-1	-1	-1	-1	-1	-1	-1	-1	-1	-1	-1	-1	-1	-1	-1	-1
XMTQwODAzMzAyOA==	5	7	9	8	8	8	8	7	7	7	7	7	7	7	7	7	7	7	7	7	7	8	-1	-1	-1	-1	-1	-1	-1	-1
XMTQwNjcyMDQ4OA==	9	13	16	18	18	18	18	18	18	18	18	18	18	18	18	18	18	18	18	18	18	18	18	19	19	19	19	-1	-1	-1
XMTQwODAxMDQzMg==	-1	-1	-1	-1	-1	-1	-1	-1	-1	-1	-1	-1	-1	-1	-1	-1	-1	-1	-1	-1	-1	-1	-1	-1	-1	-1	-1	-1	-1	-1
XMTQwNzMwNjI0OA==	247	250	250	252	257	258	258	258	259	259	262	266	268	270	270	270	270	270	270	271	271	272	273	-1	-1	-1	-1	-1	-1	-1
XMTQwODA1MTgzMg==	202	311	327	325	323	323	325	331	331	332	-1	-1	-1	-1	-1	-1	-1	-1	-1	-1	-1	-1	-1	-1	-1	-1	-1	-1	-1	-1
XMTQwNjk3MTkwMA==	116	135	138	143	146	149	154	157	163	163	165	166	169	171	173	174	181	183	186	188	188	189	191	-1	-1	-1	-1	-1	-1	-1
XMTQwODIyMDY4MA==	3	3	3	4	6	6	6	6	-1	-1	-1	-1	-1	-1	-1	-1	-1	-1	-1	-1	-1	-1	-1	-1	-1	-1	-1	-1	-1	-1
XMTQwODI0MTM1Ng==	51	105	110	118	-1	-1	-1	-1	-1	-1	-1	-1	-1	-1	-1	-1	-1	-1	-1	-1	-1	-1	-1	-1	-1	-1	-1	-1	-1	-1
XMTQwNzUwNTQ4NA==	1352	1385	1327	1332	1343	1346	1348	1350	1353	1355	1356	1364	1370	1372	1376	1378	1381	1381	1387	1391	1392	1394	1395	1399	1401	1404	1406	1408	-1	-1
XMTQwNzY1NjIwOA==	22	-1	-1	-1	-1	-1	-1	-1	-1	-1	-1	-1	-1	-1	-1	-1	-1	-1	-1	-1	-1	-1	-1	-1	-1	-1	-1	-1	-1	-1
XMTQwODQ1NDIzMg==	45	224	336	-1	-1	-1	-1	-1	-1	-1	-1	-1	-1	-1	-1	-1	-1	-1	-1	-1	-1	-1	-1	-1	-1	-1	-1	-1	-1	-1
XMTQwNzUyOTc2NA==	8	10	11	-1	-1	-1	-1	-1	-1	-1	-1	-1	-1	-1	-1	-1	-1	-1	-1	-1	-1	-1	-1	-1	-1	-1	-1	-1	-1	-1
XMTQwODI2MzU4NA==	21	41	47	58	71	73	75	78	80	81	84	87	88	89	-1	-1	-1	-1	-1	-1	-1	-1	-1	-1	-1	-1	-1	-1	-1	-1
XMTQwODE2MDM4NA==	59	87	93	99	107	118	138	146	147	149	149	150	151	152	160	190	204	207	209	211	211	211	214	-1	-1	-1	-1	-1	-1	-1
XMTQwNzQzMzkwOA==	207	217	243	247	250	251	252	-1	-1	-1	-1	-1	-1	-1	-1	-1	-1	-1	-1	-1	-1	-1	-1	-1	-1	-1	-1	-1	-1	-1
XMTQwODAxNjM2NA==	6	-1	-1	-1	-1	-1	-1	-1	-1	-1	-1	-1	-1	-1	-1	-1	-1	-1	-1	-1	-1	-1	-1	-1	-1	-1	-1	-1	-1	-1
XMTQwNzk0NjkzMg==	294	616	683	696	-1	-1	-1	-1	-1	-1	-1	-1	-1	-1	-1	-1	-1	-1	-1	-1	-1	-1	-1	-1	-1	-1	-1	-1	-1	-1
XMTQwODQ3ODIzNg==	20	-1	-1	-1	-1	-1	-1	-1	-1	-1	-1	-1	-1	-1	-1	-1	-1	-1	-1	-1	-1	-1	-1	-1	-1	-1	-1	-1	-1	-1
XMTQwNzkxODE0MA==	2	2	2	2	4	6	6	5	4	-1	-1	-1	-1	-1	-1	-1	-1	-1	-1	-1	-1	-1	-1	-1	-1	-1	-1	-1	-1	-1
XMTQwODE3ODYyMA==	7	7	-1	-1	-1	-1	-1	-1	-1	-1	-1	-1	-1	-1	-1	-1	-1	-1	-1	-1	-1	-1	-1	-1	-1	-1	-1	-1	-1	-1
XMTQwODQwNDkzNg==	18	44	52	-1	-1	-1	-1	-1	-1	-1	-1	-1	-1	-1	-1	-1	-1	-1	-1	-1	-1	-1	-1	-1	-1	-1	-1	-1	-1	-1
XMTQwNzU4MzE0MA==	29	29	28	29	31	31	31	31	-1	-1	-1	-1	-1	-1	-1	-1	-1	-1	-1	-1	-1	-1	-1	-1	-1	-1	-1	-1	-1	-1
XMTQwODQzNDkwMA==	4	22	44	114	145	-1	-1	-1	-1	-1	-1	-1	-1	-1	-1	-1	-1	-1	-1	-1	-1	-1	-1	-1	-1	-1	-1	-1	-1	-1
XMTQwNzkwMzAwNA==	73	120	125	128	138	147	149	150	152	154	157	157	-1	-1	-1	-1	-1	-1	-1	-1	-1	-1	-1	-1	-1	-1	-1	-1	-1	-1
XMTQwODI1ODA4NA==	43	86	183	375	497	575	581	583	584	585	585	585	587	587	590	591	594	594	595	595	595	598	598	600	-1	-1	-1	-1	-1	-1
XMTQwNzMwOTQwOA==	29	39	39	34	35	35	35	36	36	37	37	37	37	37	37	37	38	38	-1	-1	-1	-1	-1	-1	-1	-1	-1	-1	-1	-1
XMTQwNzY0NzMxMg==	12	13	12	11	11	11	11	11	11	11	11	11	11	11	11	11	11	11	-1	-1	-1	-1	-1	-1	-1	-1	-1	-1	-1	-1
XMTQwNzMzNjIyOA==	84	84	87	88	92	94	96	98	-1	-1	-1	-1	-1	-1	-1	-1	-1	-1	-1	-1	-1	-1	-1	-1	-1	-1	-1	-1	-1	-1
XMTQwNzYyOTI0MA==	10	10	10	10	10	10	-1	-1	-1	-1	-1	-1	-1	-1	-1	-1	-1	-1	-1	-1	-1	-1	-1	-1	-1	-1	-1	-1	-1	-1
XMTQwNzY1MDcwOA==	1	2	2	2	2	2	2	2	2	2	2	2	2	2	2	2	2	2	2	2	2	2	-1	-1	-1	-1	-1	-1	-1	-1
XMTQwNzk5MDQ2NA==	4	5	6	6	7	7	7	7	7	7	7	7	7	7	7	7	7	7	7	7	7	7	7	7	7	7	7	-1	-1	-1
XMTQwNzk5OTQ1Mg==	24	36	36	-1	-1	-1	-1	-1	-1	-1	-1	-1	-1	-1	-1	-1	-1	-1	-1	-1	-1	-1	-1	-1	-1	-1	-1	-1	-1	-1
XMTQwNzc5NTA2MA==	98	119	130	144	152	157	158	161	161	161	164	166	166	168	170	-1	-1	-1	-1	-1	-1	-1	-1	-1	-1	-1	-1	-1	-1	-1
XMTQwODI1OTUzMg==	11	18	19	15	16	18	19	19	19	19	19	19	20	32	46	52	69	75	92	91	112	140	151	167	188	203	225	-1	-1	-1
XMTQwODM0NzAwMA==	4	-1	-1	-1	-1	-1	-1	-1	-1	-1	-1	-1	-1	-1	-1	-1	-1	-1	-1	-1	-1	-1	-1	-1	-1	-1	-1	-1	-1	-1
XMTQwODA1NDgxMg==	13	19	19	18	17	-1	-1	-1	-1	-1	-1	-1	-1	-1	-1	-1	-1	-1	-1	-1	-1	-1	-1	-1	-1	-1	-1	-1	-1	-1
XMTQwNzI5OTUyOA==	225	239	254	256	269	270	270	271	271	271	272	274	274	274	274	274	274	274	274	-1	-1	-1	-1	-1	-1	-1	-1	-1	-1	-1
XMTQwNzI2MTYzNg==	10806	-1	-1	-1	-1	-1	-1	-1	-1	-1	-1	-1	-1	-1	-1	-1	-1	-1	-1	-1	-1	-1	-1	-1	-1	-1	-1	-1	-1	-1
XMTQwNzg2MTYyOA==	4	4	4	4	4	4	4	-1	-1	-1	-1	-1	-1	-1	-1	-1	-1	-1	-1	-1	-1	-1	-1	-1	-1	-1	-1	-1	-1	-1
XMTQwODI2Mzc5Mg==	154	791	1486	2630	4053	5115	6278	7418	8159	8476	8586	8575	8667	8742	8796	8845	8911	8923	8941	8961	8986	9011	9030	9059	9070	9085	9091	9104	9115	-1
XMTQwNTY3NzIzMg==	6	11	14	20	20	19	20	21	21	20	20	20	20	20	20	20	20	20	20	20	20	20	20	-1	-1	-1	-1	-1	-1	-1
XMTQwNzcxMDQ5Ng==	24	30	-1	-1	-1	-1	-1	-1	-1	-1	-1	-1	-1	-1	-1	-1	-1	-1	-1	-1	-1	-1	-1	-1	-1	-1	-1	-1	-1	-1
XMTQwNzI2MzE3Mg==	168	173	175	182	184	185	188	189	189	189	190	190	-1	-1	-1	-1	-1	-1	-1	-1	-1	-1	-1	-1	-1	-1	-1	-1	-1	-1
XMTQwNzM5MTg5Mg==	141	164	168	184	206	221	240	260	304	333	368	431	479	494	529	552	-1	-1	-1	-1	-1	-1	-1	-1	-1	-1	-1	-1	-1	-1
XMTQwNzY1MzYwNA==	65	-1	-1	-1	-1	-1	-1	-1	-1	-1	-1	-1	-1	-1	-1	-1	-1	-1	-1	-1	-1	-1	-1	-1	-1	-1	-1	-1	-1	-1
XMTQwNzI5MzY3Mg==	8226	8226	-1	-1	-1	-1	-1	-1	-1	-1	-1	-1	-1	-1	-1	-1	-1	-1	-1	-1	-1	-1	-1	-1	-1	-1	-1	-1	-1	-1
XMTQwNzc1MDQzMg==	10	10	11	10	10	10	11	11	11	-1	-1	-1	-1	-1	-1	-1	-1	-1	-1	-1	-1	-1	-1	-1	-1	-1	-1	-1	-1	-1
XMTQwNjk3OTI1Ng==	93	-1	-1	-1	-1	-1	-1	-1	-1	-1	-1	-1	-1	-1	-1	-1	-1	-1	-1	-1	-1	-1	-1	-1	-1	-1	-1	-1	-1	-1
XMTQwNzA5MjcxNg==	699	844	875	975	1064	1113	1178	1240	1303	1374	1471	1567	1605	1653	1699	1752	1829	1846	1915	1965	1994	2013	2037	2070	2097	2151	2176	2206	-1	-1
XMTQwNzc1MjM4OA==	129	161	168	177	180	181	182	184	186	189	190	192	192	192	193	193	194	194	-1	-1	-1	-1	-1	-1	-1	-1	-1	-1	-1	-1
XMTQwNzI5NjU4NA==	1119	1219	1219	1268	1297	-1	-1	-1	-1	-1	-1	-1	-1	-1	-1	-1	-1	-1	-1	-1	-1	-1	-1	-1	-1	-1	-1	-1	-1	-1
XMTQwNzgwODM0MA==	196	269	285	289	297	300	306	307	308	310	313	333	367	-1	-1	-1	-1	-1	-1	-1	-1	-1	-1	-1	-1	-1	-1	-1	-1	-1
XMTQwODQyMTA3Ng==	127	200	217	-1	-1	-1	-1	-1	-1	-1	-1	-1	-1	-1	-1	-1	-1	-1	-1	-1	-1	-1	-1	-1	-1	-1	-1	-1	-1	-1
XMTQwNjc4MzY0OA==	-1	-1	-1	-1	-1	-1	-1	-1	-1	-1	-1	-1	-1	-1	-1	-1	-1	-1	-1	-1	-1	-1	-1	-1	-1	-1	-1	-1	-1	-1
XMTQwNzUzOTc2OA==	-1	-1	-1	-1	-1	-1	-1	-1	-1	-1	-1	-1	-1	-1	-1	-1	-1	-1	-1	-1	-1	-1	-1	-1	-1	-1	-1	-1	-1	-1
XMTQwNzY3NTAwOA==	82	95	95	96	102	103	102	-1	-1	-1	-1	-1	-1	-1	-1	-1	-1	-1	-1	-1	-1	-1	-1	-1	-1	-1	-1	-1	-1	-1
XMTQwNzEyNTA3Ng==	11	11	7	7	9	11	11	10	10	-1	-1	-1	-1	-1	-1	-1	-1	-1	-1	-1	-1	-1	-1	-1	-1	-1	-1	-1	-1	-1
XMTQwODI1OTE2NA==	4	-1	-1	-1	-1	-1	-1	-1	-1	-1	-1	-1	-1	-1	-1	-1	-1	-1	-1	-1	-1	-1	-1	-1	-1	-1	-1	-1	-1	-1
XMTQwODE0MTAwMA==	5	6	6	5	5	5	6	6	6	6	6	6	6	17	22	32	51	58	71	79	91	107	111	123	140	149	166	-1	-1	-1
XMTQwNzMxMjY4NA==	5	6	5	4	-1	-1	-1	-1	-1	-1	-1	-1	-1	-1	-1	-1	-1	-1	-1	-1	-1	-1	-1	-1	-1	-1	-1	-1	-1	-1
XMTQwNzM1NDI0NA==	57	78	79	80	84	85	89	92	99	103	106	113	114	117	-1	-1	-1	-1	-1	-1	-1	-1	-1	-1	-1	-1	-1	-1	-1	-1
XMTQwODEyODE2MA==	6	8	8	9	11	11	12	11	11	-1	-1	-1	-1	-1	-1	-1	-1	-1	-1	-1	-1	-1	-1	-1	-1	-1	-1	-1	-1	-1
XMTQwNzM0NzQzMg==	241	361	440	470	505	544	566	574	578	587	602	616	630	642	650	653	-1	-1	-1	-1	-1	-1	-1	-1	-1	-1	-1	-1	-1	-1
XMTQwODQ0MjgwNA==	3	67	-1	-1	-1	-1	-1	-1	-1	-1	-1	-1	-1	-1	-1	-1	-1	-1	-1	-1	-1	-1	-1	-1	-1	-1	-1	-1	-1	-1
XMTQwODM4NzEyMA==	7	8	9	9	9	9	9	9	9	9	9	9	9	10	10	10	10	10	-1	-1	-1	-1	-1	-1	-1	-1	-1	-1	-1	-1
XMTQwNzc4MTY4NA==	10	16	18	16	15	15	16	16	17	17	17	17	17	17	17	17	18	18	19	-1	-1	-1	-1	-1	-1	-1	-1	-1	-1	-1
XMTQwNzQ3Mjk0MA==	32	44	48	49	52	52	-1	-1	-1	-1	-1	-1	-1	-1	-1	-1	-1	-1	-1	-1	-1	-1	-1	-1	-1	-1	-1	-1	-1	-1
XMTQwNzQxNjE5Ng==	37	-1	-1	-1	-1	-1	-1	-1	-1	-1	-1	-1	-1	-1	-1	-1	-1	-1	-1	-1	-1	-1	-1	-1	-1	-1	-1	-1	-1	-1
XMTQwNzk5NjU2OA==	4	4	6	5	5	5	5	5	-1	-1	-1	-1	-1	-1	-1	-1	-1	-1	-1	-1	-1	-1	-1	-1	-1	-1	-1	-1	-1	-1
XMTQwODE0MjU3Ng==	8	14	18	25	33	35	41	43	44	48	57	67	88	94	95	94	96	96	100	100	100	99	106	-1	-1	-1	-1	-1	-1	-1
XMTQwNzkzOTk3Ng==	5	9	-1	-1	-1	-1	-1	-1	-1	-1	-1	-1	-1	-1	-1	-1	-1	-1	-1	-1	-1	-1	-1	-1	-1	-1	-1	-1	-1	-1
XMTQwODQ5MDA1Ng==	3	6	9	11	15	15	15	15	15	-1	-1	-1	-1	-1	-1	-1	-1	-1	-1	-1	-1	-1	-1	-1	-1	-1	-1	-1	-1	-1
XMTQwNzc2ODg2MA==	68	85	91	94	96	95	98	99	100	102	104	105	106	108	-1	-1	-1	-1	-1	-1	-1	-1	-1	-1	-1	-1	-1	-1	-1	-1
XMTQwODQ5NjI4OA==	862	1793	1828	1855	1881	1892	1903	1936	1971	1987	1993	2003	2010	2014	2022	2035	2040	2044	2045	2049	2053	-1	-1	-1	-1	-1	-1	-1	-1	-1
XMTQwNzg2OTQ0NA==	205	-1	-1	-1	-1	-1	-1	-1	-1	-1	-1	-1	-1	-1	-1	-1	-1	-1	-1	-1	-1	-1	-1	-1	-1	-1	-1	-1	-1	-1
XMTQwODAxMDY0OA==	12	14	14	12	15	15	15	13	13	13	13	13	13	13	13	13	13	13	13	13	13	13	13	13	13	13	13	-1	-1	-1
XMTQwNzkxMDc1Ng==	32	-1	-1	-1	-1	-1	-1	-1	-1	-1	-1	-1	-1	-1	-1	-1	-1	-1	-1	-1	-1	-1	-1	-1	-1	-1	-1	-1	-1	-1
XMTQwODE3MDUwMA==	3	8	8	8	8	8	8	8	8	8	8	8	8	8	8	8	8	8	8	10	-1	-1	-1	-1	-1	-1	-1	-1	-1	-1
XMTQwODM1MTgxMg==	6	-1	-1	-1	-1	-1	-1	-1	-1	-1	-1	-1	-1	-1	-1	-1	-1	-1	-1	-1	-1	-1	-1	-1	-1	-1	-1	-1	-1	-1
XMTQwODA3NjM4NA==	17	22	24	24	24	-1	-1	-1	-1	-1	-1	-1	-1	-1	-1	-1	-1	-1	-1	-1	-1	-1	-1	-1	-1	-1	-1	-1	-1	-1
XMTQwNzM4MTkwOA==	10	11	12	12	12	11	11	11	11	11	11	11	12	13	13	-1	-1	-1	-1	-1	-1	-1	-1	-1	-1	-1	-1	-1	-1	-1
XMTQwNzQ5NTMwMA==	20	26	29	31	31	30	30	30	-1	-1	-1	-1	-1	-1	-1	-1	-1	-1	-1	-1	-1	-1	-1	-1	-1	-1	-1	-1	-1	-1
XMTQwNzMwMTIyOA==	38	40	42	44	44	43	42	42	42	42	42	42	42	42	-1	-1	-1	-1	-1	-1	-1	-1	-1	-1	-1	-1	-1	-1	-1	-1
XMTQwODAzNTQ1Mg==	9	-1	-1	-1	-1	-1	-1	-1	-1	-1	-1	-1	-1	-1	-1	-1	-1	-1	-1	-1	-1	-1	-1	-1	-1	-1	-1	-1	-1	-1
XMTQwNzk0Njc5Mg==	356	799	1030	1075	-1	-1	-1	-1	-1	-1	-1	-1	-1	-1	-1	-1	-1	-1	-1	-1	-1	-1	-1	-1	-1	-1	-1	-1	-1	-1
XMTQwODMxNTU2NA==	2	-1	-1	-1	-1	-1	-1	-1	-1	-1	-1	-1	-1	-1	-1	-1	-1	-1	-1	-1	-1	-1	-1	-1	-1	-1	-1	-1	-1	-1
XMTQwODQ1NTc3Mg==	2	5	-1	-1	-1	-1	-1	-1	-1	-1	-1	-1	-1	-1	-1	-1	-1	-1	-1	-1	-1	-1	-1	-1	-1	-1	-1	-1	-1	-1
XMTQwNzQ4NzA0OA==	64	126	126	133	146	150	151	151	152	154	154	158	-1	-1	-1	-1	-1	-1	-1	-1	-1	-1	-1	-1	-1	-1	-1	-1	-1	-1
XMTQwNzIzNTU5Mg==	122	125	108	107	111	112	113	116	117	119	120	126	128	130	134	134	139	141	146	151	152	155	-1	-1	-1	-1	-1	-1	-1	-1
XMTQwNzEzNDYxMg==	88	98	-1	-1	-1	-1	-1	-1	-1	-1	-1	-1	-1	-1	-1	-1	-1	-1	-1	-1	-1	-1	-1	-1	-1	-1	-1	-1	-1	-1
XMTQwNzMzNzYxMg==	44	54	52	49	49	49	50	53	54	54	55	55	56	57	57	57	57	58	-1	-1	-1	-1	-1	-1	-1	-1	-1	-1	-1	-1
XMTQwODA4MTc4MA==	12	13	14	14	16	17	17	17	17	18	18	18	18	18	18	18	18	18	18	18	18	18	-1	-1	-1	-1	-1	-1	-1	-1
XMTQwNzMxNTc2NA==	9	10	7	6	6	6	6	6	6	6	6	6	6	6	6	6	6	6	-1	-1	-1	-1	-1	-1	-1	-1	-1	-1	-1	-1
XMTQwNzM1NjI0NA==	56	63	59	57	56	56	56	57	58	59	60	60	60	61	61	-1	-1	-1	-1	-1	-1	-1	-1	-1	-1	-1	-1	-1	-1	-1
XMTQwNzM4NDQ4NA==	58	71	71	74	77	-1	-1	-1	-1	-1	-1	-1	-1	-1	-1	-1	-1	-1	-1	-1	-1	-1	-1	-1	-1	-1	-1	-1	-1	-1
XMTQwNzc3MjI0OA==	202	232	227	230	235	237	234	236	-1	-1	-1	-1	-1	-1	-1	-1	-1	-1	-1	-1	-1	-1	-1	-1	-1	-1	-1	-1	-1	-1
XMTQwNzA4OTU0NA==	228	280	282	296	296	299	301	302	307	309	-1	-1	-1	-1	-1	-1	-1	-1	-1	-1	-1	-1	-1	-1	-1	-1	-1	-1	-1	-1
XMTQwNzk1MDg0OA==	4	8	8	8	10	10	10	9	9	9	9	-1	-1	-1	-1	-1	-1	-1	-1	-1	-1	-1	-1	-1	-1	-1	-1	-1	-1	-1
XMTQwNzQ5Mjg5Ng==	145	150	154	156	162	162	162	162	163	-1	-1	-1	-1	-1	-1	-1	-1	-1	-1	-1	-1	-1	-1	-1	-1	-1	-1	-1	-1	-1
XMTQwNjg5NTA5Mg==	33	39	40	40	41	-1	-1	-1	-1	-1	-1	-1	-1	-1	-1	-1	-1	-1	-1	-1	-1	-1	-1	-1	-1	-1	-1	-1	-1	-1
XMTQwNzg2NjU5Ng==	20	25	25	24	24	24	24	24	24	24	24	24	24	-1	-1	-1	-1	-1	-1	-1	-1	-1	-1	-1	-1	-1	-1	-1	-1	-1
XMTQwNzM0MjYyOA==	293	303	293	296	300	300	300	301	306	309	309	309	310	314	314	314	317	-1	-1	-1	-1	-1	-1	-1	-1	-1	-1	-1	-1	-1
XMTQwNzQ2MTM3Mg==	111	-1	-1	-1	-1	-1	-1	-1	-1	-1	-1	-1	-1	-1	-1	-1	-1	-1	-1	-1	-1	-1	-1	-1	-1	-1	-1	-1	-1	-1
XMTQwNzIzNTM0MA==	78	101	132	151	168	173	194	231	265	293	302	312	315	325	333	334	340	342	347	347	350	350	-1	-1	-1	-1	-1	-1	-1	-1
XMTQwNzEzNzQyMA==	291	308	316	318	321	322	321	322	323	325	-1	-1	-1	-1	-1	-1	-1	-1	-1	326	326	328	328	328	330	330	337	339	341	342
XMTQwODEwNDU4MA==	7	12	13	14	15	15	15	14	14	14	14	14	18	41	80	107	134	153	189	214	259	300	335	361	397	425	454	-1	-1	-1
