XMTQzMTkzMjQ4MA==	144	-1	-1	-1	-1	-1	-1	-1	-1	-1	-1	-1	-1	-1	-1	-1	-1	-1	-1	-1	-1	-1	-1	-1	-1	-1	-1	-1	-1	-1
XMTQzMTgyMjg4NA==	94	104	110	113	113	-1	-1	-1	-1	-1	-1	-1	-1	-1	-1	-1	-1	-1	-1	-1	-1	-1	-1	-1	-1	-1	-1	-1	-1	-1
XMTQzMjkzNjE0OA==	21	35	42	48	-1	-1	-1	-1	-1	-1	-1	-1	-1	-1	-1	-1	-1	-1	-1	-1	-1	-1	-1	-1	-1	-1	-1	-1	-1	-1
XMTQzMTY3NjM0MA==	-1	-1	-1	-1	-1	-1	-1	-1	-1	-1	-1	-1	-1	-1	-1	-1	-1	-1	-1	-1	-1	-1	-1	-1	-1	-1	-1	-1	-1	-1
XMTQzMjA0MzY4NA==	447	531	569	625	649	668	700	743	765	768	-1	-1	-1	-1	-1	-1	-1	-1	-1	-1	-1	-1	-1	-1	-1	-1	-1	-1	-1	-1
XMTQzMjIxNTMzMg==	115	152	-1	-1	-1	-1	-1	-1	-1	-1	-1	-1	-1	-1	-1	-1	-1	-1	-1	-1	-1	-1	-1	-1	-1	-1	-1	-1	-1	-1
XMTQzMTkyOTExMg==	28	31	33	-1	-1	-1	-1	-1	-1	-1	-1	-1	-1	-1	-1	-1	-1	-1	-1	-1	-1	-1	-1	-1	-1	-1	-1	-1	-1	-1
XMTQzMjAzNDU3Mg==	746	771	799	809	817	844	-1	-1	-1	-1	-1	-1	-1	-1	-1	-1	-1	-1	-1	-1	-1	-1	-1	-1	-1	-1	-1	-1	-1	-1
XMTQzMjczNDE2NA==	25	-1	-1	-1	-1	-1	-1	-1	-1	-1	-1	-1	-1	-1	-1	-1	-1	-1	-1	-1	-1	-1	-1	-1	-1	-1	-1	-1	-1	-1
XMTQzMjc2Mzc3Ng==	23	-1	-1	-1	-1	-1	-1	-1	-1	-1	-1	-1	-1	-1	-1	-1	-1	-1	-1	-1	-1	-1	-1	-1	-1	-1	-1	-1	-1	-1
XMTQzMjY1MDkwOA==	287	306	329	327	327	328	328	327	327	327	328	328	328	329	330	330	-1	-1	-1	-1	-1	-1	-1	-1	-1	-1	-1	-1	-1	-1
XMTQzMTg1NTI1Mg==	312	383	412	444	458	490	505	513	527	564	-1	-1	-1	-1	-1	-1	-1	-1	-1	-1	-1	-1	-1	-1	-1	-1	-1	-1	-1	-1
XMTQzMjE5ODQ1Ng==	10	12	12	12	12	12	12	12	12	12	12	12	12	12	12	12	12	12	12	12	12	12	12	12	12	12	12	-1	-1	-1
XMTQzMjgwMDg0OA==	5133	6650	6830	6585	6617	6660	6717	6824	6966	7006	7048	-1	-1	-1	-1	-1	-1	-1	-1	-1	-1	-1	-1	-1	-1	-1	-1	-1	-1	-1
XMTQzMjM1NTAzMg==	64673	123129	-1	-1	-1	-1	-1	-1	-1	-1	-1	-1	-1	-1	-1	-1	-1	-1	-1	-1	-1	-1	-1	-1	-1	-1	-1	-1	-1	-1
XMTQzMTY3MTIxMg==	31	31	33	37	38	38	42	43	43	43	44	44	45	45	46	-1	-1	-1	-1	-1	-1	-1	-1	-1	-1	-1	-1	-1	-1	-1
XMTQzMjg3MzQ0NA==	1079455	1097348	1097413	1035698	1035532	1035555	968600	-1	-1	-1	-1	-1	-1	-1	-1	-1	-1	-1	-1	-1	-1	-1	-1	-1	-1	-1	-1	-1	-1	-1
XMTQzMjczNDI4MA==	7	17	21	19	21	22	22	23	23	23	24	25	25	35	36	36	36	37	38	38	38	-1	-1	-1	-1	-1	-1	-1	-1	-1
XMTQzMjc4Nzc5Mg==	84	-1	-1	-1	-1	-1	-1	-1	-1	-1	-1	-1	-1	-1	-1	-1	-1	-1	-1	-1	-1	-1	-1	-1	-1	-1	-1	-1	-1	-1
XMTQzMjI1MjI3Ng==	31734	377792	378220	291931	34227	270386	430810	529328	314753	-1	-1	-1	-1	-1	-1	-1	-1	-1	-1	-1	-1	-1	-1	-1	-1	-1	-1	-1	-1	-1
XMTQzMjA5Mjk2MA==	6	6	-1	-1	-1	-1	-1	-1	-1	-1	-1	-1	-1	-1	-1	-1	-1	-1	-1	-1	-1	-1	-1	-1	-1	-1	-1	-1	-1	-1
XMTQzMjk5MDUyOA==	8	13	14	-1	-1	-1	-1	-1	-1	-1	-1	-1	-1	-1	-1	-1	-1	-1	-1	-1	-1	-1	-1	-1	-1	-1	-1	-1	-1	-1
XMTQzMjEzMDMwMA==	25	32	-1	-1	-1	-1	-1	-1	-1	-1	-1	-1	-1	-1	-1	-1	-1	-1	-1	-1	-1	-1	-1	-1	-1	-1	-1	-1	-1	-1
XMTQzMjk2NDI1Mg==	2	22	24	24	24	26	28	32	33	-1	-1	-1	-1	-1	-1	-1	-1	-1	-1	-1	-1	-1	-1	-1	-1	-1	-1	-1	-1	-1
XMTQzMjg2NTU1Ng==	16	16	18	18	18	18	18	19	20	20	20	19	19	-1	-1	-1	-1	-1	-1	-1	-1	-1	-1	-1	-1	-1	-1	-1	-1	-1
XMTQzMjc1NjAyNA==	14	-1	-1	-1	-1	-1	-1	-1	-1	-1	-1	-1	-1	-1	-1	-1	-1	-1	-1	-1	-1	-1	-1	-1	-1	-1	-1	-1	-1	-1
XMTQzMjg4MjUwMA==	67	-1	-1	-1	-1	-1	-1	-1	-1	-1	-1	-1	-1	-1	-1	-1	-1	-1	-1	-1	-1	-1	-1	-1	-1	-1	-1	-1	-1	-1
XMTQzMjczMzExMg==	524	-1	-1	-1	-1	-1	-1	-1	-1	-1	-1	-1	-1	-1	-1	-1	-1	-1	-1	-1	-1	-1	-1	-1	-1	-1	-1	-1	-1	-1
XMTQzMzI2MjM4OA==	4	8	-1	-1	-1	-1	-1	-1	-1	-1	-1	-1	-1	-1	-1	-1	-1	-1	-1	-1	-1	-1	-1	-1	-1	-1	-1	-1	-1	-1
XMTQzMjkyOTY4MA==	19	-1	-1	-1	-1	-1	-1	-1	-1	-1	-1	-1	-1	-1	-1	-1	-1	-1	-1	-1	-1	-1	-1	-1	-1	-1	-1	-1	-1	-1
XMTQzMjY3MjcwNA==	26644	26682	26692	181	182	183	-1	-1	-1	-1	-1	-1	-1	-1	-1	-1	-1	-1	-1	-1	-1	-1	-1	-1	-1	-1	-1	-1	-1	-1
XMTQzMjk0NTY0MA==	26	-1	-1	-1	-1	-1	-1	-1	-1	-1	-1	-1	-1	-1	-1	-1	-1	-1	-1	-1	-1	-1	-1	-1	-1	-1	-1	-1	-1	-1
XMTQzMTU4MzQ5Ng==	30861	30874	30878	416	416	416	-1	-1	-1	-1	-1	-1	-1	-1	-1	-1	-1	-1	-1	-1	-1	-1	-1	-1	-1	-1	-1	-1	-1	-1
XMTQzMjY1NzY1Mg==	47	-1	-1	-1	-1	-1	-1	-1	-1	-1	-1	-1	-1	-1	-1	-1	-1	-1	-1	-1	-1	-1	-1	-1	-1	-1	-1	-1	-1	-1
XMTQzMjc3OTEwOA==	381391	812511	-1	-1	-1	-1	-1	-1	-1	-1	-1	-1	-1	-1	-1	-1	-1	-1	-1	-1	-1	-1	-1	-1	-1	-1	-1	-1	-1	-1
XMTQzMTg5NzY5Mg==	9	10	12	11	11	11	-1	-1	-1	-1	-1	-1	-1	-1	-1	-1	-1	-1	-1	-1	-1	-1	-1	-1	-1	-1	-1	-1	-1	-1
XMTQzMjQ5NDQ5Ng==	14	14	14	14	14	14	14	14	14	14	14	14	14	14	14	14	14	14	14	-1	-1	-1	-1	-1	-1	-1	-1	-1	-1	-1
XMTQzMjA2MjQxNg==	7	10	10	9	-1	-1	-1	-1	-1	-1	-1	-1	-1	-1	-1	-1	-1	-1	-1	-1	-1	-1	-1	-1	-1	-1	-1	-1	-1	-1
XMTQzMjYyOTUwNA==	594	1297	1842	-1	-1	-1	-1	-1	-1	-1	-1	-1	-1	-1	-1	-1	-1	-1	-1	-1	-1	-1	-1	-1	-1	-1	-1	-1	-1	-1
XMTQzMTgxOTY1Ng==	10	11	-1	-1	-1	-1	-1	-1	-1	-1	-1	-1	-1	-1	-1	-1	-1	-1	-1	-1	-1	-1	-1	-1	-1	-1	-1	-1	-1	-1
XMTQzMjk4MzMzNg==	12	21	30	-1	-1	-1	-1	-1	-1	-1	-1	-1	-1	-1	-1	-1	-1	-1	-1	-1	-1	-1	-1	-1	-1	-1	-1	-1	-1	-1
XMTQzMTY3NzY0MA==	694	694	660	658	658	658	659	662	663	663	662	661	-1	-1	-1	-1	-1	-1	-1	-1	-1	-1	-1	-1	-1	-1	-1	-1	-1	-1
XMTQzMTk3Mjc3Ng==	274	291	309	321	-1	-1	-1	-1	-1	-1	-1	-1	-1	-1	-1	-1	-1	-1	-1	-1	-1	-1	-1	-1	-1	-1	-1	-1	-1	-1
XMTQzMjgxMzU4OA==	1	1	1	1	1	1	1	1	1	1	1	1	1	1	1	1	1	1	1	1	-1	-1	-1	-1	-1	-1	-1	-1	-1	-1
XMTQzMjEwNTY4OA==	50	58	59	60	63	64	65	65	66	66	68	69	69	71	72	72	72	72	72	72	72	-1	-1	-1	-1	-1	-1	-1	-1	-1
XMTQzMjY1OTEyMA==	202	-1	-1	-1	-1	-1	-1	-1	-1	-1	-1	-1	-1	-1	-1	-1	-1	-1	-1	-1	-1	-1	-1	-1	-1	-1	-1	-1	-1	-1
XMTQzMjU1NzcwNA==	21	-1	-1	-1	-1	-1	-1	-1	-1	-1	-1	-1	-1	-1	-1	-1	-1	-1	-1	-1	-1	-1	-1	-1	-1	-1	-1	-1	-1	-1
XMTQzMTk1MTEzNg==	628	640	618	615	-1	-1	-1	-1	-1	-1	-1	-1	-1	-1	-1	-1	-1	-1	-1	-1	-1	-1	-1	-1	-1	-1	-1	-1	-1	-1
XMTQzMTk1Nzk2NA==	361	369	361	359	-1	-1	-1	-1	-1	-1	-1	-1	-1	-1	-1	-1	-1	-1	-1	-1	-1	-1	-1	-1	-1	-1	-1	-1	-1	-1
XMTQzMjA5OTM4NA==	383	392	378	382	392	396	399	404	406	407	407	412	412	412	412	-1	-1	-1	-1	-1	-1	-1	-1	-1	-1	-1	-1	-1	-1	-1
XMTQzMTg0MjQyOA==	215	284	320	329	346	358	-1	-1	-1	-1	-1	-1	-1	-1	-1	-1	-1	-1	-1	-1	-1	-1	-1	-1	-1	-1	-1	-1	-1	-1
XMTQzMjg0NzMxNg==	10	-1	-1	-1	-1	-1	-1	-1	-1	-1	-1	-1	-1	-1	-1	-1	-1	-1	-1	-1	-1	-1	-1	-1	-1	-1	-1	-1	-1	-1
XMTQzMzAwMjY2NA==	10	48	-1	-1	-1	-1	-1	-1	-1	-1	-1	-1	-1	-1	-1	-1	-1	-1	-1	-1	-1	-1	-1	-1	-1	-1	-1	-1	-1	-1
XMTQzMjE0Nzk4OA==	13	13	13	14	14	14	14	14	14	14	14	14	14	14	14	14	14	14	14	14	-1	-1	-1	-1	-1	-1	-1	-1	-1	-1
XMTQzMTk5NTU5Ng==	8	8	6	5	5	5	5	5	5	5	5	5	5	5	5	5	-1	-1	-1	-1	-1	-1	-1	-1	-1	-1	-1	-1	-1	-1
XMTQzMjk2NDcyMA==	17	-1	-1	-1	-1	-1	-1	-1	-1	-1	-1	-1	-1	-1	-1	-1	-1	-1	-1	-1	-1	-1	-1	-1	-1	-1	-1	-1	-1	-1
XMTQzMTg5MzU2MA==	2637	3008	2982	2999	3007	3019	3040	3093	3116	3123	3134	-1	-1	-1	-1	-1	-1	-1	-1	-1	-1	-1	-1	-1	-1	-1	-1	-1	-1	-1
XMTQzMTk1MDgwNA==	266	283	292	298	-1	-1	-1	-1	-1	-1	-1	-1	-1	-1	-1	-1	-1	-1	-1	-1	-1	-1	-1	-1	-1	-1	-1	-1	-1	-1
XMTQzMjI5MjUzNg==	560	988	1240	-1	-1	-1	-1	-1	-1	-1	-1	-1	-1	-1	-1	-1	-1	-1	-1	-1	-1	-1	-1	-1	-1	-1	-1	-1	-1	-1
XMTQzMjgzMjk4NA==	111	-1	-1	-1	-1	-1	-1	-1	-1	-1	-1	-1	-1	-1	-1	-1	-1	-1	-1	-1	-1	-1	-1	-1	-1	-1	-1	-1	-1	-1
XMTQzMjQxNDk3Mg==	17	19	23	22	23	-1	-1	-1	-1	-1	-1	-1	-1	-1	-1	-1	-1	-1	-1	-1	-1	-1	-1	-1	-1	-1	-1	-1	-1	-1
XMTQzMjM0MjAxMg==	12	12	11	11	11	11	11	11	11	11	11	11	-1	-1	-1	-1	-1	-1	-1	-1	-1	-1	-1	-1	-1	-1	-1	-1	-1	-1
XMTQzMjk3MjQzMg==	86	-1	-1	-1	-1	-1	-1	-1	-1	-1	-1	-1	-1	-1	-1	-1	-1	-1	-1	-1	-1	-1	-1	-1	-1	-1	-1	-1	-1	-1
XMTQzMTg5MDM0NA==	197	204	210	225	237	248	253	254	259	264	265	268	271	278	281	282	284	284	284	284	284	-1	-1	-1	-1	-1	-1	-1	-1	-1
XMTQzMjAyNTE4OA==	70529	70536	50457	20	-1	-1	-1	-1	-1	-1	-1	-1	-1	-1	-1	-1	-1	-1	-1	-1	-1	-1	-1	-1	-1	-1	-1	-1	-1	-1
XMTQzMjI0NDAyMA==	15	20	21	22	27	31	35	38	44	49	-1	-1	-1	-1	-1	-1	-1	-1	-1	-1	-1	-1	-1	-1	-1	-1	-1	-1	-1	-1
XMTQzMjgzNTYxMg==	15	-1	-1	-1	-1	-1	-1	-1	-1	-1	-1	-1	-1	-1	-1	-1	-1	-1	-1	-1	-1	-1	-1	-1	-1	-1	-1	-1	-1	-1
XMTQzMTk5OTc1Ng==	23	27	-1	-1	-1	-1	-1	-1	-1	-1	-1	-1	-1	-1	-1	-1	-1	-1	-1	-1	-1	-1	-1	-1	-1	-1	-1	-1	-1	-1
XMTQzMjA5Njc1Mg==	323	328	332	333	336	339	339	339	340	342	342	344	344	344	344	-1	-1	-1	-1	-1	-1	-1	-1	-1	-1	-1	-1	-1	-1	-1
XMTQzMjU3MTQwOA==	3	3	3	3	3	3	-1	-1	-1	-1	-1	-1	-1	-1	-1	-1	-1	-1	-1	-1	-1	-1	-1	-1	-1	-1	-1	-1	-1	-1
XMTQzMjc0OTM5Ng==	19	-1	-1	-1	-1	-1	-1	-1	-1	-1	-1	-1	-1	-1	-1	-1	-1	-1	-1	-1	-1	-1	-1	-1	-1	-1	-1	-1	-1	-1
XMTQzMjIzODU2OA==	9	10	-1	-1	-1	-1	-1	-1	-1	-1	-1	-1	-1	-1	-1	-1	-1	-1	-1	-1	-1	-1	-1	-1	-1	-1	-1	-1	-1	-1
XMTQzMjU3MTQwNA==	4	4	4	5	5	5	-1	-1	-1	-1	-1	-1	-1	-1	-1	-1	-1	-1	-1	-1	-1	-1	-1	-1	-1	-1	-1	-1	-1	-1
XMTQzMTk5NjY0NA==	332	415	458	496	506	-1	-1	-1	-1	-1	-1	-1	-1	-1	-1	-1	-1	-1	-1	-1	-1	-1	-1	-1	-1	-1	-1	-1	-1	-1
XMTQzMjUxMjI3Mg==	22	28	30	33	35	37	-1	-1	-1	-1	-1	-1	-1	-1	-1	-1	-1	-1	-1	-1	-1	-1	-1	-1	-1	-1	-1	-1	-1	-1
XMTQzMzEzOTMyMA==	6	-1	-1	-1	-1	-1	-1	-1	-1	-1	-1	-1	-1	-1	-1	-1	-1	-1	-1	-1	-1	-1	-1	-1	-1	-1	-1	-1	-1	-1
XMTQzMjQ0NjEzMg==	17	18	-1	-1	-1	-1	-1	-1	-1	-1	-1	-1	-1	-1	-1	-1	-1	-1	-1	-1	-1	-1	-1	-1	-1	-1	-1	-1	-1	-1
XMTQzMTk1MjU1Ng==	101	120	132	143	-1	-1	-1	-1	-1	-1	-1	-1	-1	-1	-1	-1	-1	-1	-1	-1	-1	-1	-1	-1	-1	-1	-1	-1	-1	-1
XMTQzMjcyMDc2NA==	165	-1	-1	-1	-1	-1	-1	-1	-1	-1	-1	-1	-1	-1	-1	-1	-1	-1	-1	-1	-1	-1	-1	-1	-1	-1	-1	-1	-1	-1
XMTQzMjYxMjk0NA==	35	130	-1	-1	-1	-1	-1	-1	-1	-1	-1	-1	-1	-1	-1	-1	-1	-1	-1	-1	-1	-1	-1	-1	-1	-1	-1	-1	-1	-1
XMTQzMTc1MTk4OA==	265	386	456	516	601	663	778	875	964	1041	1076	1069	1082	-1	-1	-1	-1	-1	-1	-1	-1	-1	-1	-1	-1	-1	-1	-1	-1	-1
XMTQzMjEyMjMxMg==	29	29	29	30	30	30	30	31	31	31	31	31	31	31	31	31	31	31	31	31	31	-1	-1	-1	-1	-1	-1	-1	-1	-1
XMTQzMjAzODczMg==	377	421	-1	-1	-1	-1	-1	-1	-1	-1	-1	-1	-1	-1	-1	-1	-1	-1	-1	-1	-1	-1	-1	-1	-1	-1	-1	-1	-1	-1
XMTQzMjMwODMzNg==	29	33	34	34	-1	-1	-1	-1	-1	-1	-1	-1	-1	-1	-1	-1	-1	-1	-1	-1	-1	-1	-1	-1	-1	-1	-1	-1	-1	-1
XMTQzMjE3NDk0MA==	136	156	169	173	177	178	182	-1	-1	-1	-1	-1	-1	-1	-1	-1	-1	-1	-1	-1	-1	-1	-1	-1	-1	-1	-1	-1	-1	-1
XMTQzMjExMzg0MA==	-1	-1	-1	-1	-1	-1	-1	-1	-1	-1	-1	-1	-1	-1	-1	-1	-1	-1	-1	-1	-1	-1	-1	-1	-1	-1	-1	-1	-1	-1
XMTQzMjYyNzMxMg==	840	1498	1852	-1	-1	-1	-1	-1	-1	-1	-1	-1	-1	-1	-1	-1	-1	-1	-1	-1	-1	-1	-1	-1	-1	-1	-1	-1	-1	-1
XMTQzMjkzODgyMA==	185	235	265	264	276	282	284	289	289	290	290	-1	-1	-1	-1	-1	-1	-1	-1	-1	-1	-1	-1	-1	-1	-1	-1	-1	-1	-1
XMTQzMjQ5MDEyMA==	2633	2633	-1	-1	-1	-1	-1	-1	-1	-1	-1	-1	-1	-1	-1	-1	-1	-1	-1	-1	-1	-1	-1	-1	-1	-1	-1	-1	-1	-1
XMTQzMjU1OTQxNg==	735	-1	-1	-1	-1	-1	-1	-1	-1	-1	-1	-1	-1	-1	-1	-1	-1	-1	-1	-1	-1	-1	-1	-1	-1	-1	-1	-1	-1	-1
XMTQzMjgyNDkyNA==	321	404	424	436	437	440	-1	-1	-1	-1	-1	-1	-1	-1	-1	-1	-1	-1	-1	-1	-1	-1	-1	-1	-1	-1	-1	-1	-1	-1
XMTQzMTk0OTMzMg==	229	279	284	291	-1	-1	-1	-1	-1	-1	-1	-1	-1	-1	-1	-1	-1	-1	-1	-1	-1	-1	-1	-1	-1	-1	-1	-1	-1	-1
XMTQzMjE2NDI3Mg==	140	156	174	179	186	196	198	199	201	204	-1	-1	-1	-1	-1	-1	-1	-1	-1	-1	-1	-1	-1	-1	-1	-1	-1	-1	-1	-1
XMTQzMjcxOTM5Mg==	322	-1	-1	-1	-1	-1	-1	-1	-1	-1	-1	-1	-1	-1	-1	-1	-1	-1	-1	-1	-1	-1	-1	-1	-1	-1	-1	-1	-1	-1
XMTQzMjc0NjI1Mg==	14	-1	-1	-1	-1	-1	-1	-1	-1	-1	-1	-1	-1	-1	-1	-1	-1	-1	-1	-1	-1	-1	-1	-1	-1	-1	-1	-1	-1	-1
XMTQzMjcxMjc4OA==	17	23	24	24	24	24	24	24	-1	-1	-1	-1	-1	-1	-1	-1	-1	-1	-1	-1	-1	-1	-1	-1	-1	-1	-1	-1	-1	-1
XMTQzMjAzNTYxNg==	1219	1767	1916	2008	-1	-1	-1	-1	-1	-1	-1	-1	-1	-1	-1	-1	-1	-1	-1	-1	-1	-1	-1	-1	-1	-1	-1	-1	-1	-1
XMTQzMjgyNTE2OA==	11	-1	-1	-1	-1	-1	-1	-1	-1	-1	-1	-1	-1	-1	-1	-1	-1	-1	-1	-1	-1	-1	-1	-1	-1	-1	-1	-1	-1	-1
XMTQzMjQ5MTQ3Mg==	90	99	-1	-1	-1	-1	-1	-1	-1	-1	-1	-1	-1	-1	-1	-1	-1	-1	-1	-1	-1	-1	-1	-1	-1	-1	-1	-1	-1	-1
XMTQzMjE3MjIzNg==	12838	23130	29913	-1	-1	-1	-1	-1	-1	-1	-1	-1	-1	-1	-1	-1	-1	-1	-1	-1	-1	-1	-1	-1	-1	-1	-1	-1	-1	-1
XMTQzMjc4MjM0MA==	30	-1	-1	-1	-1	-1	-1	-1	-1	-1	-1	-1	-1	-1	-1	-1	-1	-1	-1	-1	-1	-1	-1	-1	-1	-1	-1	-1	-1	-1
XMTQzMjE0MTQwMA==	276	295	301	328	334	339	-1	-1	-1	339	339	349	357	358	360	362	363	363	365	366	366	366	367	367	367	367	368	368	369	369
XMTQzMjQ3MjA3Mg==	40	53	63	69	74	76	79	80	81	83	83	82	82	82	84	86	87	87	88	88	88	88	90	90	-1	-1	-1	-1	-1	-1
XMTQzMTk4NDYyMA==	521	611	661	783	831	886	937	1024	1059	1096	1124	-1	-1	-1	-1	-1	-1	-1	-1	-1	-1	-1	-1	-1	-1	-1	-1	-1	-1	-1
XMTQzMjEzNzYyOA==	208	221	218	220	222	224	224	228	231	233	-1	-1	-1	-1	-1	-1	-1	-1	-1	-1	-1	-1	-1	-1	-1	-1	-1	-1	-1	-1
XMTQzMjgzNjQ4NA==	11	-1	-1	-1	-1	-1	-1	-1	-1	-1	-1	-1	-1	-1	-1	-1	-1	-1	-1	-1	-1	-1	-1	-1	-1	-1	-1	-1	-1	-1
XMTQzMjU2MDY5Ng==	11	12	13	12	12	12	12	12	12	13	-1	-1	-1	-1	-1	-1	-1	-1	-1	-1	-1	-1	-1	-1	-1	-1	-1	-1	-1	-1
XMTQzMzE4ODMwOA==	3	-1	-1	-1	-1	-1	-1	-1	-1	-1	-1	-1	-1	-1	-1	-1	-1	-1	-1	-1	-1	-1	-1	-1	-1	-1	-1	-1	-1	-1
XMTQzMjc4OTI2OA==	41	-1	-1	-1	-1	-1	-1	-1	-1	-1	-1	-1	-1	-1	-1	-1	-1	-1	-1	-1	-1	-1	-1	-1	-1	-1	-1	-1	-1	-1
XMTQzMTcwNjI5Ng==	376	396	405	412	423	-1	-1	-1	-1	-1	-1	-1	-1	-1	-1	-1	-1	-1	-1	-1	-1	-1	-1	-1	-1	-1	-1	-1	-1	-1
XMTQzMTk5MDAwNA==	939	1198	1354	1442	1526	1642	1693	1776	1844	1867	1895	1908	-1	-1	-1	-1	-1	-1	-1	-1	-1	-1	-1	-1	-1	-1	-1	-1	-1	-1
XMTQzMTk1MzAyNA==	224	257	273	282	284	-1	-1	-1	-1	-1	-1	-1	-1	-1	-1	-1	-1	-1	-1	-1	-1	-1	-1	-1	-1	-1	-1	-1	-1	-1
XMTQzMjQ0MjE0NA==	10	14	-1	-1	-1	-1	-1	-1	-1	-1	-1	-1	-1	-1	-1	-1	-1	-1	-1	-1	-1	-1	-1	-1	-1	-1	-1	-1	-1	-1
XMTQzMTY3MTgxMg==	185	191	181	181	186	186	186	187	-1	-1	-1	-1	-1	-1	-1	-1	-1	-1	-1	-1	-1	-1	-1	-1	-1	-1	-1	-1	-1	-1
XMTQzMjYxMDIwMA==	227	323	462	-1	-1	-1	-1	-1	-1	-1	-1	-1	-1	-1	-1	-1	-1	-1	-1	-1	-1	-1	-1	-1	-1	-1	-1	-1	-1	-1
XMTQzMjExOTc3Mg==	8	9	8	8	9	9	9	9	9	9	9	9	9	9	10	14	14	14	14	15	16	16	17	17	17	17	17	18	18	-1
XMTQzMjgwMzgzNg==	326	-1	-1	-1	-1	-1	-1	-1	-1	-1	-1	-1	-1	-1	-1	-1	-1	-1	-1	-1	-1	-1	-1	-1	-1	-1	-1	-1	-1	-1
XMTQzMjUxMjg2OA==	1408	-1	-1	-1	-1	-1	-1	-1	-1	-1	-1	-1	-1	-1	-1	-1	-1	-1	-1	-1	-1	-1	-1	-1	-1	-1	-1	-1	-1	-1
XMTQzMjY0NzYwNA==	11	-1	-1	-1	-1	-1	-1	-1	-1	-1	-1	-1	-1	-1	-1	-1	-1	-1	-1	-1	-1	-1	-1	-1	-1	-1	-1	-1	-1	-1
XMTQzMzA2NjM1Mg==	43	55	60	-1	-1	-1	-1	-1	-1	-1	-1	-1	-1	-1	-1	-1	-1	-1	-1	-1	-1	-1	-1	-1	-1	-1	-1	-1	-1	-1
XMTQzMjk1MTQ0OA==	13	23	-1	-1	-1	-1	-1	-1	-1	-1	-1	-1	-1	-1	-1	-1	-1	-1	-1	-1	-1	-1	-1	-1	-1	-1	-1	-1	-1	-1
XMTQzMjk2NTc5Mg==	26	-1	-1	-1	-1	-1	-1	-1	-1	-1	-1	-1	-1	-1	-1	-1	-1	-1	-1	-1	-1	-1	-1	-1	-1	-1	-1	-1	-1	-1
XMTQzMjMzMDg5Ng==	31697	32584	30803	30706	30910	30585	30625	30699	30863	30976	31050	31214	-1	-1	-1	-1	-1	-1	-1	-1	-1	-1	-1	-1	-1	-1	-1	-1	-1	-1
XMTQzMjQxNzAwOA==	1	1	1	-1	-1	-1	-1	-1	-1	-1	-1	-1	-1	-1	-1	-1	-1	-1	-1	-1	-1	-1	-1	-1	-1	-1	-1	-1	-1	-1
XMTQzMTg5ODUzMg==	564	630	643	666	685	704	737	761	772	777	-1	-1	-1	-1	-1	-1	-1	-1	-1	-1	-1	-1	-1	-1	-1	-1	-1	-1	-1	-1
XMTQzMjM5MzMyOA==	23	32	37	38	39	38	38	38	38	38	38	38	38	38	38	38	38	-1	-1	-1	-1	-1	-1	-1	-1	-1	-1	-1	-1	-1
XMTQzMjYyMzE2OA==	32	32	32	28	28	28	28	28	28	30	-1	-1	-1	-1	-1	-1	-1	-1	-1	-1	-1	-1	-1	-1	-1	-1	-1	-1	-1	-1
XMTQzMTg3Nzk4MA==	143	173	183	172	172	171	171	171	171	171	171	171	171	171	171	171	171	171	171	-1	-1	-1	-1	-1	-1	-1	-1	-1	-1	-1
XMTQzMjg2MzM5Ng==	9	-1	-1	-1	-1	-1	-1	-1	-1	-1	-1	-1	-1	-1	-1	-1	-1	-1	-1	-1	-1	-1	-1	-1	-1	-1	-1	-1	-1	-1
XMTQzMjAwMjc3Ng==	190	199	204	-1	-1	-1	-1	-1	-1	-1	-1	-1	-1	-1	-1	-1	-1	-1	-1	-1	-1	-1	-1	-1	-1	-1	-1	-1	-1	-1
XMTQzMjMyODA0MA==	155	177	209	210	270	287	291	292	295	297	337	348	353	-1	-1	-1	-1	-1	-1	-1	-1	-1	-1	-1	-1	-1	-1	-1	-1	-1
XMTQzMjQyMzMwMA==	228	250	-1	-1	-1	-1	-1	-1	-1	-1	-1	-1	-1	-1	-1	-1	-1	-1	-1	-1	-1	-1	-1	-1	-1	-1	-1	-1	-1	-1
XMTQzMjE2NDc0OA==	372	431	442	448	457	458	460	462	463	466	468	-1	-1	-1	-1	-1	-1	-1	-1	-1	-1	-1	-1	-1	-1	-1	-1	-1	-1	-1
XMTQzMjU5NTY5Mg==	1355576	4366828	-1	-1	-1	-1	-1	-1	-1	-1	-1	-1	-1	-1	-1	-1	-1	-1	-1	-1	-1	-1	-1	-1	-1	-1	-1	-1	-1	-1
XMTQzMjEwMTczMg==	152	167	-1	-1	-1	-1	-1	-1	-1	-1	-1	-1	-1	-1	-1	-1	-1	-1	-1	-1	-1	-1	-1	-1	-1	-1	-1	-1	-1	-1
XMTQzMjAwMjczMg==	145	156	155	-1	-1	-1	-1	-1	-1	-1	-1	-1	-1	-1	-1	-1	-1	-1	-1	-1	-1	-1	-1	-1	-1	-1	-1	-1	-1	-1
XMTQzMjQ0NTk2OA==	25	28	-1	-1	-1	-1	-1	-1	-1	-1	-1	-1	-1	-1	-1	-1	-1	-1	-1	-1	-1	-1	-1	-1	-1	-1	-1	-1	-1	-1
XMTQzMjkxOTg3Mg==	6	8	-1	-1	-1	-1	-1	-1	-1	-1	-1	-1	-1	-1	-1	-1	-1	-1	-1	-1	-1	-1	-1	-1	-1	-1	-1	-1	-1	-1
XMTQzMTkwNjAxMg==	75	132	143	145	140	-1	-1	-1	-1	-1	-1	-1	-1	-1	-1	-1	-1	-1	-1	-1	-1	-1	-1	-1	-1	-1	-1	-1	-1	-1
XMTQzMjA4MjIxMg==	8	10	9	10	10	10	10	10	10	10	10	10	10	10	11	11	12	-1	-1	-1	-1	-1	-1	-1	-1	-1	-1	-1	-1	-1
XMTQzMTY1NzQxNg==	170	202	227	236	237	236	238	240	242	247	248	250	251	-1	-1	-1	-1	-1	-1	-1	-1	-1	-1	-1	-1	-1	-1	-1	-1	-1
XMTQzMjE4MjEwMA==	4	5	5	-1	-1	-1	-1	-1	-1	-1	-1	-1	-1	-1	-1	-1	-1	-1	-1	-1	-1	-1	-1	-1	-1	-1	-1	-1	-1	-1
XMTQzMjcxOTE2NA==	93	-1	-1	-1	-1	-1	-1	-1	-1	-1	-1	-1	-1	-1	-1	-1	-1	-1	-1	-1	-1	-1	-1	-1	-1	-1	-1	-1	-1	-1
XMTQzMjI4MzM0NA==	16	19	21	22	21	21	24	-1	-1	-1	-1	-1	-1	-1	-1	-1	-1	-1	-1	-1	-1	-1	-1	-1	-1	-1	-1	-1	-1	-1
XMTQzMTk2NDU0MA==	202	215	211	213	-1	-1	-1	-1	-1	-1	-1	-1	-1	-1	-1	-1	-1	-1	-1	-1	-1	-1	-1	-1	-1	-1	-1	-1	-1	-1
XMTQzMjE0ODk3Ng==	80	83	-1	-1	-1	-1	-1	-1	-1	-1	-1	-1	-1	-1	-1	-1	-1	-1	-1	-1	-1	-1	-1	-1	-1	-1	-1	-1	-1	-1
XMTQzMzAxNTEwNA==	1	1	2	-1	-1	-1	-1	-1	-1	-1	-1	-1	-1	-1	-1	-1	-1	-1	-1	-1	-1	-1	-1	-1	-1	-1	-1	-1	-1	-1
XMTQzMjIzMTIyNA==	20	23	22	22	22	23	23	23	23	24	-1	-1	-1	-1	-1	-1	-1	-1	-1	-1	-1	-1	-1	-1	-1	-1	-1	-1	-1	-1
XMTQzMjE5MTIyMA==	26	28	28	30	32	32	35	-1	-1	-1	-1	-1	-1	-1	-1	-1	-1	-1	-1	-1	-1	-1	-1	-1	-1	-1	-1	-1	-1	-1
XMTQzMjUxNjEwMA==	6	12	19	20	20	21	25	28	28	29	29	30	31	32	32	35	36	36	37	40	40	41	41	45	45	45	45	45	-1	-1
XMTQzMjE0MTg0OA==	5	5	-1	-1	-1	-1	-1	-1	-1	-1	-1	-1	-1	-1	-1	-1	-1	-1	-1	-1	-1	-1	-1	-1	-1	-1	-1	-1	-1	-1
XMTQzMjMwNDgzNg==	732	780	729	724	733	-1	-1	-1	-1	-1	-1	-1	-1	-1	-1	-1	-1	-1	-1	-1	-1	-1	-1	-1	-1	-1	-1	-1	-1	-1
XMTQzMjE3NjI0OA==	46	50	54	53	58	69	70	-1	-1	-1	-1	-1	-1	-1	-1	-1	-1	-1	-1	-1	-1	-1	-1	-1	-1	-1	-1	-1	-1	-1
XMTQzMjA0ODUzMg==	21	28	29	29	33	34	37	38	39	40	40	40	40	40	40	40	40	40	41	43	43	43	-1	-1	-1	-1	-1	-1	-1	-1
XMTQzMjY3MjY5Ng==	35181	35750	35819	1393	1331	1326	-1	-1	-1	-1	-1	-1	-1	-1	-1	-1	-1	-1	-1	-1	-1	-1	-1	-1	-1	-1	-1	-1	-1	-1
XMTQzMjgwMDY4NA==	189	-1	-1	-1	-1	-1	-1	-1	-1	-1	-1	-1	-1	-1	-1	-1	-1	-1	-1	-1	-1	-1	-1	-1	-1	-1	-1	-1	-1	-1
XMTQzMTcyMjMxMg==	4971	4974	4974	-1	-1	-1	-1	-1	-1	-1	-1	-1	-1	-1	-1	-1	-1	-1	-1	-1	-1	-1	-1	-1	-1	-1	-1	-1	-1	-1
XMTQzMjQyODU0MA==	18	22	-1	-1	-1	-1	-1	-1	-1	-1	-1	-1	-1	-1	-1	-1	-1	-1	-1	-1	-1	-1	-1	-1	-1	-1	-1	-1	-1	-1
XMTQzMjczMDM0MA==	27	-1	-1	-1	-1	-1	-1	-1	-1	-1	-1	-1	-1	-1	-1	-1	-1	-1	-1	-1	-1	-1	-1	-1	-1	-1	-1	-1	-1	-1
XMTQzMjA5MzQ2NA==	435	914	1399	1596	2055	2415	2754	3150	3400	3679	3952	4131	4159	4173	4210	-1	-1	-1	-1	-1	-1	-1	-1	-1	-1	-1	-1	-1	-1	-1
XMTQzMjY1NjMzMg==	1748	5104	6865	-1	-1	-1	-1	-1	-1	-1	-1	-1	-1	-1	-1	-1	-1	-1	-1	-1	-1	-1	-1	-1	-1	-1	-1	-1	-1	-1
XMTQzMjI3MjQzMg==	327	372	-1	-1	-1	-1	-1	-1	-1	-1	-1	-1	-1	-1	-1	-1	-1	-1	-1	-1	-1	-1	-1	-1	-1	-1	-1	-1	-1	-1
XMTQzMTgzMTM0OA==	484	518	-1	-1	-1	-1	-1	-1	-1	-1	-1	-1	-1	-1	-1	-1	-1	-1	-1	-1	-1	-1	-1	-1	-1	-1	-1	-1	-1	-1
XMTQzMjIxMTQ3Mg==	314	353	353	345	343	348	349	349	348	-1	-1	-1	-1	-1	-1	-1	-1	-1	-1	-1	-1	-1	-1	-1	-1	-1	-1	-1	-1	-1
XMTQzMjYxMjcwNA==	6	6	6	-1	-1	-1	-1	-1	-1	-1	-1	-1	-1	-1	-1	-1	-1	-1	-1	-1	-1	-1	-1	-1	-1	-1	-1	-1	-1	-1
XMTQzMjQ1ODg0OA==	97	115	119	115	114	114	115	115	115	115	-1	-1	-1	-1	-1	-1	-1	-1	-1	-1	-1	-1	-1	-1	-1	-1	-1	-1	-1	-1
XMTQzMjAyNzExNg==	247	257	273	281	282	283	285	285	283	281	281	282	282	282	282	282	-1	-1	-1	-1	-1	-1	-1	-1	-1	-1	-1	-1	-1	-1
XMTQzMjEzNTA3Ng==	94652	186172	268162	189287	94392	-1	-1	-1	-1	-1	-1	-1	-1	-1	-1	-1	-1	-1	-1	-1	-1	-1	-1	-1	-1	-1	-1	-1	-1	-1
XMTQzMjcxNzE3Ng==	163	-1	-1	-1	-1	-1	-1	-1	-1	-1	-1	-1	-1	-1	-1	-1	-1	-1	-1	-1	-1	-1	-1	-1	-1	-1	-1	-1	-1	-1
XMTQzMTc3NTc5Mg==	244	254	248	-1	-1	-1	-1	-1	-1	-1	-1	-1	-1	-1	-1	-1	-1	-1	-1	-1	-1	-1	-1	-1	-1	-1	-1	-1	-1	-1
XMTQzMjA5MjM4MA==	52	58	58	60	62	64	67	-1	-1	-1	-1	-1	-1	-1	-1	-1	-1	-1	-1	-1	-1	-1	-1	-1	-1	-1	-1	-1	-1	-1
XMTQzMjA5MjAyNA==	432	449	456	472	511	522	536	569	587	607	614	617	618	619	620	-1	-1	-1	-1	-1	-1	-1	-1	-1	-1	-1	-1	-1	-1	-1
XMTQzMjUxODgwNA==	3	6	17	18	19	14	16	17	17	17	17	18	18	18	18	22	22	22	23	27	27	27	28	30	31	35	36	36	-1	-1
XMTQzMjY0Nzg0MA==	20	27	28	27	27	28	28	28	28	30	-1	-1	-1	-1	-1	-1	-1	-1	-1	-1	-1	-1	-1	-1	-1	-1	-1	-1	-1	-1
XMTQzMjIxMzU5Mg==	29	31	31	31	33	33	33	33	33	34	35	35	35	35	36	36	36	36	36	37	37	37	37	37	-1	-1	-1	-1	-1	-1
XMTQzMjU5NDEyNA==	211	625	749	800	830	855	901	1023	1062	1109	1144	1181	1230	1278	1371	1450	1472	1519	1582	1655	1743	1822	1917	2023	2078	2217	2338	2426	-1	-1
XMTQzMjg5NTM2NA==	3	-1	-1	-1	-1	-1	-1	-1	-1	-1	-1	-1	-1	-1	-1	-1	-1	-1	-1	-1	-1	-1	-1	-1	-1	-1	-1	-1	-1	-1
XMTQzMTg1NTIyMA==	45	45	-1	-1	-1	-1	-1	-1	-1	-1	-1	-1	-1	-1	-1	-1	-1	-1	-1	-1	-1	-1	-1	-1	-1	-1	-1	-1	-1	-1
XMTQzMTk2NTQxNg==	175	193	198	199	-1	-1	-1	-1	-1	-1	-1	-1	-1	-1	-1	-1	-1	-1	-1	-1	-1	-1	-1	-1	-1	-1	-1	-1	-1	-1
XMTQzMzEyMjc3Mg==	3	8	10	-1	-1	-1	-1	-1	-1	-1	-1	-1	-1	-1	-1	-1	-1	-1	-1	-1	-1	-1	-1	-1	-1	-1	-1	-1	-1	-1
XMTQzMjc5Njg1Ng==	16	-1	-1	-1	-1	-1	-1	-1	-1	-1	-1	-1	-1	-1	-1	-1	-1	-1	-1	-1	-1	-1	-1	-1	-1	-1	-1	-1	-1	-1
XMTQzMjA4MzQzNg==	1	3	3	3	2	3	5	5	6	-1	-1	-1	-1	-1	-1	-1	-1	-1	-1	-1	-1	-1	-1	-1	-1	-1	-1	-1	-1	-1
XMTQzMjIwMzI1Ng==	-1	-1	-1	-1	-1	-1	-1	-1	-1	-1	-1	-1	-1	-1	-1	-1	-1	-1	-1	-1	-1	-1	-1	-1	-1	-1	-1	-1	-1	-1
XMTQzMjMzNjczNg==	302	330	406	430	526	553	560	569	573	578	641	663	674	-1	-1	-1	-1	-1	-1	-1	-1	-1	-1	-1	-1	-1	-1	-1	-1	-1
XMTQzMjE3ODIyOA==	57	61	60	60	63	64	64	65	66	66	66	66	66	66	67	67	67	67	-1	-1	-1	-1	-1	-1	-1	-1	-1	-1	-1	-1
XMTQzMjM3MDYzNg==	25	27	26	27	27	27	27	27	27	27	27	27	27	27	27	27	27	-1	-1	-1	-1	-1	-1	-1	-1	-1	-1	-1	-1	-1
XMTQzMjAxMjE0MA==	401	423	440	449	465	471	474	480	485	485	-1	-1	-1	-1	-1	-1	-1	-1	-1	-1	-1	-1	-1	-1	-1	-1	-1	-1	-1	-1
XMTQzMTY1Nzc2OA==	117	125	129	133	135	136	138	139	140	140	142	145	147	-1	-1	-1	-1	-1	-1	-1	-1	-1	-1	-1	-1	-1	-1	-1	-1	-1
XMTQzMTk4MjQ0OA==	151	161	163	167	167	168	169	179	181	181	181	181	182	184	184	186	-1	-1	-1	-1	-1	-1	-1	-1	-1	-1	-1	-1	-1	-1
XMTQzMjI4NTEyNA==	920	1119	1243	1328	1352	1355	1358	1397	1407	1415	1402	1400	1400	1403	1412	1419	1429	1428	1428	1430	1431	1436	1437	1438	1438	-1	-1	-1	-1	-1
XMTQzMjc1OTIwOA==	23	-1	-1	-1	-1	-1	-1	-1	-1	-1	-1	-1	-1	-1	-1	-1	-1	-1	-1	-1	-1	-1	-1	-1	-1	-1	-1	-1	-1	-1
XMTQzMjczMjYyOA==	584	-1	-1	-1	-1	-1	-1	-1	-1	-1	-1	-1	-1	-1	-1	-1	-1	-1	-1	-1	-1	-1	-1	-1	-1	-1	-1	-1	-1	-1
XMTQzMjAwNTE4MA==	245	265	270	283	297	297	296	298	299	301	-1	-1	-1	-1	-1	-1	-1	-1	-1	-1	-1	-1	-1	-1	-1	-1	-1	-1	-1	-1
XMTQzMjYyNjIwMA==	622	1032	1173	-1	-1	-1	-1	-1	-1	-1	-1	-1	-1	-1	-1	-1	-1	-1	-1	-1	-1	-1	-1	-1	-1	-1	-1	-1	-1	-1
XMTQzMjcyMzE5Mg==	97	-1	-1	-1	-1	-1	-1	-1	-1	-1	-1	-1	-1	-1	-1	-1	-1	-1	-1	-1	-1	-1	-1	-1	-1	-1	-1	-1	-1	-1
XMTQzMjIxMDk2OA==	411	654	665	-1	-1	-1	-1	-1	-1	-1	-1	-1	-1	-1	-1	-1	-1	-1	-1	-1	-1	-1	-1	-1	-1	-1	-1	-1	-1	-1
XMTQzMjk1MzQxMg==	5	8	-1	-1	-1	-1	-1	-1	-1	-1	-1	-1	-1	-1	-1	-1	-1	-1	-1	-1	-1	-1	-1	-1	-1	-1	-1	-1	-1	-1
XMTQzMjQxNzYyMA==	89	-1	-1	-1	-1	-1	-1	-1	-1	-1	-1	-1	-1	-1	-1	-1	-1	-1	-1	-1	-1	-1	-1	-1	-1	-1	-1	-1	-1	-1
XMTQzMjI4NjcwOA==	8	9	12	14	-1	-1	-1	-1	-1	-1	-1	-1	-1	-1	-1	-1	-1	-1	-1	-1	-1	-1	-1	-1	-1	-1	-1	-1	-1	-1
XMTQzMzIyMDU0NA==	3	6	6	-1	-1	-1	-1	-1	-1	-1	-1	-1	-1	-1	-1	-1	-1	-1	-1	-1	-1	-1	-1	-1	-1	-1	-1	-1	-1	-1
XMTQzMjEzMTY3Mg==	106	124	-1	-1	-1	-1	-1	-1	-1	-1	-1	-1	-1	-1	-1	-1	-1	-1	-1	-1	-1	-1	-1	-1	-1	-1	-1	-1	-1	-1
XMTQzMjc1ODQxNg==	55	73	-1	-1	-1	-1	-1	-1	-1	-1	-1	-1	-1	-1	-1	-1	-1	-1	-1	-1	-1	-1	-1	-1	-1	-1	-1	-1	-1	-1
XMTQzMjIyNzkwNA==	2885	3058	3095	-1	466	484	487	499	510	514	517	521	524	526	541	544	545	544	546	550	559	564	600	601	604	606	613	625	630	641
XMTQzMjE2NDM2OA==	117	125	125	129	131	132	133	134	134	134	135	-1	-1	-1	-1	-1	-1	-1	-1	-1	-1	-1	-1	-1	-1	-1	-1	-1	-1	-1
XMTQzMjMxMjk3Ng==	132	147	161	184	-1	-1	-1	-1	-1	-1	-1	-1	-1	-1	-1	-1	-1	-1	-1	-1	-1	-1	-1	-1	-1	-1	-1	-1	-1	-1
XMTQzMjI0MTEwNA==	242	-1	-1	-1	-1	-1	-1	-1	-1	-1	-1	-1	-1	-1	-1	-1	-1	-1	-1	-1	-1	-1	-1	-1	-1	-1	-1	-1	-1	-1
XMTQzMTg1ODQyOA==	403	431	422	431	432	450	459	461	479	482	483	486	491	493	493	494	496	496	497	500	501	501	502	503	504	504	505	505	-1	-1
XMTQzMjk2NTM1Ng==	13	-1	-1	-1	-1	-1	-1	-1	-1	-1	-1	-1	-1	-1	-1	-1	-1	-1	-1	-1	-1	-1	-1	-1	-1	-1	-1	-1	-1	-1
XMTQzMjc1Nzg1Ng==	16	-1	-1	-1	-1	-1	-1	-1	-1	-1	-1	-1	-1	-1	-1	-1	-1	-1	-1	-1	-1	-1	-1	-1	-1	-1	-1	-1	-1	-1
XMTQzMjA5MDM2OA==	567	599	617	634	637	640	645	645	646	652	657	661	661	664	672	677	678	679	679	682	684	686	686	687	-1	-1	-1	-1	-1	-1
XMTQzMjk5NjI0MA==	5	-1	-1	-1	-1	-1	-1	-1	-1	-1	-1	-1	-1	-1	-1	-1	-1	-1	-1	-1	-1	-1	-1	-1	-1	-1	-1	-1	-1	-1
XMTQzMTYyMDkyNA==	5	-1	-1	-1	-1	-1	-1	-1	-1	-1	-1	-1	-1	-1	-1	-1	-1	-1	-1	-1	-1	-1	-1	-1	-1	-1	-1	-1	-1	-1
XMTQzMjg0MzYwNA==	539	-1	-1	-1	-1	-1	-1	-1	-1	-1	-1	-1	-1	-1	-1	-1	-1	-1	-1	-1	-1	-1	-1	-1	-1	-1	-1	-1	-1	-1
XMTQzMTkyMzQ5Ng==	203	235	254	263	269	273	276	277	278	281	290	291	384	424	479	483	496	501	503	505	-1	-1	-1	-1	-1	-1	-1	-1	-1	-1
XMTQzMzIzOTgyMA==	26	39	41	-1	-1	-1	-1	-1	-1	-1	-1	-1	-1	-1	-1	-1	-1	-1	-1	-1	-1	-1	-1	-1	-1	-1	-1	-1	-1	-1
XMTQzMjMxNTgwNA==	30	31	31	31	31	31	31	31	31	31	31	31	31	31	31	-1	-1	-1	-1	-1	-1	-1	-1	-1	-1	-1	-1	-1	-1	-1
XMTQzMjQwNDk5Ng==	104	125	127	129	-1	-1	-1	-1	-1	-1	-1	-1	-1	-1	-1	-1	-1	-1	-1	-1	-1	-1	-1	-1	-1	-1	-1	-1	-1	-1
XMTQzMjEwNjE3Ng==	30	32	34	38	44	44	43	44	45	46	47	46	47	48	49	49	51	53	55	55	55	-1	-1	-1	-1	-1	-1	-1	-1	-1
XMTQzMjA4Njc2OA==	2	5	5	5	4	7	10	10	11	-1	-1	-1	-1	-1	-1	-1	-1	-1	-1	-1	-1	-1	-1	-1	-1	-1	-1	-1	-1	-1
XMTQzMjU2NjI2OA==	47	47	48	47	47	47	47	47	47	-1	-1	-1	-1	-1	-1	-1	-1	-1	-1	-1	-1	-1	-1	-1	-1	-1	-1	-1	-1	-1
XMTQzMjA3MTMzNg==	5	7	5	5	5	10	14	17	18	-1	-1	-1	-1	-1	-1	-1	-1	-1	-1	-1	-1	-1	-1	-1	-1	-1	-1	-1	-1	-1
XMTQzMjQ3MjQwOA==	467	684	784	846	949	1067	1149	1228	1341	1403	-1	-1	-1	-1	-1	-1	-1	-1	-1	-1	-1	-1	-1	-1	-1	-1	-1	-1	-1	-1
XMTQzMTcxMDI1Mg==	106	128	-1	-1	-1	-1	-1	-1	-1	-1	-1	-1	-1	-1	-1	-1	-1	-1	-1	-1	-1	-1	-1	-1	-1	-1	-1	-1	-1	-1
XMTQzMjA1MTU4MA==	24	32	31	33	35	35	35	35	35	35	35	35	35	35	35	35	35	35	35	37	38	38	-1	-1	-1	-1	-1	-1	-1	-1
XMTQzMjQzNDA1Mg==	46	56	-1	-1	-1	-1	-1	-1	-1	-1	-1	-1	-1	-1	-1	-1	-1	-1	-1	-1	-1	-1	-1	-1	-1	-1	-1	-1	-1	-1
XMTQzMjY5NDAwMA==	2456	2456	-1	-1	-1	-1	-1	-1	-1	-1	-1	-1	-1	-1	-1	-1	-1	-1	-1	-1	-1	-1	-1	-1	-1	-1	-1	-1	-1	-1
XMTQzMjc3NDU0OA==	45	-1	-1	-1	-1	-1	-1	-1	-1	-1	-1	-1	-1	-1	-1	-1	-1	-1	-1	-1	-1	-1	-1	-1	-1	-1	-1	-1	-1	-1
XMTQzMjA3OTgyOA==	575	650	-1	-1	-1	-1	-1	-1	-1	-1	-1	-1	-1	-1	-1	-1	-1	-1	-1	-1	-1	-1	-1	-1	-1	-1	-1	-1	-1	-1
XMTQzMTgzNzIwOA==	543	571	530	529	531	537	538	558	634	651	653	650	657	659	660	662	664	664	664	666	-1	-1	-1	-1	-1	-1	-1	-1	-1	-1
XMTQzMjI1NTQ5Mg==	1881	2956	4092	-1	-1	-1	-1	-1	-1	-1	-1	-1	-1	-1	-1	-1	-1	-1	-1	-1	-1	-1	-1	-1	-1	-1	-1	-1	-1	-1
XMTQzMjAyNTIxMg==	237	247	246	248	249	251	253	253	254	254	255	259	259	260	261	263	264	265	265	267	268	268	269	269	271	271	274	-1	-1	-1
XMTQzMjgwOTgxMg==	232	-1	-1	-1	-1	-1	-1	-1	-1	-1	-1	-1	-1	-1	-1	-1	-1	-1	-1	-1	-1	-1	-1	-1	-1	-1	-1	-1	-1	-1
XMTQzMjE0MDY4OA==	57963	87091	96462	39367	14423	-1	-1	-1	-1	-1	-1	-1	-1	-1	-1	-1	-1	-1	-1	-1	-1	-1	-1	-1	-1	-1	-1	-1	-1	-1
XMTQzMjg5NDM4OA==	1	-1	-1	-1	-1	-1	-1	-1	-1	-1	-1	-1	-1	-1	-1	-1	-1	-1	-1	-1	-1	-1	-1	-1	-1	-1	-1	-1	-1	-1
XMTQzMjk0NDMwMA==	15	-1	-1	-1	-1	-1	-1	-1	-1	-1	-1	-1	-1	-1	-1	-1	-1	-1	-1	-1	-1	-1	-1	-1	-1	-1	-1	-1	-1	-1
XMTQzMTY2NjE5Mg==	54	54	-1	-1	-1	-1	-1	-1	-1	-1	-1	-1	-1	-1	-1	-1	-1	-1	-1	-1	-1	-1	-1	-1	-1	-1	-1	-1	-1	-1
XMTQzMjkzODY4NA==	4	-1	-1	-1	-1	-1	-1	-1	-1	-1	-1	-1	-1	-1	-1	-1	-1	-1	-1	-1	-1	-1	-1	-1	-1	-1	-1	-1	-1	-1
XMTQzMjIxMzY0NA==	107	126	138	142	145	149	155	157	158	162	-1	-1	-1	-1	-1	-1	-1	-1	-1	-1	-1	-1	-1	-1	-1	-1	-1	-1	-1	-1
XMTQzMjcxOTk3Mg==	293	-1	-1	-1	-1	-1	-1	-1	-1	-1	-1	-1	-1	-1	-1	-1	-1	-1	-1	-1	-1	-1	-1	-1	-1	-1	-1	-1	-1	-1
XMTQzMjk1Mzk4MA==	2	6	-1	-1	-1	-1	-1	-1	-1	-1	-1	-1	-1	-1	-1	-1	-1	-1	-1	-1	-1	-1	-1	-1	-1	-1	-1	-1	-1	-1
XMTQzMjQ5NDIyNA==	7	7	7	4	4	4	4	4	4	4	4	4	4	4	-1	-1	-1	-1	-1	-1	-1	-1	-1	-1	-1	-1	-1	-1	-1	-1
XMTQzMjc1MzQ1Mg==	3927	5767	6252	-1	-1	-1	-1	-1	-1	-1	-1	-1	-1	-1	-1	-1	-1	-1	-1	-1	-1	-1	-1	-1	-1	-1	-1	-1	-1	-1
XMTQzMjQ5ODQ0OA==	439	484	497	503	511	-1	-1	-1	-1	-1	-1	-1	-1	-1	-1	-1	-1	-1	-1	-1	-1	-1	-1	-1	-1	-1	-1	-1	-1	-1
XMTQzMjIzNTEyOA==	125	148	192	230	254	-1	-1	-1	-1	-1	-1	-1	-1	-1	-1	-1	-1	-1	-1	-1	-1	-1	-1	-1	-1	-1	-1	-1	-1	-1
XMTQzMTY3MDY1Ng==	8	8	7	7	-1	-1	-1	-1	-1	-1	-1	-1	-1	-1	-1	-1	-1	-1	-1	-1	-1	-1	-1	-1	-1	-1	-1	-1	-1	-1
XMTQzMjExNTE4NA==	2	3	3	5	6	7	7	19	20	-1	-1	-1	-1	-1	-1	-1	-1	-1	-1	-1	-1	-1	-1	-1	-1	-1	-1	-1	-1	-1
XMTQzMTk0ODEzMg==	246	335	370	399	-1	-1	-1	-1	-1	-1	-1	-1	-1	-1	-1	-1	-1	-1	-1	-1	-1	-1	-1	-1	-1	-1	-1	-1	-1	-1
XMTQzMjA3MTY0OA==	10	11	11	11	11	11	11	12	13	13	13	13	13	13	13	13	14	-1	-1	-1	-1	-1	-1	-1	-1	-1	-1	-1	-1	-1
XMTQzMjc3NDA5Mg==	46310	124755	181789	224051	243727	253832	259756	263520	266866	269789	271640	273209	274594	275518	276318	277074	277570	277813	-1	-1	-1	-1	-1	-1	-1	-1	-1	-1	-1	-1
XMTQzMjUzODgyMA==	2	3	-1	-1	-1	-1	-1	-1	-1	-1	-1	-1	-1	-1	-1	-1	-1	-1	-1	-1	-1	-1	-1	-1	-1	-1	-1	-1	-1	-1
XMTQzMjczMjExMg==	32	-1	-1	-1	-1	-1	-1	-1	-1	-1	-1	-1	-1	-1	-1	-1	-1	-1	-1	-1	-1	-1	-1	-1	-1	-1	-1	-1	-1	-1
XMTQzMjUzMDQ1Mg==	8	11	12	10	-1	-1	-1	-1	-1	-1	-1	-1	-1	-1	-1	-1	-1	-1	-1	-1	-1	-1	-1	-1	-1	-1	-1	-1	-1	-1
XMTQzMjY2Njg0MA==	4726	12349	18566	-1	-1	-1	-1	-1	-1	-1	-1	-1	-1	-1	-1	-1	-1	-1	-1	-1	-1	-1	-1	-1	-1	-1	-1	-1	-1	-1
XMTQzMTY2NzgxNg==	13	-1	-1	-1	-1	-1	-1	-1	-1	-1	-1	-1	-1	-1	-1	-1	-1	-1	-1	-1	-1	-1	-1	-1	-1	-1	-1	-1	-1	-1
XMTQzMjI5Njg2MA==	4468	6794	8049	6737	-1	-1	-1	-1	-1	-1	-1	-1	-1	-1	-1	-1	-1	-1	-1	-1	-1	-1	-1	-1	-1	-1	-1	-1	-1	-1
XMTQzMTc4ODA2MA==	288	294	280	281	-1	-1	-1	-1	-1	-1	-1	-1	-1	-1	-1	-1	-1	-1	-1	-1	-1	-1	-1	-1	-1	-1	-1	-1	-1	-1
XMTQzMjExNjAxNg==	268	277	279	279	278	278	278	278	278	-1	-1	-1	-1	-1	-1	-1	-1	-1	-1	-1	-1	-1	-1	-1	-1	-1	-1	-1	-1	-1
XMTQzMjQwOTQ2NA==	8	11	13	21	22	22	23	23	23	23	-1	-1	-1	-1	-1	-1	-1	-1	-1	-1	-1	-1	-1	-1	-1	-1	-1	-1	-1	-1
XMTQzMTk5OTg2OA==	778	828	796	-1	-1	-1	-1	-1	-1	-1	-1	-1	-1	-1	-1	-1	-1	-1	-1	-1	-1	-1	-1	-1	-1	-1	-1	-1	-1	-1
XMTQzMjg4NTkzMg==	1	-1	-1	-1	-1	-1	-1	-1	-1	-1	-1	-1	-1	-1	-1	-1	-1	-1	-1	-1	-1	-1	-1	-1	-1	-1	-1	-1	-1	-1
XMTQzMjkzMzAzNg==	65398	166987	167462	80863	2738	2714	2724	-1	-1	-1	-1	-1	-1	-1	-1	-1	-1	-1	-1	-1	-1	-1	-1	-1	-1	-1	-1	-1	-1	-1
XMTQzMjEwNzkzNg==	6	6	6	6	9	9	12	11	11	-1	-1	-1	-1	-1	-1	-1	-1	-1	-1	-1	-1	-1	-1	-1	-1	-1	-1	-1	-1	-1
XMTQzMjIxMTgwNA==	704	1690	1777	-1	-1	-1	-1	-1	-1	-1	-1	-1	-1	-1	-1	-1	-1	-1	-1	-1	-1	-1	-1	-1	-1	-1	-1	-1	-1	-1
XMTQzMjA2NDMyOA==	45	47	45	45	-1	-1	-1	-1	-1	-1	-1	-1	-1	-1	-1	-1	-1	-1	-1	-1	-1	-1	-1	-1	-1	-1	-1	-1	-1	-1
XMTQzMzE5Mjk0NA==	3	-1	-1	-1	-1	-1	-1	-1	-1	-1	-1	-1	-1	-1	-1	-1	-1	-1	-1	-1	-1	-1	-1	-1	-1	-1	-1	-1	-1	-1
XMTQzMjc1NDY3Mg==	25	-1	-1	-1	-1	-1	-1	-1	-1	-1	-1	-1	-1	-1	-1	-1	-1	-1	-1	-1	-1	-1	-1	-1	-1	-1	-1	-1	-1	-1
XMTQzMTg3NTk4NA==	1000	1275	1392	1554	1640	-1	-1	-1	-1	-1	-1	-1	-1	-1	-1	-1	-1	-1	-1	-1	-1	-1	-1	-1	-1	-1	-1	-1	-1	-1
XMTQzMjc2MDg0NA==	35	-1	-1	-1	-1	-1	-1	-1	-1	-1	-1	-1	-1	-1	-1	-1	-1	-1	-1	-1	-1	-1	-1	-1	-1	-1	-1	-1	-1	-1
XMTQzMjAyNzEzMg==	198585	198599	-1	-1	-1	-1	-1	-1	-1	-1	-1	-1	-1	-1	-1	-1	-1	-1	-1	-1	-1	-1	-1	-1	-1	-1	-1	-1	-1	-1
XMTQzMjc3NjcwOA==	3	6	6	5	4	4	4	4	4	4	4	4	4	4	4	4	4	4	-1	-1	-1	-1	-1	-1	-1	-1	-1	-1	-1	-1
XMTQzMjU2ODk2OA==	25	27	30	30	31	34	34	35	36	36	36	36	36	36	37	38	38	38	44	44	44	44	44	44	44	44	44	44	-1	-1
XMTQzMjg5OTgyMA==	8	-1	-1	-1	-1	-1	-1	-1	-1	-1	-1	-1	-1	-1	-1	-1	-1	-1	-1	-1	-1	-1	-1	-1	-1	-1	-1	-1	-1	-1
XMTQzMjIzODQ1Ng==	10140	16840	19385	-1	-1	-1	-1	-1	-1	-1	-1	-1	-1	-1	-1	-1	-1	-1	-1	-1	-1	-1	-1	-1	-1	-1	-1	-1	-1	-1
XMTQzMTk1MjQ0NA==	696	889	1018	1074	1159	1223	1307	1384	1472	1505	-1	-1	-1	-1	-1	-1	-1	-1	-1	-1	-1	-1	-1	-1	-1	-1	-1	-1	-1	-1
XMTQzMTY2NjM2MA==	-1	-1	-1	-1	-1	-1	-1	-1	-1	-1	-1	-1	-1	-1	-1	-1	-1	-1	-1	-1	-1	-1	-1	-1	-1	-1	-1	-1	-1	-1
XMTQzMjM4MTQ5Ng==	87	96	-1	-1	-1	-1	-1	-1	-1	-1	-1	-1	-1	-1	-1	-1	-1	-1	-1	-1	-1	-1	-1	-1	-1	-1	-1	-1	-1	-1
XMTQzMjIxMTQ5Ng==	19	20	23	23	23	23	23	25	25	25	25	25	25	-1	-1	-1	-1	-1	-1	-1	-1	-1	-1	-1	-1	-1	-1	-1	-1	-1
XMTQzMTcyMjU0MA==	-1	-1	-1	-1	-1	-1	-1	-1	-1	-1	-1	-1	-1	-1	-1	-1	-1	-1	-1	-1	-1	-1	-1	-1	-1	-1	-1	-1	-1	-1
XMTQzMTg5NTE1Ng==	410	834	949	962	946	-1	-1	-1	-1	-1	-1	-1	-1	-1	-1	-1	-1	-1	-1	-1	-1	-1	-1	-1	-1	-1	-1	-1	-1	-1
XMTQzMTk2MTg3Ng==	8	8	8	8	8	8	8	8	8	8	8	8	8	8	8	8	8	8	8	8	8	8	-1	-1	-1	-1	-1	-1	-1	-1
XMTQzMjcxMzE2NA==	1901414	-1	-1	-1	-1	-1	-1	-1	-1	-1	-1	-1	-1	-1	-1	-1	-1	-1	-1	-1	-1	-1	-1	-1	-1	-1	-1	-1	-1	-1
XMTQzMjAwNzU4NA==	364	407	423	438	447	453	458	459	461	466	473	474	525	617	667	680	691	692	693	693	-1	-1	-1	-1	-1	-1	-1	-1	-1	-1
XMTQzMjM0NDI2OA==	311	332	334	337	334	372	382	384	383	387	392	-1	-1	-1	-1	-1	-1	-1	-1	-1	-1	-1	-1	-1	-1	-1	-1	-1	-1	-1
XMTQzMjI4MDE1Mg==	733	753	705	695	701	-1	-1	-1	-1	-1	-1	-1	-1	-1	-1	-1	-1	-1	-1	-1	-1	-1	-1	-1	-1	-1	-1	-1	-1	-1
XMTQzMjUzMzM0OA==	65	70	73	67	68	76	-1	-1	-1	-1	-1	-1	-1	-1	-1	-1	-1	-1	-1	-1	-1	-1	-1	-1	-1	-1	-1	-1	-1	-1
XMTQzMzA5ODI3Mg==	6	9	12	14	14	14	14	14	14	14	14	14	14	-1	-1	-1	-1	-1	-1	-1	-1	-1	-1	-1	-1	-1	-1	-1	-1	-1
XMTQzMjQwMDQxNg==	5	6	7	7	7	7	7	7	7	7	7	7	7	8	8	8	8	8	8	8	8	8	9	-1	-1	-1	-1	-1	-1	-1
XMTQzMTg4ODMyNA==	25	26	-1	-1	-1	-1	-1	-1	-1	-1	-1	-1	-1	-1	-1	-1	-1	-1	-1	-1	-1	-1	-1	-1	-1	-1	-1	-1	-1	-1
XMTQzMjQzOTY0NA==	11	13	13	-1	-1	-1	-1	-1	-1	-1	-1	-1	-1	-1	-1	-1	-1	-1	-1	-1	-1	-1	-1	-1	-1	-1	-1	-1	-1	-1
XMTQzMjgxMzY4OA==	4	-1	-1	-1	-1	-1	-1	-1	-1	-1	-1	-1	-1	-1	-1	-1	-1	-1	-1	-1	-1	-1	-1	-1	-1	-1	-1	-1	-1	-1
XMTQzMTg4OTc4MA==	9	9	9	9	9	9	9	9	9	9	9	9	9	9	9	9	9	9	9	9	9	9	9	9	9	9	-1	-1	-1	-1
XMTQzMjc1NDA5Ng==	118	-1	-1	-1	-1	-1	-1	-1	-1	-1	-1	-1	-1	-1	-1	-1	-1	-1	-1	-1	-1	-1	-1	-1	-1	-1	-1	-1	-1	-1
XMTQzMTc3NjQwOA==	5	5	5	5	5	-1	-1	-1	-1	-1	-1	-1	-1	-1	-1	-1	-1	-1	-1	-1	-1	-1	-1	-1	-1	-1	-1	-1	-1	-1
XMTQzMjc1MzEyOA==	31	-1	-1	-1	-1	-1	-1	-1	-1	-1	-1	-1	-1	-1	-1	-1	-1	-1	-1	-1	-1	-1	-1	-1	-1	-1	-1	-1	-1	-1
XMTQzMTk1OTQ2MA==	6863	11088	15173	17485	17479	17296	17231	17232	17236	17237	17238	-1	-1	-1	-1	-1	-1	-1	-1	-1	-1	-1	-1	-1	-1	-1	-1	-1	-1	-1
XMTQzMjI2MTM3Mg==	163	165	157	154	154	154	154	154	154	154	154	154	154	154	154	154	154	154	154	154	154	154	154	-1	-1	-1	-1	-1	-1	-1
XMTQzMzE5MjA4OA==	2	-1	-1	-1	-1	-1	-1	-1	-1	-1	-1	-1	-1	-1	-1	-1	-1	-1	-1	-1	-1	-1	-1	-1	-1	-1	-1	-1	-1	-1
XMTQzMTg0NDYzMg==	20	20	-1	-1	-1	-1	-1	-1	-1	-1	-1	-1	-1	-1	-1	-1	-1	-1	-1	-1	-1	-1	-1	-1	-1	-1	-1	-1	-1	-1
XMTQzMjc4MDY2OA==	13	-1	-1	-1	-1	-1	-1	-1	-1	-1	-1	-1	-1	-1	-1	-1	-1	-1	-1	-1	-1	-1	-1	-1	-1	-1	-1	-1	-1	-1
XMTQzMjEyMDA2OA==	185	269	301	342	364	394	419	434	454	467	-1	-1	-1	-1	-1	-1	-1	-1	-1	-1	-1	-1	-1	-1	-1	-1	-1	-1	-1	-1
XMTQzMjM5MTM5Ng==	66	70	77	81	81	81	82	83	86	86	-1	-1	-1	-1	-1	-1	-1	-1	-1	-1	-1	-1	-1	-1	-1	-1	-1	-1	-1	-1
XMTQzMjIwNTMwNA==	36	42	45	45	-1	-1	-1	-1	-1	-1	-1	-1	-1	-1	-1	-1	-1	-1	-1	-1	-1	-1	-1	-1	-1	-1	-1	-1	-1	-1
XMTQzMTgxMDk0MA==	175	180	180	181	214	217	221	229	231	234	234	237	-1	-1	-1	-1	-1	-1	-1	-1	-1	-1	-1	-1	-1	-1	-1	-1	-1	-1
XMTQzMjUyMjgxNg==	13	17	22	25	25	27	26	26	26	26	26	29	29	30	32	33	33	33	35	36	37	39	41	43	43	43	43	43	-1	-1
XMTQzMjc3MTI2OA==	29	-1	-1	-1	-1	-1	-1	-1	-1	-1	-1	-1	-1	-1	-1	-1	-1	-1	-1	-1	-1	-1	-1	-1	-1	-1	-1	-1	-1	-1
XMTQzMjQ1Nzg4OA==	23	26	26	23	24	24	25	25	27	27	27	27	29	29	30	31	31	31	32	32	32	32	33	34	34	36	-1	-1	-1	-1
XMTQzMjI1ODQyOA==	34	37	41	-1	-1	-1	-1	-1	-1	-1	-1	-1	-1	-1	-1	-1	-1	-1	-1	-1	-1	-1	-1	-1	-1	-1	-1	-1	-1	-1
XMTQzMjIzMzg1Ng==	66	82	94	103	115	115	116	121	123	125	1129	1908	2001	2042	2074	2095	2111	2132	2138	2147	2152	2157	2162	2165	-1	-1	-1	-1	-1	-1
XMTQzMjc1MDU0MA==	12	24	33	36	37	-1	-1	-1	-1	-1	-1	-1	-1	-1	-1	-1	-1	-1	-1	-1	-1	-1	-1	-1	-1	-1	-1	-1	-1	-1
XMTQzMjYxNzYyMA==	28	108	127	132	132	-1	-1	-1	-1	-1	-1	-1	-1	-1	-1	-1	-1	-1	-1	-1	-1	-1	-1	-1	-1	-1	-1	-1	-1	-1
XMTQzMjg5MTA0NA==	3	-1	-1	-1	-1	-1	-1	-1	-1	-1	-1	-1	-1	-1	-1	-1	-1	-1	-1	-1	-1	-1	-1	-1	-1	-1	-1	-1	-1	-1
XMTQzMjMxOTkzNg==	8	9	10	12	12	14	14	-1	-1	-1	-1	-1	-1	-1	-1	-1	-1	-1	-1	-1	-1	-1	-1	-1	-1	-1	-1	-1	-1	-1
XMTQzMjEwODcxNg==	11	11	-1	-1	-1	-1	-1	-1	-1	-1	-1	-1	-1	-1	-1	-1	-1	-1	-1	-1	-1	-1	-1	-1	-1	-1	-1	-1	-1	-1
XMTQzMTk1MDQwMA==	337	432	452	482	-1	-1	-1	-1	-1	-1	-1	-1	-1	-1	-1	-1	-1	-1	-1	-1	-1	-1	-1	-1	-1	-1	-1	-1	-1	-1
XMTQzMjI5MDkyMA==	96	123	148	-1	-1	-1	-1	-1	-1	-1	-1	-1	-1	-1	-1	-1	-1	-1	-1	-1	-1	-1	-1	-1	-1	-1	-1	-1	-1	-1
XMTQzMTk1OTYyMA==	593	655	706	715	731	-1	-1	-1	-1	-1	-1	-1	-1	-1	-1	-1	-1	-1	-1	-1	-1	-1	-1	-1	-1	-1	-1	-1	-1	-1
XMTQzMzE2NzY5Ng==	5	8	9	10	10	10	10	11	11	11	11	11	-1	-1	-1	-1	-1	-1	-1	-1	-1	-1	-1	-1	-1	-1	-1	-1	-1	-1
XMTQzMzE0Nzg4OA==	11	-1	-1	-1	-1	-1	-1	-1	-1	-1	-1	-1	-1	-1	-1	-1	-1	-1	-1	-1	-1	-1	-1	-1	-1	-1	-1	-1	-1	-1
XMTQzMjY3MTA0MA==	7402	7402	-1	-1	-1	-1	-1	-1	-1	-1	-1	-1	-1	-1	-1	-1	-1	-1	-1	-1	-1	-1	-1	-1	-1	-1	-1	-1	-1	-1
XMTQzMjk2NjU0MA==	43	-1	-1	-1	-1	-1	-1	-1	-1	-1	-1	-1	-1	-1	-1	-1	-1	-1	-1	-1	-1	-1	-1	-1	-1	-1	-1	-1	-1	-1
XMTQzMjc5MTU3Mg==	60	-1	-1	-1	-1	-1	-1	-1	-1	-1	-1	-1	-1	-1	-1	-1	-1	-1	-1	-1	-1	-1	-1	-1	-1	-1	-1	-1	-1	-1
XMTQzMjg2NzAwNA==	25	-1	-1	-1	-1	-1	-1	-1	-1	-1	-1	-1	-1	-1	-1	-1	-1	-1	-1	-1	-1	-1	-1	-1	-1	-1	-1	-1	-1	-1
XMTQzMjQ1MzAyOA==	14	28	-1	-1	-1	-1	-1	-1	-1	-1	-1	-1	-1	-1	-1	-1	-1	-1	-1	-1	-1	-1	-1	-1	-1	-1	-1	-1	-1	-1
XMTQzMTg2MzM4NA==	191	204	196	195	210	213	216	235	237	239	227	231	231	234	239	243	244	245	246	248	252	-1	-1	-1	-1	-1	-1	-1	-1	-1
XMTQzMjc5NDY0MA==	63375	232469	-1	-1	-1	-1	-1	-1	-1	-1	-1	-1	-1	-1	-1	-1	-1	-1	-1	-1	-1	-1	-1	-1	-1	-1	-1	-1	-1	-1
XMTQzMjQ4NjAwNA==	10	-1	-1	-1	-1	-1	-1	-1	-1	-1	-1	-1	-1	-1	-1	-1	-1	-1	-1	-1	-1	-1	-1	-1	-1	-1	-1	-1	-1	-1
XMTQzMTg3NzI1Mg==	2670	3761	-1	-1	-1	-1	-1	-1	-1	-1	-1	-1	-1	-1	-1	-1	-1	-1	-1	-1	-1	-1	-1	-1	-1	-1	-1	-1	-1	-1
XMTQzMjI2NTExNg==	187	237	263	-1	-1	-1	-1	-1	-1	-1	-1	-1	-1	-1	-1	-1	-1	-1	-1	-1	-1	-1	-1	-1	-1	-1	-1	-1	-1	-1
XMTQzMTk2MTI2MA==	160	171	163	164	-1	-1	-1	-1	-1	-1	-1	-1	-1	-1	-1	-1	-1	-1	-1	-1	-1	-1	-1	-1	-1	-1	-1	-1	-1	-1
XMTQzMjIzNjcwOA==	35	38	46	46	46	46	46	46	46	46	-1	-1	-1	-1	-1	-1	-1	-1	-1	-1	-1	-1	-1	-1	-1	-1	-1	-1	-1	-1
XMTQzMjUzMDUxMg==	2509	2509	-1	-1	-1	-1	-1	-1	-1	-1	-1	-1	-1	-1	-1	-1	-1	-1	-1	-1	-1	-1	-1	-1	-1	-1	-1	-1	-1	-1
XMTQzMTA2OTY2OA==	9	10	12	9	9	-1	-1	-1	-1	-1	-1	-1	-1	-1	-1	-1	-1	-1	-1	-1	-1	-1	-1	-1	-1	-1	-1	-1	-1	-1
XMTQzMjEzODE2MA==	619	686	698	716	748	775	791	802	812	822	824	828	829	829	828	-1	-1	-1	-1	-1	-1	-1	-1	-1	-1	-1	-1	-1	-1	-1
XMTQzMTc5NTk0MA==	699	720	691	697	708	716	724	728	742	745	750	-1	-1	-1	-1	-1	-1	-1	-1	-1	-1	-1	-1	-1	-1	-1	-1	-1	-1	-1
XMTQzMjYxNzU5Mg==	2011	5543	7711	-1	-1	-1	-1	-1	-1	-1	-1	-1	-1	-1	-1	-1	-1	-1	-1	-1	-1	-1	-1	-1	-1	-1	-1	-1	-1	-1
XMTQzMjY1MzE0MA==	4891	4894	-1	-1	-1	-1	-1	-1	-1	-1	-1	-1	-1	-1	-1	-1	-1	-1	-1	-1	-1	-1	-1	-1	-1	-1	-1	-1	-1	-1
XMTQzMjE2Mzc1Ng==	474	514	509	522	531	535	537	553	554	558	560	-1	-1	-1	-1	-1	-1	-1	-1	-1	-1	-1	-1	-1	-1	-1	-1	-1	-1	-1
XMTQzMTU5NTIyMA==	330	341	314	313	325	344	345	350	349	353	355	358	360	365	375	375	376	378	382	383	384	383	383	386	-1	-1	-1	-1	-1	-1
XMTQzMTY3ODc3Mg==	5	6	6	6	-1	-1	-1	-1	-1	-1	-1	-1	-1	-1	-1	-1	-1	-1	-1	-1	-1	-1	-1	-1	-1	-1	-1	-1	-1	-1
XMTQzMjM3MDM0NA==	41	44	44	42	43	43	43	43	43	43	43	43	43	43	43	43	43	-1	-1	-1	-1	-1	-1	-1	-1	-1	-1	-1	-1	-1
XMTQzMjE1Mzc0MA==	111	121	-1	-1	-1	-1	-1	-1	-1	-1	-1	-1	-1	-1	-1	-1	-1	-1	-1	-1	-1	-1	-1	-1	-1	-1	-1	-1	-1	-1
XMTQzMjIxNTM5Ng==	51	54	52	53	55	58	59	60	62	62	65	68	69	70	71	-1	-1	-1	-1	-1	-1	-1	-1	-1	-1	-1	-1	-1	-1	-1
XMTQzMTg3MzI3Ng==	326	439	505	532	541	-1	-1	-1	-1	552	567	570	572	577	577	580	580	584	590	595	600	601	603	604	606	609	612	612	612	614
XMTQzMjcyMDI3Ng==	370	-1	-1	-1	-1	-1	-1	-1	-1	-1	-1	-1	-1	-1	-1	-1	-1	-1	-1	-1	-1	-1	-1	-1	-1	-1	-1	-1	-1	-1
XMTQzMzE3OTQxMg==	12	15	18	20	22	22	21	22	23	23	22	22	22	22	22	22	22	22	22	25	25	25	-1	-1	-1	-1	-1	-1	-1	-1
XMTQzMjc4NTE0NA==	47	-1	-1	-1	-1	-1	-1	-1	-1	-1	-1	-1	-1	-1	-1	-1	-1	-1	-1	-1	-1	-1	-1	-1	-1	-1	-1	-1	-1	-1
XMTQzMzIyMzk0MA==	2370	3811	3894	-1	-1	-1	-1	-1	-1	-1	-1	-1	-1	-1	-1	-1	-1	-1	-1	-1	-1	-1	-1	-1	-1	-1	-1	-1	-1	-1
XMTQzMjAyOTcwOA==	56868	56870	50218	17	-1	-1	-1	-1	-1	-1	-1	-1	-1	-1	-1	-1	-1	-1	-1	-1	-1	-1	-1	-1	-1	-1	-1	-1	-1	-1
XMTQzMjI4OTY0OA==	95535	-1	-1	-1	-1	-1	-1	-1	-1	-1	-1	-1	-1	-1	-1	-1	-1	-1	-1	-1	-1	-1	-1	-1	-1	-1	-1	-1	-1	-1
XMTQzMjYyMjExMg==	57	78	87	92	97	106	-1	-1	-1	-1	-1	-1	-1	-1	-1	-1	-1	-1	-1	-1	-1	-1	-1	-1	-1	-1	-1	-1	-1	-1
XMTQzMjk1MzU3Mg==	92877	201111	201890	82478	4262	4201	4212	-1	-1	-1	-1	-1	-1	-1	-1	-1	-1	-1	-1	-1	-1	-1	-1	-1	-1	-1	-1	-1	-1	-1
XMTQzMTk1MTcxMg==	227	236	247	253	294	303	311	318	320	325	334	340	351	363	372	378	382	384	388	394	410	411	416	-1	-1	-1	-1	-1	-1	-1
XMTQzMTk1MjU2OA==	171	207	221	232	-1	-1	-1	-1	-1	-1	-1	-1	-1	-1	-1	-1	-1	-1	-1	-1	-1	-1	-1	-1	-1	-1	-1	-1	-1	-1
XMTQzMTkyNjgxMg==	117	149	154	155	-1	-1	-1	-1	-1	-1	-1	-1	-1	-1	-1	-1	-1	-1	-1	-1	-1	-1	-1	-1	-1	-1	-1	-1	-1	-1
XMTQzMTg0NzY0MA==	883	1104	1161	1202	1231	1262	1295	1348	1404	1436	1448	1477	1534	1554	1585	1607	1620	1632	1648	1659	1670	-1	-1	-1	-1	-1	-1	-1	-1	-1
XMTQzMjU2NzkzNg==	109	123	126	-1	-1	-1	-1	-1	-1	-1	-1	-1	-1	-1	-1	-1	-1	-1	-1	-1	-1	-1	-1	-1	-1	-1	-1	-1	-1	-1
XMTQzMjEzNjg1Mg==	719	868	966	1019	1069	1147	1186	1234	1265	1306	1346	1389	1394	1397	1401	-1	-1	-1	-1	-1	-1	-1	-1	-1	-1	-1	-1	-1	-1	-1
XMTQzMTUzNTM2OA==	54	61	78	79	82	87	95	99	100	-1	-1	-1	-1	-1	-1	-1	-1	-1	-1	-1	-1	-1	-1	-1	-1	-1	-1	-1	-1	-1
XMTQzMjA3NTExNg==	6	8	6	6	6	6	6	6	6	6	6	6	6	6	6	6	6	-1	-1	-1	-1	-1	-1	-1	-1	-1	-1	-1	-1	-1
XMTQzMjc4NzY0NA==	18	-1	-1	-1	-1	-1	-1	-1	-1	-1	-1	-1	-1	-1	-1	-1	-1	-1	-1	-1	-1	-1	-1	-1	-1	-1	-1	-1	-1	-1
XMTQzMjA1NDgwOA==	8	11	14	18	21	26	27	32	36	-1	-1	-1	-1	-1	-1	-1	-1	-1	-1	-1	-1	-1	-1	-1	-1	-1	-1	-1	-1	-1
XMTQzMTk5MTMwMA==	119	128	133	136	209	212	219	222	224	227	228	230	231	240	245	245	246	246	247	253	255	255	258	-1	-1	-1	-1	-1	-1	-1
XMTQzMjQ3NzA0NA==	2429	2430	-1	-1	-1	-1	-1	-1	-1	-1	-1	-1	-1	-1	-1	-1	-1	-1	-1	-1	-1	-1	-1	-1	-1	-1	-1	-1	-1	-1
XMTQzMjk0ODgxMg==	207	470	588	631	657	679	701	780	868	914	978	1090	1214	1359	1731	2575	2971	3318	4056	5277	6618	7878	8939	10587	12162	13655	15619	17711	-1	-1
XMTQzMjA2Njc1Mg==	82	100	109	107	105	107	111	111	111	113	-1	-1	-1	-1	-1	-1	-1	-1	-1	-1	-1	-1	-1	-1	-1	-1	-1	-1	-1	-1
XMTQzMjY3NDE4OA==	1198	2036	2509	-1	-1	-1	-1	-1	-1	-1	-1	-1	-1	-1	-1	-1	-1	-1	-1	-1	-1	-1	-1	-1	-1	-1	-1	-1	-1	-1
XMTQzMTkzNDYzNg==	25	27	30	32	-1	-1	-1	-1	-1	-1	-1	-1	-1	-1	-1	-1	-1	-1	-1	-1	-1	-1	-1	-1	-1	-1	-1	-1	-1	-1
XMTQzMjAwNjcwOA==	248	285	300	316	342	354	362	378	387	390	-1	-1	-1	-1	-1	-1	-1	-1	-1	-1	-1	-1	-1	-1	-1	-1	-1	-1	-1	-1
XMTQzMjY0Njk3Ng==	7361	7361	-1	-1	-1	-1	-1	-1	-1	-1	-1	-1	-1	-1	-1	-1	-1	-1	-1	-1	-1	-1	-1	-1	-1	-1	-1	-1	-1	-1
XMTQzMjMwNTc0NA==	470	729	777	816	827	829	829	830	-1	-1	-1	-1	-1	-1	-1	-1	-1	-1	-1	-1	-1	-1	-1	-1	-1	-1	-1	-1	-1	-1
XMTQzMTg5MzY0NA==	211	316	311	321	326	335	341	364	381	387	391	-1	-1	-1	-1	-1	-1	-1	-1	-1	-1	-1	-1	-1	-1	-1	-1	-1	-1	-1
XMTQzMjQ4MjA1Ng==	60	84	93	95	-1	-1	-1	-1	-1	-1	-1	-1	-1	-1	-1	-1	-1	-1	-1	-1	-1	-1	-1	-1	-1	-1	-1	-1	-1	-1
XMTQzMTk1NzU3Mg==	491	591	624	671	-1	-1	-1	-1	-1	-1	-1	-1	-1	-1	-1	-1	-1	-1	-1	-1	-1	-1	-1	-1	-1	-1	-1	-1	-1	-1
XMTQzMjg3MzIxNg==	2	-1	-1	-1	-1	-1	-1	-1	-1	-1	-1	-1	-1	-1	-1	-1	-1	-1	-1	-1	-1	-1	-1	-1	-1	-1	-1	-1	-1	-1
XMTQzMjk3OTcyMA==	2345	2979	3036	2977	3000	3027	3067	3221	3359	3407	3440	3477	3555	3649	3707	3733	3743	-1	-1	-1	-1	-1	-1	-1	-1	-1	-1	-1	-1	-1
XMTQzMjU0Mzc3Mg==	12	19	20	19	19	19	-1	-1	-1	-1	-1	-1	-1	-1	-1	-1	-1	-1	-1	-1	-1	-1	-1	-1	-1	-1	-1	-1	-1	-1
XMTQzMjkzNjAwMA==	787260	3985808	-1	-1	-1	-1	-1	-1	-1	-1	-1	-1	-1	-1	-1	-1	-1	-1	-1	-1	-1	-1	-1	-1	-1	-1	-1	-1	-1	-1
XMTQzMTkwMjMzMg==	209	218	214	215	216	218	218	217	218	218	218	217	219	219	219	219	219	219	219	220	220	220	220	220	-1	-1	-1	-1	-1	-1
XMTQzMjEzNjg0OA==	5217	7599	8999	10889	12846	14549	16713	18116	19232	20225	20680	20841	20938	21030	21148	-1	-1	-1	-1	-1	-1	-1	-1	-1	-1	-1	-1	-1	-1	-1
XMTQzMjk1NDI4NA==	9	12	-1	-1	-1	-1	-1	-1	-1	-1	-1	-1	-1	-1	-1	-1	-1	-1	-1	-1	-1	-1	-1	-1	-1	-1	-1	-1	-1	-1
XMTQzMjQ2MzM1Ng==	622	748	854	866	876	876	875	876	877	880	880	881	-1	-1	-1	-1	-1	-1	-1	-1	-1	-1	-1	-1	-1	-1	-1	-1	-1	-1
XMTQzMjczNTg0NA==	178	-1	-1	-1	-1	-1	-1	-1	-1	-1	-1	-1	-1	-1	-1	-1	-1	-1	-1	-1	-1	-1	-1	-1	-1	-1	-1	-1	-1	-1
XMTQzMjg4NDgxMg==	38	-1	-1	-1	-1	-1	-1	-1	-1	-1	-1	-1	-1	-1	-1	-1	-1	-1	-1	-1	-1	-1	-1	-1	-1	-1	-1	-1	-1	-1
XMTQzMjY2NTU2MA==	836	1415	1697	-1	-1	-1	-1	-1	-1	-1	-1	-1	-1	-1	-1	-1	-1	-1	-1	-1	-1	-1	-1	-1	-1	-1	-1	-1	-1	-1
XMTQzMjQzOTgzMg==	10	-1	-1	-1	-1	-1	-1	-1	-1	-1	-1	-1	-1	-1	-1	-1	-1	-1	-1	-1	-1	-1	-1	-1	-1	-1	-1	-1	-1	-1
XMTQzMjA5NTIxNg==	507	581	649	733	889	1011	1085	1195	1313	1433	1564	1675	1678	1689	1688	-1	-1	-1	-1	-1	-1	-1	-1	-1	-1	-1	-1	-1	-1	-1
XMTQzMjI3MDI2MA==	257	302	-1	-1	-1	-1	-1	-1	-1	-1	-1	-1	-1	-1	-1	-1	-1	-1	-1	-1	-1	-1	-1	-1	-1	-1	-1	-1	-1	-1
XMTQzMjAzODA1Ng==	775	939	1028	-1	-1	-1	-1	-1	-1	-1	-1	-1	-1	-1	-1	-1	-1	-1	-1	-1	-1	-1	-1	-1	-1	-1	-1	-1	-1	-1
XMTQzMjc2Mzc0NA==	13	-1	-1	-1	-1	-1	-1	-1	-1	-1	-1	-1	-1	-1	-1	-1	-1	-1	-1	-1	-1	-1	-1	-1	-1	-1	-1	-1	-1	-1
XMTQzMjc2NjQ2NA==	18	-1	-1	-1	-1	-1	-1	-1	-1	-1	-1	-1	-1	-1	-1	-1	-1	-1	-1	-1	-1	-1	-1	-1	-1	-1	-1	-1	-1	-1
XMTQzMzE0MTE0MA==	10	32	35	34	-1	-1	-1	-1	-1	-1	-1	-1	-1	-1	-1	-1	-1	-1	-1	-1	-1	-1	-1	-1	-1	-1	-1	-1	-1	-1
XMTQzMjE3ODExNg==	7	7	7	7	7	9	9	10	10	-1	-1	-1	-1	-1	-1	-1	-1	-1	-1	-1	-1	-1	-1	-1	-1	-1	-1	-1	-1	-1
XMTQzMjA5NDQwNA==	878	937	961	1007	1048	1097	1125	1178	1216	1247	1277	1314	1321	1340	1355	-1	-1	-1	-1	-1	-1	-1	-1	-1	-1	-1	-1	-1	-1	-1
XMTQzMjQ1MDc5Ng==	5	5	-1	-1	-1	-1	-1	-1	-1	-1	-1	-1	-1	-1	-1	-1	-1	-1	-1	-1	-1	-1	-1	-1	-1	-1	-1	-1	-1	-1
XMTQzMjk4MDYwOA==	22	-1	-1	-1	-1	-1	-1	-1	-1	-1	-1	-1	-1	-1	-1	-1	-1	-1	-1	-1	-1	-1	-1	-1	-1	-1	-1	-1	-1	-1
XMTQzMjQxNzAyNA==	1	1	1	-1	-1	-1	-1	-1	-1	-1	-1	-1	-1	-1	-1	-1	-1	-1	-1	-1	-1	-1	-1	-1	-1	-1	-1	-1	-1	-1
XMTQzMjkwMzUyNA==	32	-1	-1	-1	-1	-1	-1	-1	-1	-1	-1	-1	-1	-1	-1	-1	-1	-1	-1	-1	-1	-1	-1	-1	-1	-1	-1	-1	-1	-1
XMTQzMjU0MjcwNA==	12	13	14	13	13	13	13	14	14	14	14	14	14	14	14	14	14	14	14	16	17	-1	-1	-1	-1	-1	-1	-1	-1	-1
XMTQzMjkwMTc4NA==	9	-1	-1	-1	-1	-1	-1	-1	-1	-1	-1	-1	-1	-1	-1	-1	-1	-1	-1	-1	-1	-1	-1	-1	-1	-1	-1	-1	-1	-1
XMTQzMjA5NTI5Ng==	270	326	375	472	1917	3700	4293	4671	4988	5308	5784	6016	6038	6039	6048	-1	-1	-1	-1	-1	-1	-1	-1	-1	-1	-1	-1	-1	-1	-1
XMTQzMjk1NDMyMA==	1	2	-1	-1	-1	-1	-1	-1	-1	-1	-1	-1	-1	-1	-1	-1	-1	-1	-1	-1	-1	-1	-1	-1	-1	-1	-1	-1	-1	-1
XMTQzMjgxOTkwNA==	66	-1	-1	-1	-1	-1	-1	-1	-1	-1	-1	-1	-1	-1	-1	-1	-1	-1	-1	-1	-1	-1	-1	-1	-1	-1	-1	-1	-1	-1
XMTQzMzAwNTI1Mg==	3879	14590	-1	-1	-1	-1	-1	-1	-1	-1	-1	-1	-1	-1	-1	-1	-1	-1	-1	-1	-1	-1	-1	-1	-1	-1	-1	-1	-1	-1
XMTQzMjQ0MzIxNg==	7	11	-1	-1	-1	-1	-1	-1	-1	-1	-1	-1	-1	-1	-1	-1	-1	-1	-1	-1	-1	-1	-1	-1	-1	-1	-1	-1	-1	-1
XMTQzMTkwMjMyNA==	280	322	323	321	324	324	324	326	326	326	326	326	326	326	327	327	327	332	331	331	331	331	331	332	-1	-1	-1	-1	-1	-1
XMTQzMjAzODA2OA==	283	439	503	-1	-1	-1	-1	-1	-1	-1	-1	-1	-1	-1	-1	-1	-1	-1	-1	-1	-1	-1	-1	-1	-1	-1	-1	-1	-1	-1
XMTQzMjczNjU3Mg==	36	-1	-1	-1	-1	-1	-1	-1	-1	-1	-1	-1	-1	-1	-1	-1	-1	-1	-1	-1	-1	-1	-1	-1	-1	-1	-1	-1	-1	-1
XMTQzMjk3MjAwOA==	14	25	28	29	29	29	29	29	29	29	29	29	29	29	29	29	29	-1	-1	-1	-1	-1	-1	-1	-1	-1	-1	-1	-1	-1
XMTQzMjc0NjQxNg==	15	-1	-1	-1	-1	-1	-1	-1	-1	-1	-1	-1	-1	-1	-1	-1	-1	-1	-1	-1	-1	-1	-1	-1	-1	-1	-1	-1	-1	-1
XMTQzMjU0MTU0OA==	4841	4841	-1	-1	-1	-1	-1	-1	-1	-1	-1	-1	-1	-1	-1	-1	-1	-1	-1	-1	-1	-1	-1	-1	-1	-1	-1	-1	-1	-1
XMTQzMjczMDI0MA==	24	-1	-1	-1	-1	-1	-1	-1	-1	-1	-1	-1	-1	-1	-1	-1	-1	-1	-1	-1	-1	-1	-1	-1	-1	-1	-1	-1	-1	-1
XMTQzMTk2NzE4OA==	221	263	282	286	-1	-1	-1	-1	-1	-1	-1	-1	-1	-1	-1	-1	-1	-1	-1	-1	-1	-1	-1	-1	-1	-1	-1	-1	-1	-1
XMTQzMjk4NjYzNg==	4	8	8	9	9	9	9	11	11	11	11	11	11	11	11	11	11	11	11	11	11	11	-1	-1	-1	-1	-1	-1	-1	-1
XMTQzMjIxNjk0NA==	469	517	528	526	513	513	514	525	528	-1	-1	-1	-1	-1	-1	-1	-1	-1	-1	-1	-1	-1	-1	-1	-1	-1	-1	-1	-1	-1
XMTQzMjEzNTQ5Ng==	521	572	578	612	650	671	687	712	734	739	-1	-1	-1	-1	-1	-1	-1	-1	-1	-1	-1	-1	-1	-1	-1	-1	-1	-1	-1	-1
XMTQzMjQ0NjU5Ng==	28	34	-1	-1	-1	-1	-1	-1	-1	-1	-1	-1	-1	-1	-1	-1	-1	-1	-1	-1	-1	-1	-1	-1	-1	-1	-1	-1	-1	-1
XMTQzMzA2NDUwOA==	38	68	69	72	72	-1	-1	-1	-1	-1	-1	-1	-1	-1	-1	-1	-1	-1	-1	-1	-1	-1	-1	-1	-1	-1	-1	-1	-1	-1
XMTQzMjI3MjIzNg==	471	551	535	584	-1	-1	-1	-1	-1	-1	-1	-1	-1	-1	-1	-1	-1	-1	-1	-1	-1	-1	-1	-1	-1	-1	-1	-1	-1	-1
XMTQzMTQ2ODAyOA==	-1	-1	-1	-1	-1	-1	-1	-1	-1	-1	-1	-1	-1	-1	-1	-1	-1	-1	-1	-1	-1	-1	-1	-1	-1	-1	-1	-1	-1	-1
XMTQzMjgyMjk1Ng==	395	-1	-1	-1	-1	-1	-1	-1	-1	-1	-1	-1	-1	-1	-1	-1	-1	-1	-1	-1	-1	-1	-1	-1	-1	-1	-1	-1	-1	-1
XMTQzMjY2ODY0NA==	2789	3866	4445	-1	-1	-1	-1	-1	-1	-1	-1	-1	-1	-1	-1	-1	-1	-1	-1	-1	-1	-1	-1	-1	-1	-1	-1	-1	-1	-1
XMTQzMjgwMjUxNg==	177287	611240	-1	-1	-1	-1	-1	-1	-1	-1	-1	-1	-1	-1	-1	-1	-1	-1	-1	-1	-1	-1	-1	-1	-1	-1	-1	-1	-1	-1
XMTQzMjg3MjQ4OA==	23073	31742	-1	-1	-1	-1	-1	-1	-1	-1	-1	-1	-1	-1	-1	-1	-1	-1	-1	-1	-1	-1	-1	-1	-1	-1	-1	-1	-1	-1
XMTQzMTk1MTI0NA==	921	964	954	953	-1	-1	-1	-1	-1	-1	-1	-1	-1	-1	-1	-1	-1	-1	-1	-1	-1	-1	-1	-1	-1	-1	-1	-1	-1	-1
XMTQzMTg4ODQ0NA==	298	390	399	402	407	409	409	410	412	413	414	-1	-1	-1	-1	-1	-1	-1	-1	-1	-1	-1	-1	-1	-1	-1	-1	-1	-1	-1
XMTQzMjk0MjkwOA==	10	-1	-1	-1	-1	-1	-1	-1	-1	-1	-1	-1	-1	-1	-1	-1	-1	-1	-1	-1	-1	-1	-1	-1	-1	-1	-1	-1	-1	-1
XMTQzMjAwNjI0MA==	11	11	-1	-1	-1	-1	-1	-1	-1	-1	-1	-1	-1	-1	-1	-1	-1	-1	-1	-1	-1	-1	-1	-1	-1	-1	-1	-1	-1	-1
XMTQzMjM0ODM2NA==	64636	122357	-1	-1	-1	-1	-1	-1	-1	-1	-1	-1	-1	-1	-1	-1	-1	-1	-1	-1	-1	-1	-1	-1	-1	-1	-1	-1	-1	-1
XMTQzMjM3MDAyNA==	26	27	27	27	27	27	26	26	26	26	26	26	26	26	26	26	26	-1	-1	-1	-1	-1	-1	-1	-1	-1	-1	-1	-1	-1
XMTQzMjMzODM0OA==	1577	2872	3238	3259	3234	3252	3279	3315	3341	3360	3370	3385	3401	3422	3431	3443	3449	3453	3453	3457	3456	3457	3459	3460	3464	-1	-1	-1	-1	-1
XMTQzMjA4MDE0NA==	727	5081	9546	-1	-1	-1	-1	-1	-1	-1	-1	-1	-1	-1	-1	-1	-1	-1	-1	-1	-1	-1	-1	-1	-1	-1	-1	-1	-1	-1
XMTQzMjU4MzE4MA==	49	88	101	95	106	108	-1	-1	-1	-1	-1	-1	-1	-1	-1	-1	-1	-1	-1	-1	-1	-1	-1	-1	-1	-1	-1	-1	-1	-1
XMTQzMjM2MjkzNg==	7	8	9	8	8	8	8	8	-1	-1	-1	-1	-1	-1	-1	-1	-1	-1	-1	-1	-1	-1	-1	-1	-1	-1	-1	-1	-1	-1
XMTQzMjg1ODE0NA==	1208906	1236411	1236431	1036114	1036024	1036028	970671	-1	-1	-1	-1	-1	-1	-1	-1	-1	-1	-1	-1	-1	-1	-1	-1	-1	-1	-1	-1	-1	-1	-1
XMTQzMjEzNjgyMA==	1102	1342	1592	1671	1888	1983	2137	2263	2316	2365	2436	2478	2495	2500	2505	-1	-1	-1	-1	-1	-1	-1	-1	-1	-1	-1	-1	-1	-1	-1
XMTQzMjQ4Mzc3Mg==	5	6	6	4	4	4	4	4	4	4	-1	-1	-1	-1	-1	-1	-1	-1	-1	-1	-1	-1	-1	-1	-1	-1	-1	-1	-1	-1
XMTQzMTkzOTg5Ng==	206	220	-1	-1	-1	-1	-1	-1	-1	-1	-1	-1	-1	-1	-1	-1	-1	-1	-1	-1	-1	-1	-1	-1	-1	-1	-1	-1	-1	-1
XMTQzMjk3MTc3Ng==	4	11	16	15	14	14	14	17	17	17	17	17	17	17	17	17	17	17	17	17	17	17	18	18	-1	-1	-1	-1	-1	-1
XMTQzMjk0OTc2MA==	8	11	12	15	16	-1	-1	-1	-1	-1	-1	-1	-1	-1	-1	-1	-1	-1	-1	-1	-1	-1	-1	-1	-1	-1	-1	-1	-1	-1
XMTQzMjczMTg1Ng==	53	-1	-1	-1	-1	-1	-1	-1	-1	-1	-1	-1	-1	-1	-1	-1	-1	-1	-1	-1	-1	-1	-1	-1	-1	-1	-1	-1	-1	-1
XMTQzMjI5MDMyMA==	246	279	279	276	274	276	277	277	278	278	278	278	279	281	283	290	291	292	292	294	-1	-1	-1	-1	-1	-1	-1	-1	-1	-1
XMTQzMjQwNzgyOA==	85398	164858	-1	-1	-1	-1	-1	-1	-1	-1	-1	-1	-1	-1	-1	-1	-1	-1	-1	-1	-1	-1	-1	-1	-1	-1	-1	-1	-1	-1
XMTQzMTk5OTc4OA==	-1	-1	-1	-1	-1	-1	-1	-1	-1	-1	-1	-1	-1	-1	-1	-1	-1	-1	-1	-1	-1	-1	-1	-1	-1	-1	-1	-1	-1	-1
XMTQzMjEwMjYzNg==	4	4	4	4	4	6	10	10	10	-1	-1	-1	-1	-1	-1	-1	-1	-1	-1	-1	-1	-1	-1	-1	-1	-1	-1	-1	-1	-1
XMTQzMjg5NDM5Mg==	4	-1	-1	-1	-1	-1	-1	-1	-1	-1	-1	-1	-1	-1	-1	-1	-1	-1	-1	-1	-1	-1	-1	-1	-1	-1	-1	-1	-1	-1
XMTQzMjYzOTE0MA==	8	9	9	7	7	7	7	7	7	7	7	7	7	7	7	7	7	7	9	9	9	9	9	9	9	9	9	9	9	-1
XMTQzMjE2NjI0OA==	524	559	541	569	577	585	589	590	595	599	602	-1	-1	-1	-1	-1	-1	-1	-1	-1	-1	-1	-1	-1	-1	-1	-1	-1	-1	-1
XMTQzMzI1ODg5Ng==	5	5	-1	-1	-1	-1	-1	-1	-1	-1	-1	-1	-1	-1	-1	-1	-1	-1	-1	-1	-1	-1	-1	-1	-1	-1	-1	-1	-1	-1
XMTQzMjQ5OTEwNA==	1121	2226	-1	-1	-1	-1	-1	-1	-1	-1	-1	-1	-1	-1	-1	-1	-1	-1	-1	-1	-1	-1	-1	-1	-1	-1	-1	-1	-1	-1
XMTQzMjI1MTQ1Ng==	5	5	5	5	5	-1	-1	-1	-1	-1	-1	-1	-1	-1	-1	-1	-1	-1	-1	-1	-1	-1	-1	-1	-1	-1	-1	-1	-1	-1
XMTQzMjAwOTEwOA==	310	330	311	-1	-1	-1	-1	-1	-1	-1	-1	-1	-1	-1	-1	-1	-1	-1	-1	-1	-1	-1	-1	-1	-1	-1	-1	-1	-1	-1
XMTQzMTgzNTAxNg==	593	609	570	572	578	578	584	605	630	631	632	632	634	637	647	649	650	650	650	651	-1	-1	-1	-1	-1	-1	-1	-1	-1	-1
XMTQzMTkyMDQ2OA==	158	167	172	175	200	203	205	208	209	212	214	216	-1	-1	-1	-1	-1	-1	-1	-1	-1	-1	-1	-1	-1	-1	-1	-1	-1	-1
XMTQzMjIwNjI2MA==	172	182	199	222	229	-1	-1	-1	-1	-1	-1	-1	-1	-1	-1	-1	-1	-1	-1	-1	-1	-1	-1	-1	-1	-1	-1	-1	-1	-1
XMTQzMzE1OTkzMg==	1	6	6	7	7	7	7	7	7	7	7	7	-1	-1	-1	-1	-1	-1	-1	-1	-1	-1	-1	-1	-1	-1	-1	-1	-1	-1
XMTQzMjk4MTMyNA==	4	4	5	-1	-1	-1	-1	-1	-1	-1	-1	-1	-1	-1	-1	-1	-1	-1	-1	-1	-1	-1	-1	-1	-1	-1	-1	-1	-1	-1
XMTQzMjM0NDIxNg==	57	63	62	75	80	81	83	83	83	86	86	86	87	-1	-1	-1	-1	-1	-1	-1	-1	-1	-1	-1	-1	-1	-1	-1	-1	-1
XMTQzMjY3MjMwOA==	162	527	631	682	744	787	826	880	921	947	959	983	1004	1027	1057	1084	1110	1144	1172	-1	-1	-1	-1	-1	-1	-1	-1	-1	-1	-1
XMTQzMTgzNzEwMA==	375	581	837	869	873	893	896	-1	-1	-1	-1	-1	-1	-1	-1	-1	-1	-1	-1	-1	-1	-1	-1	-1	-1	-1	-1	-1	-1	-1
XMTQzMjk0OTIwOA==	10	18	18	15	-1	-1	-1	-1	-1	-1	-1	-1	-1	-1	-1	-1	-1	-1	-1	-1	-1	-1	-1	-1	-1	-1	-1	-1	-1	-1
XMTQzMjc1ODk4NA==	37	58	-1	-1	-1	-1	-1	-1	-1	-1	-1	-1	-1	-1	-1	-1	-1	-1	-1	-1	-1	-1	-1	-1	-1	-1	-1	-1	-1	-1
XMTQzMjc3NTg5Mg==	91	-1	-1	-1	-1	-1	-1	-1	-1	-1	-1	-1	-1	-1	-1	-1	-1	-1	-1	-1	-1	-1	-1	-1	-1	-1	-1	-1	-1	-1
XMTQzMjkwNjEyOA==	120	130	135	-1	-1	-1	-1	-1	-1	-1	-1	-1	-1	-1	-1	-1	-1	-1	-1	-1	-1	-1	-1	-1	-1	-1	-1	-1	-1	-1
XMTQzMjgwMDgwNA==	29	-1	-1	-1	-1	-1	-1	-1	-1	-1	-1	-1	-1	-1	-1	-1	-1	-1	-1	-1	-1	-1	-1	-1	-1	-1	-1	-1	-1	-1
XMTQzMjM5MTM3Mg==	61	90	152	171	185	194	195	195	196	198	-1	-1	-1	-1	-1	-1	-1	-1	-1	-1	-1	-1	-1	-1	-1	-1	-1	-1	-1	-1
XMTQzMjQyMTA2OA==	82	108	114	114	116	127	134	137	139	140	-1	-1	-1	-1	-1	-1	-1	-1	-1	-1	-1	-1	-1	-1	-1	-1	-1	-1	-1	-1
XMTQzMjA2MjQ0OA==	201	321	-1	-1	-1	-1	-1	-1	-1	-1	-1	-1	-1	-1	-1	-1	-1	-1	-1	-1	-1	-1	-1	-1	-1	-1	-1	-1	-1	-1
XMTQzMjMwMzIzMg==	91687	-1	-1	-1	-1	-1	-1	-1	-1	-1	-1	-1	-1	-1	-1	-1	-1	-1	-1	-1	-1	-1	-1	-1	-1	-1	-1	-1	-1	-1
XMTQzMjczNzI0NA==	155	-1	-1	-1	-1	-1	-1	-1	-1	-1	-1	-1	-1	-1	-1	-1	-1	-1	-1	-1	-1	-1	-1	-1	-1	-1	-1	-1	-1	-1
XMTQzMTk5ODU4MA==	8	-1	-1	-1	-1	-1	-1	-1	-1	-1	-1	-1	-1	-1	-1	-1	-1	-1	-1	-1	-1	-1	-1	-1	-1	-1	-1	-1	-1	-1
XMTQzMTk2MDc5Ng==	272	289	277	280	-1	-1	-1	-1	-1	-1	-1	-1	-1	-1	-1	-1	-1	-1	-1	-1	-1	-1	-1	-1	-1	-1	-1	-1	-1	-1
XMTQzMTk0ODIwNA==	132	197	231	285	-1	-1	-1	-1	-1	-1	-1	-1	-1	-1	-1	-1	-1	-1	-1	-1	-1	-1	-1	-1	-1	-1	-1	-1	-1	-1
XMTQzMjYyMzcwMA==	-1	-1	-1	-1	-1	-1	-1	-1	-1	-1	-1	-1	-1	-1	-1	-1	-1	-1	-1	-1	-1	-1	-1	-1	-1	-1	-1	-1	-1	-1
XMTQzMjc2NTE1Mg==	17	-1	-1	-1	-1	-1	-1	-1	-1	-1	-1	-1	-1	-1	-1	-1	-1	-1	-1	-1	-1	-1	-1	-1	-1	-1	-1	-1	-1	-1
XMTQzMjk0Mzc3Ng==	1	3	3	3	3	3	3	3	3	3	3	3	3	3	-1	-1	-1	-1	-1	-1	-1	-1	-1	-1	-1	-1	-1	-1	-1	-1
XMTQzMjQwMjQ1Ng==	10	11	13	13	13	13	13	-1	-1	-1	-1	-1	-1	-1	-1	-1	-1	-1	-1	-1	-1	-1	-1	-1	-1	-1	-1	-1	-1	-1
XMTQzMjkzOTcxNg==	22	-1	-1	-1	-1	-1	-1	-1	-1	-1	-1	-1	-1	-1	-1	-1	-1	-1	-1	-1	-1	-1	-1	-1	-1	-1	-1	-1	-1	-1
XMTQzMjU2NDMyOA==	8	10	11	11	11	12	13	13	13	14	-1	-1	-1	-1	-1	-1	-1	-1	-1	-1	-1	-1	-1	-1	-1	-1	-1	-1	-1	-1
XMTQzMjc2ODQ4OA==	28	-1	-1	-1	-1	-1	-1	-1	-1	-1	-1	-1	-1	-1	-1	-1	-1	-1	-1	-1	-1	-1	-1	-1	-1	-1	-1	-1	-1	-1
XMTQzMjI1NzU1Ng==	25	54	71	86	89	89	89	89	89	-1	-1	-1	-1	-1	-1	-1	-1	-1	-1	-1	-1	-1	-1	-1	-1	-1	-1	-1	-1	-1
XMTQzMjcyNTM1Ng==	87	-1	-1	-1	-1	-1	-1	-1	-1	-1	-1	-1	-1	-1	-1	-1	-1	-1	-1	-1	-1	-1	-1	-1	-1	-1	-1	-1	-1	-1
XMTQzMjMyNjU2OA==	89406	165964	-1	-1	-1	-1	-1	-1	-1	-1	-1	-1	-1	-1	-1	-1	-1	-1	-1	-1	-1	-1	-1	-1	-1	-1	-1	-1	-1	-1
XMTQzMjEyMzUzNg==	41	44	-1	-1	-1	-1	-1	-1	-1	-1	-1	-1	-1	-1	-1	-1	-1	-1	-1	-1	-1	-1	-1	-1	-1	-1	-1	-1	-1	-1
XMTQzMjk0NDkwOA==	1	4	5	6	-1	-1	-1	-1	-1	-1	-1	-1	-1	-1	-1	-1	-1	-1	-1	-1	-1	-1	-1	-1	-1	-1	-1	-1	-1	-1
XMTQzMjM0Mzk3Ng==	50024	501164	-1	-1	-1	-1	-1	-1	-1	-1	-1	-1	-1	-1	-1	-1	-1	-1	-1	-1	-1	-1	-1	-1	-1	-1	-1	-1	-1	-1
XMTQzMjc2OTQ0NA==	32	-1	-1	-1	-1	-1	-1	-1	-1	-1	-1	-1	-1	-1	-1	-1	-1	-1	-1	-1	-1	-1	-1	-1	-1	-1	-1	-1	-1	-1
XMTQzMTkzNTE2MA==	12	12	-1	-1	-1	-1	-1	-1	-1	-1	-1	-1	-1	-1	-1	-1	-1	-1	-1	-1	-1	-1	-1	-1	-1	-1	-1	-1	-1	-1
XMTQzMjE2NDU3Mg==	210	218	212	210	218	219	220	219	222	222	222	-1	-1	-1	-1	-1	-1	-1	-1	-1	-1	-1	-1	-1	-1	-1	-1	-1	-1	-1
XMTQzMTk2OTczNg==	291	335	356	386	-1	-1	-1	-1	-1	-1	-1	-1	-1	-1	-1	-1	-1	-1	-1	-1	-1	-1	-1	-1	-1	-1	-1	-1	-1	-1
XMTQzMTgxOTY5Ng==	773	868	893	928	970	993	1022	1054	1089	1104	-1	-1	-1	-1	-1	-1	-1	-1	-1	-1	-1	-1	-1	-1	-1	-1	-1	-1	-1	-1
XMTQzMjgzMTMyNA==	35	-1	-1	-1	-1	-1	-1	-1	-1	-1	-1	-1	-1	-1	-1	-1	-1	-1	-1	-1	-1	-1	-1	-1	-1	-1	-1	-1	-1	-1
XMTQzMjg2MDA5Ng==	157	-1	-1	-1	-1	-1	-1	-1	-1	-1	-1	-1	-1	-1	-1	-1	-1	-1	-1	-1	-1	-1	-1	-1	-1	-1	-1	-1	-1	-1
XMTQzMjUxNjA0NA==	3	6	7	11	11	14	14	22	23	23	23	23	-1	-1	-1	-1	-1	-1	-1	-1	-1	-1	-1	-1	-1	-1	-1	-1	-1	-1
XMTQzMjg0NjkxNg==	7	-1	-1	-1	-1	-1	-1	-1	-1	-1	-1	-1	-1	-1	-1	-1	-1	-1	-1	-1	-1	-1	-1	-1	-1	-1	-1	-1	-1	-1
XMTQzMTgyOTkwOA==	1590	2233	2475	2687	2960	3214	3543	3849	4154	4270	-1	-1	-1	-1	-1	-1	-1	-1	-1	-1	-1	-1	-1	-1	-1	-1	-1	-1	-1	-1
XMTQzMjQ2NDYzNg==	114	175	178	174	175	178	179	179	179	179	-1	-1	-1	-1	-1	-1	-1	-1	-1	-1	-1	-1	-1	-1	-1	-1	-1	-1	-1	-1
XMTQzMjIxMzUwNA==	4	5	5	5	5	5	5	5	5	5	5	5	5	5	5	5	5	5	6	7	7	7	7	7	-1	-1	-1	-1	-1	-1
XMTQzMjczNjIxMg==	95	-1	-1	-1	-1	-1	-1	-1	-1	-1	-1	-1	-1	-1	-1	-1	-1	-1	-1	-1	-1	-1	-1	-1	-1	-1	-1	-1	-1	-1
XMTQzMTk0MzM2NA==	7	10	-1	-1	-1	-1	-1	-1	-1	-1	-1	-1	-1	-1	-1	-1	-1	-1	-1	-1	-1	-1	-1	-1	-1	-1	-1	-1	-1	-1
XMTQzMjY3NzAxMg==	54	181	218	233	249	261	269	279	285	287	292	296	297	297	297	301	302	303	305	-1	-1	-1	-1	-1	-1	-1	-1	-1	-1	-1
XMTQzMTg3NDg4NA==	321	357	383	393	401	407	414	423	427	431	434	434	509	525	573	581	594	598	599	604	-1	-1	-1	-1	-1	-1	-1	-1	-1	-1
XMTQzMjk0NzgxMg==	5	7	8	11	-1	-1	-1	-1	-1	-1	-1	-1	-1	-1	-1	-1	-1	-1	-1	-1	-1	-1	-1	-1	-1	-1	-1	-1	-1	-1
XMTQzMjc3MDIxMg==	16	-1	-1	-1	-1	-1	-1	-1	-1	-1	-1	-1	-1	-1	-1	-1	-1	-1	-1	-1	-1	-1	-1	-1	-1	-1	-1	-1	-1	-1
XMTQzMjQ0NDYwOA==	7	10	-1	-1	-1	-1	-1	-1	-1	-1	-1	-1	-1	-1	-1	-1	-1	-1	-1	-1	-1	-1	-1	-1	-1	-1	-1	-1	-1	-1
XMTQzMjg3NjQ3Mg==	10	-1	-1	-1	-1	-1	-1	-1	-1	-1	-1	-1	-1	-1	-1	-1	-1	-1	-1	-1	-1	-1	-1	-1	-1	-1	-1	-1	-1	-1
XMTQzMjg5MzU4OA==	2340404	2916166	2916234	-1	-1	-1	-1	-1	-1	-1	-1	-1	-1	-1	-1	-1	-1	-1	-1	-1	-1	-1	-1	-1	-1	-1	-1	-1	-1	-1
XMTQzMTk3ODAzNg==	145	155	150	149	152	156	157	160	165	166	168	172	173	173	173	176	177	178	178	181	182	182	182	183	-1	-1	-1	-1	-1	-1
XMTQzMTY1ODIxNg==	133	152	156	160	161	161	163	165	167	168	173	174	175	-1	-1	-1	-1	-1	-1	-1	-1	-1	-1	-1	-1	-1	-1	-1	-1	-1
XMTQzMjE2NTA2NA==	1769	1945	2080	2200	2330	2428	2513	2578	2636	2708	2757	-1	-1	-1	-1	-1	-1	-1	-1	-1	-1	-1	-1	-1	-1	-1	-1	-1	-1	-1
XMTQzMTU0NTQxMg==	97	137	-1	-1	-1	-1	-1	-1	-1	-1	-1	-1	-1	-1	-1	-1	-1	-1	-1	-1	-1	-1	-1	-1	-1	-1	-1	-1	-1	-1
XMTQzMjE1MTA2OA==	286	322	319	328	-1	-1	-1	-1	-1	-1	-1	-1	-1	-1	-1	-1	-1	-1	-1	-1	-1	-1	-1	-1	-1	-1	-1	-1	-1	-1
XMTQzMjQ3Nzk4OA==	7	8	8	5	5	5	5	5	5	5	-1	-1	-1	-1	-1	-1	-1	-1	-1	-1	-1	-1	-1	-1	-1	-1	-1	-1	-1	-1
XMTQzMjE2NTA2OA==	385	405	403	404	408	411	411	413	415	416	420	-1	-1	-1	-1	-1	-1	-1	-1	-1	-1	-1	-1	-1	-1	-1	-1	-1	-1	-1
XMTQzMzAwODE5Ng==	5	-1	-1	-1	-1	-1	-1	-1	-1	-1	-1	-1	-1	-1	-1	-1	-1	-1	-1	-1	-1	-1	-1	-1	-1	-1	-1	-1	-1	-1
XMTQzMjE2MzkwMA==	171	186	186	188	190	192	200	205	207	213	215	-1	-1	-1	-1	-1	-1	-1	-1	-1	-1	-1	-1	-1	-1	-1	-1	-1	-1	-1
XMTQzMzA3MDI4OA==	12	26	30	34	35	36	36	-1	-1	-1	-1	-1	-1	-1	-1	-1	-1	-1	-1	-1	-1	-1	-1	-1	-1	-1	-1	-1	-1	-1
XMTQzMTk2NzI1Mg==	166	180	172	172	-1	-1	-1	-1	-1	-1	-1	-1	-1	-1	-1	-1	-1	-1	-1	-1	-1	-1	-1	-1	-1	-1	-1	-1	-1	-1
XMTQzMzAyMzEyMA==	39	82	88	-1	-1	-1	-1	-1	-1	-1	-1	-1	-1	-1	-1	-1	-1	-1	-1	-1	-1	-1	-1	-1	-1	-1	-1	-1	-1	-1
XMTQzMjI2MTE3Ng==	1217	1597	1761	1870	1879	1888	1892	1913	1919	1930	1928	1946	1953	1977	2000	2015	2023	2005	2010	2016	2019	2029	2027	2030	2031	-1	-1	-1	-1	-1
XMTQzMjgyNTk1Mg==	21	-1	-1	-1	-1	-1	-1	-1	-1	-1	-1	-1	-1	-1	-1	-1	-1	-1	-1	-1	-1	-1	-1	-1	-1	-1	-1	-1	-1	-1
XMTQzMjkyODQ4OA==	4	-1	-1	-1	-1	-1	-1	-1	-1	-1	-1	-1	-1	-1	-1	-1	-1	-1	-1	-1	-1	-1	-1	-1	-1	-1	-1	-1	-1	-1
XMTQzMTYzNDczMg==	714	-1	-1	-1	-1	-1	-1	-1	-1	-1	-1	-1	-1	-1	-1	-1	-1	-1	-1	-1	-1	-1	-1	-1	-1	-1	-1	-1	-1	-1
XMTQzMTg4OTQzMg==	20	22	-1	-1	-1	-1	-1	-1	-1	-1	-1	-1	-1	-1	-1	-1	-1	-1	-1	-1	-1	-1	-1	-1	-1	-1	-1	-1	-1	-1
XMTQzMjc5ODgyOA==	39	-1	-1	-1	-1	-1	-1	-1	-1	-1	-1	-1	-1	-1	-1	-1	-1	-1	-1	-1	-1	-1	-1	-1	-1	-1	-1	-1	-1	-1
XMTQzMTgxOTkzMg==	503	601	628	642	661	695	725	775	799	833	857	869	880	899	911	934	947	960	976	995	-1	-1	-1	-1	-1	-1	-1	-1	-1	-1
XMTQzMjA2NDIyOA==	1	2	2	4	5	10	15	19	23	-1	-1	-1	-1	-1	-1	-1	-1	-1	-1	-1	-1	-1	-1	-1	-1	-1	-1	-1	-1	-1
XMTQzMjIyOTcyNA==	8852	13211	13213	13690	15948	15948	18	18	-1	-1	-1	-1	-1	-1	-1	-1	-1	-1	-1	-1	-1	-1	-1	-1	-1	-1	-1	-1	-1	-1
XMTQzMjEzMzg0MA==	61	69	-1	-1	-1	-1	-1	-1	-1	-1	-1	-1	-1	-1	-1	-1	-1	-1	-1	-1	-1	-1	-1	-1	-1	-1	-1	-1	-1	-1
XMTQzMjc0MDQ4MA==	443	-1	-1	-1	-1	-1	-1	-1	-1	-1	-1	-1	-1	-1	-1	-1	-1	-1	-1	-1	-1	-1	-1	-1	-1	-1	-1	-1	-1	-1
XMTQzMjI5NjQ4MA==	8459	12780	12783	13759	15953	15953	16	16	-1	-1	-1	-1	-1	-1	-1	-1	-1	-1	-1	-1	-1	-1	-1	-1	-1	-1	-1	-1	-1	-1
XMTQzMTk5MDMzNg==	633	1092	1447	1592	1673	1780	1833	1890	1938	1985	1999	2026	2050	2073	2093	2105	2127	-1	-1	-1	-1	-1	-1	-1	-1	-1	-1	-1	-1	-1
XMTQzMTU2NDk0NA==	2	-1	-1	-1	-1	-1	-1	-1	-1	-1	-1	-1	-1	-1	-1	-1	-1	-1	-1	-1	-1	-1	-1	-1	-1	-1	-1	-1	-1	-1
XMTQzMjk3MTYyNA==	103	-1	-1	-1	-1	-1	-1	-1	-1	-1	-1	-1	-1	-1	-1	-1	-1	-1	-1	-1	-1	-1	-1	-1	-1	-1	-1	-1	-1	-1
XMTQzMjc3NzI2OA==	27	-1	-1	-1	-1	-1	-1	-1	-1	-1	-1	-1	-1	-1	-1	-1	-1	-1	-1	-1	-1	-1	-1	-1	-1	-1	-1	-1	-1	-1
XMTQzMjc4Mzk3Ng==	20	-1	-1	-1	-1	-1	-1	-1	-1	-1	-1	-1	-1	-1	-1	-1	-1	-1	-1	-1	-1	-1	-1	-1	-1	-1	-1	-1	-1	-1
XMTQzMjQxOTA3Ng==	48	57	61	61	62	64	66	67	67	67	67	67	67	-1	-1	-1	-1	-1	-1	-1	-1	-1	-1	-1	-1	-1	-1	-1	-1	-1
XMTQzMTk2MTA2NA==	25	26	28	28	-1	-1	-1	-1	-1	-1	-1	-1	-1	-1	-1	-1	-1	-1	-1	-1	-1	-1	-1	-1	-1	-1	-1	-1	-1	-1
XMTQzMjE0MTg5Mg==	181	187	-1	-1	-1	-1	-1	-1	-1	-1	-1	-1	-1	-1	-1	-1	-1	-1	-1	-1	-1	-1	-1	-1	-1	-1	-1	-1	-1	-1
XMTQzMTUyMjk0MA==	5	5	5	5	8	10	10	10	10	15	18	18	18	19	19	19	19	19	19	19	20	20	-1	-1	-1	-1	-1	-1	-1	-1
XMTQzMjc0Mjk0OA==	58	-1	-1	-1	-1	-1	-1	-1	-1	-1	-1	-1	-1	-1	-1	-1	-1	-1	-1	-1	-1	-1	-1	-1	-1	-1	-1	-1	-1	-1
XMTQzMzIxOTc1Ng==	2258	13929	16558	22310	24649	28128	35056	49633	-1	-1	-1	-1	-1	-1	-1	-1	-1	-1	-1	-1	-1	-1	-1	-1	-1	-1	-1	-1	-1	-1
XMTQzMzA2NjI4MA==	3	3	3	-1	-1	-1	-1	-1	-1	-1	-1	-1	-1	-1	-1	-1	-1	-1	-1	-1	-1	-1	-1	-1	-1	-1	-1	-1	-1	-1
XMTQzMjI3NDI4OA==	254	281	-1	-1	-1	-1	-1	-1	-1	-1	-1	-1	-1	-1	-1	-1	-1	-1	-1	-1	-1	-1	-1	-1	-1	-1	-1	-1	-1	-1
XMTQzMjA0NTk5Ng==	563	606	-1	-1	-1	-1	-1	-1	-1	-1	-1	-1	-1	-1	-1	-1	-1	-1	-1	-1	-1	-1	-1	-1	-1	-1	-1	-1	-1	-1
XMTQzMjUzODY4OA==	-1	-1	-1	-1	-1	-1	-1	-1	-1	-1	-1	-1	-1	-1	-1	-1	-1	-1	-1	-1	-1	-1	-1	-1	-1	-1	-1	-1	-1	-1
XMTQzMjA5NTQ4NA==	146	343	1273	1634	2036	3131	4177	5377	5656	5856	6237	6493	6518	6563	6573	-1	-1	-1	-1	-1	-1	-1	-1	-1	-1	-1	-1	-1	-1	-1
XMTQzMjY3OTk3Mg==	2529	2529	-1	-1	-1	-1	-1	-1	-1	-1	-1	-1	-1	-1	-1	-1	-1	-1	-1	-1	-1	-1	-1	-1	-1	-1	-1	-1	-1	-1
XMTQzMjU1NDE4NA==	4	4	-1	-1	-1	-1	-1	-1	-1	-1	-1	-1	-1	-1	-1	-1	-1	-1	-1	-1	-1	-1	-1	-1	-1	-1	-1	-1	-1	-1
XMTQzMjQzNjM4OA==	86	88	-1	-1	-1	-1	-1	-1	-1	-1	-1	-1	-1	-1	-1	-1	-1	-1	-1	-1	-1	-1	-1	-1	-1	-1	-1	-1	-1	-1
XMTQzMjY3NDUyMA==	7257	7259	-1	-1	-1	-1	-1	-1	-1	-1	-1	-1	-1	-1	-1	-1	-1	-1	-1	-1	-1	-1	-1	-1	-1	-1	-1	-1	-1	-1
XMTQzMTg2MzI2NA==	460	637	665	682	692	705	712	720	727	729	732	734	-1	-1	-1	-1	-1	-1	-1	-1	-1	-1	-1	-1	-1	-1	-1	-1	-1	-1
XMTQzMjc2NDA0MA==	5	7	7	6	6	6	6	6	6	6	7	7	7	7	7	7	7	7	8	10	10	-1	-1	-1	-1	-1	-1	-1	-1	-1
XMTQzMjA3NTYyNA==	8	15	15	15	14	17	23	25	26	-1	-1	-1	-1	-1	-1	-1	-1	-1	-1	-1	-1	-1	-1	-1	-1	-1	-1	-1	-1	-1
XMTQzMjczMTYwOA==	119	-1	-1	-1	-1	-1	-1	-1	-1	-1	-1	-1	-1	-1	-1	-1	-1	-1	-1	-1	-1	-1	-1	-1	-1	-1	-1	-1	-1	-1
XMTQzMjkwODQwMA==	22	30	34	37	38	40	40	40	40	40	43	44	-1	-1	-1	-1	-1	-1	-1	-1	-1	-1	-1	-1	-1	-1	-1	-1	-1	-1
XMTQzMzIyNTcyMA==	3	4	4	5	5	-1	-1	-1	-1	-1	-1	-1	-1	-1	-1	-1	-1	-1	-1	-1	-1	-1	-1	-1	-1	-1	-1	-1	-1	-1
XMTQzMjczOTAzMg==	284	-1	-1	-1	-1	-1	-1	-1	-1	-1	-1	-1	-1	-1	-1	-1	-1	-1	-1	-1	-1	-1	-1	-1	-1	-1	-1	-1	-1	-1
XMTQzMjIyNTIzMg==	19	20	-1	-1	-1	-1	-1	-1	-1	-1	-1	-1	-1	-1	-1	-1	-1	-1	-1	-1	-1	-1	-1	-1	-1	-1	-1	-1	-1	-1
XMTQzMTk1MzgwOA==	334	354	341	350	-1	-1	-1	-1	-1	-1	-1	-1	-1	-1	-1	-1	-1	-1	-1	-1	-1	-1	-1	-1	-1	-1	-1	-1	-1	-1
XMTQzMjY1ODI4MA==	14	23	24	24	24	25	36	36	41	41	44	44	44	44	44	47	47	47	47	49	49	49	49	49	49	49	49	-1	-1	-1
XMTQzMjYzNzQ4OA==	73	106	112	117	117	118	119	120	133	133	134	135	-1	-1	-1	-1	-1	-1	-1	-1	-1	-1	-1	-1	-1	-1	-1	-1	-1	-1
XMTQzMjM5NDQ0NA==	40	50	68	70	69	68	68	68	68	68	68	68	68	68	68	68	73	-1	-1	-1	-1	-1	-1	-1	-1	-1	-1	-1	-1	-1
XMTQzMjY3NDA0NA==	869	1027	1103	-1	-1	-1	-1	-1	-1	-1	-1	-1	-1	-1	-1	-1	-1	-1	-1	-1	-1	-1	-1	-1	-1	-1	-1	-1	-1	-1
XMTQzMjM4MTk4MA==	86356	166355	-1	-1	-1	-1	-1	-1	-1	-1	-1	-1	-1	-1	-1	-1	-1	-1	-1	-1	-1	-1	-1	-1	-1	-1	-1	-1	-1	-1
XMTQzMjc0NDkxNg==	7	-1	-1	-1	-1	-1	-1	-1	-1	-1	-1	-1	-1	-1	-1	-1	-1	-1	-1	-1	-1	-1	-1	-1	-1	-1	-1	-1	-1	-1
XMTQzMjQ2MDExMg==	59	-1	-1	-1	-1	-1	-1	-1	-1	-1	-1	-1	-1	-1	-1	-1	-1	-1	-1	-1	-1	-1	-1	-1	-1	-1	-1	-1	-1	-1
XMTQzMjMyMDQ3Mg==	34	36	37	37	36	36	-1	-1	-1	-1	-1	-1	-1	-1	-1	-1	-1	-1	-1	-1	-1	-1	-1	-1	-1	-1	-1	-1	-1	-1
XMTQzMjE4MzI0OA==	55	-1	-1	-1	-1	-1	-1	-1	-1	-1	-1	-1	-1	-1	-1	-1	-1	-1	-1	-1	-1	-1	-1	-1	-1	-1	-1	-1	-1	-1
XMTQzMjA3MzgzMg==	4	-1	-1	-1	-1	-1	-1	-1	-1	-1	-1	-1	-1	-1	-1	-1	-1	-1	-1	-1	-1	-1	-1	-1	-1	-1	-1	-1	-1	-1
XMTQzMjc1NjcwOA==	14	-1	-1	-1	-1	-1	-1	-1	-1	-1	-1	-1	-1	-1	-1	-1	-1	-1	-1	-1	-1	-1	-1	-1	-1	-1	-1	-1	-1	-1
XMTQzMjI2MjA4MA==	92	123	142	150	153	154	155	160	162	162	164	166	167	169	170	172	173	172	-1	-1	-1	-1	-1	-1	-1	-1	-1	-1	-1	-1
XMTQzMjYzMjgyOA==	363	419	513	522	543	551	550	-1	-1	-1	-1	-1	-1	-1	-1	-1	-1	-1	-1	-1	-1	-1	-1	-1	-1	-1	-1	-1	-1	-1
XMTQzMjY0Njk5Ng==	5	5	6	4	4	4	4	4	4	4	4	4	4	4	4	4	4	4	4	4	4	4	4	4	4	4	-1	-1	-1	-1
XMTQzMjg2MDY0MA==	22	-1	-1	-1	-1	-1	-1	-1	-1	-1	-1	-1	-1	-1	-1	-1	-1	-1	-1	-1	-1	-1	-1	-1	-1	-1	-1	-1	-1	-1
XMTQzMjczNzg3Mg==	15	-1	-1	-1	-1	-1	-1	-1	-1	-1	-1	-1	-1	-1	-1	-1	-1	-1	-1	-1	-1	-1	-1	-1	-1	-1	-1	-1	-1	-1
XMTQzMjM2NDQ4NA==	64	97	166	166	-1	-1	-1	-1	-1	-1	-1	-1	-1	-1	-1	-1	-1	-1	-1	-1	-1	-1	-1	-1	-1	-1	-1	-1	-1	-1
XMTQzMzA5Nzc0NA==	4	5	6	-1	-1	-1	-1	-1	-1	-1	-1	-1	-1	-1	-1	-1	-1	-1	-1	-1	-1	-1	-1	-1	-1	-1	-1	-1	-1	-1
XMTQzMjE0Mjk2OA==	563	688	-1	-1	-1	-1	-1	-1	-1	-1	-1	-1	-1	-1	-1	-1	-1	-1	-1	-1	-1	-1	-1	-1	-1	-1	-1	-1	-1	-1
XMTQzMjc3Mjc3Ng==	37	-1	-1	-1	-1	-1	-1	-1	-1	-1	-1	-1	-1	-1	-1	-1	-1	-1	-1	-1	-1	-1	-1	-1	-1	-1	-1	-1	-1	-1
XMTQzMTY2NjkwNA==	-1	-1	-1	-1	-1	-1	-1	-1	-1	-1	-1	-1	-1	-1	-1	-1	-1	-1	-1	-1	-1	-1	-1	-1	-1	-1	-1	-1	-1	-1
XMTQzMTg3MzI4OA==	187	227	241	259	273	278	294	309	317	321	-1	-1	-1	-1	-1	-1	-1	-1	-1	-1	-1	-1	-1	-1	-1	-1	-1	-1	-1	-1
XMTQzMjEwNzA2OA==	78	140	162	167	187	203	207	209	213	216	218	221	-1	-1	-1	-1	-1	-1	-1	-1	-1	-1	-1	-1	-1	-1	-1	-1	-1	-1
XMTQzMTk4MjIzMg==	128	138	140	147	151	157	159	161	162	163	163	164	167	169	-1	-1	-1	-1	-1	-1	-1	-1	-1	-1	-1	-1	-1	-1	-1	-1
XMTQzMjM5NzY2NA==	20	21	20	20	20	20	20	20	20	20	20	20	20	21	21	21	21	21	21	21	21	21	21	-1	-1	-1	-1	-1	-1	-1
XMTQzMjc0ODU1Mg==	9	-1	-1	-1	-1	-1	-1	-1	-1	-1	-1	-1	-1	-1	-1	-1	-1	-1	-1	-1	-1	-1	-1	-1	-1	-1	-1	-1	-1	-1
XMTQzMjMwNjE5Ng==	4607	11431	20052	24389	17409	22356	29670	-1	-1	-1	-1	-1	-1	-1	-1	-1	-1	-1	-1	-1	-1	-1	-1	-1	-1	-1	-1	-1	-1	-1
XMTQzMTY3MTg0OA==	722	724	688	674	674	676	676	676	674	674	674	674	-1	-1	-1	-1	-1	-1	-1	-1	-1	-1	-1	-1	-1	-1	-1	-1	-1	-1
XMTQzMjgyMTAyOA==	1309	1936	1942	1784	-1	-1	-1	-1	-1	-1	-1	-1	-1	-1	-1	-1	-1	-1	-1	-1	-1	-1	-1	-1	-1	-1	-1	-1	-1	-1
XMTQzMjM4NjQ3Mg==	27	35	39	42	42	41	41	41	42	42	43	43	43	44	45	45	47	-1	-1	-1	-1	-1	-1	-1	-1	-1	-1	-1	-1	-1
XMTQzMjgxNjQ2MA==	14	-1	-1	-1	-1	-1	-1	-1	-1	-1	-1	-1	-1	-1	-1	-1	-1	-1	-1	-1	-1	-1	-1	-1	-1	-1	-1	-1	-1	-1
XMTQzMjM5NzIzNg==	12	15	18	25	-1	-1	-1	-1	-1	-1	-1	-1	-1	-1	-1	-1	-1	-1	-1	-1	-1	-1	-1	-1	-1	-1	-1	-1	-1	-1
XMTQzMTU1MjI2OA==	476	558	-1	-1	-1	-1	-1	-1	-1	-1	-1	-1	-1	-1	-1	-1	-1	-1	-1	-1	-1	-1	-1	-1	-1	-1	-1	-1	-1	-1
XMTQzMjY1NTU0MA==	4478	6645	6960	6825	6847	6897	6969	7033	7068	-1	-1	-1	-1	-1	-1	-1	-1	-1	-1	-1	-1	-1	-1	-1	-1	-1	-1	-1	-1	-1
XMTQzMjkxNjU0OA==	17	-1	-1	-1	-1	-1	-1	-1	-1	-1	-1	-1	-1	-1	-1	-1	-1	-1	-1	-1	-1	-1	-1	-1	-1	-1	-1	-1	-1	-1
XMTQzMjE0MDcyNA==	340	391	389	380	378	378	378	-1	-1	-1	-1	-1	-1	-1	-1	-1	-1	-1	-1	-1	-1	-1	-1	-1	-1	-1	-1	-1	-1	-1
XMTQzMjkzNDU0NA==	25	35	39	62	102	112	119	124	131	148	162	169	194	202	202	210	210	210	210	218	221	222	222	222	222	-1	-1	-1	-1	-1
XMTQzMjc5NDQzMg==	145	-1	-1	-1	-1	-1	-1	-1	-1	-1	-1	-1	-1	-1	-1	-1	-1	-1	-1	-1	-1	-1	-1	-1	-1	-1	-1	-1	-1	-1
XMTQzMjg3OTk2MA==	14	-1	-1	-1	-1	-1	-1	-1	-1	-1	-1	-1	-1	-1	-1	-1	-1	-1	-1	-1	-1	-1	-1	-1	-1	-1	-1	-1	-1	-1
XMTQzMTk3NDQwOA==	857	1008	1087	1143	1203	1251	1319	1398	1447	1500	1532	-1	-1	-1	-1	-1	-1	-1	-1	-1	-1	-1	-1	-1	-1	-1	-1	-1	-1	-1
XMTQzMjQyMjMyOA==	36	44	44	41	41	43	43	43	43	43	-1	-1	-1	-1	-1	-1	-1	-1	-1	-1	-1	-1	-1	-1	-1	-1	-1	-1	-1	-1
XMTQzMjI3OTg4OA==	1133	1216	1181	1188	1201	-1	-1	-1	-1	-1	-1	-1	-1	-1	-1	-1	-1	-1	-1	-1	-1	-1	-1	-1	-1	-1	-1	-1	-1	-1
XMTQzMjEzNzgwMA==	62436	116047	154742	100389	44506	-1	-1	-1	-1	-1	-1	-1	-1	-1	-1	-1	-1	-1	-1	-1	-1	-1	-1	-1	-1	-1	-1	-1	-1	-1
XMTQzMjc0MTE4NA==	464	-1	-1	-1	-1	-1	-1	-1	-1	-1	-1	-1	-1	-1	-1	-1	-1	-1	-1	-1	-1	-1	-1	-1	-1	-1	-1	-1	-1	-1
XMTQzMjYxNjE1Ng==	881	1399	1576	-1	-1	-1	-1	-1	-1	-1	-1	-1	-1	-1	-1	-1	-1	-1	-1	-1	-1	-1	-1	-1	-1	-1	-1	-1	-1	-1
XMTQzMjg1MDI0OA==	11	-1	-1	-1	-1	-1	-1	-1	-1	-1	-1	-1	-1	-1	-1	-1	-1	-1	-1	-1	-1	-1	-1	-1	-1	-1	-1	-1	-1	-1
XMTQzMjc5MDQ0MA==	60	-1	-1	-1	-1	-1	-1	-1	-1	-1	-1	-1	-1	-1	-1	-1	-1	-1	-1	-1	-1	-1	-1	-1	-1	-1	-1	-1	-1	-1
XMTQzMjM4OTQ0OA==	35	49	-1	-1	-1	-1	-1	-1	-1	-1	-1	-1	-1	-1	-1	-1	-1	-1	-1	-1	-1	-1	-1	-1	-1	-1	-1	-1	-1	-1
XMTQzMjM3NjcwMA==	85633	164854	-1	-1	-1	-1	-1	-1	-1	-1	-1	-1	-1	-1	-1	-1	-1	-1	-1	-1	-1	-1	-1	-1	-1	-1	-1	-1	-1	-1
XMTQzMjk5NDcyMA==	26	-1	-1	-1	-1	-1	-1	-1	-1	-1	-1	-1	-1	-1	-1	-1	-1	-1	-1	-1	-1	-1	-1	-1	-1	-1	-1	-1	-1	-1
XMTQzMjA0NjQ2MA==	530	653	739	755	762	760	760	-1	-1	-1	-1	-1	-1	-1	-1	-1	-1	-1	-1	-1	-1	-1	-1	-1	-1	-1	-1	-1	-1	-1
XMTQzMjE5ODY0OA==	20	20	20	-1	-1	-1	-1	-1	-1	-1	-1	-1	-1	-1	-1	-1	-1	-1	-1	-1	-1	-1	-1	-1	-1	-1	-1	-1	-1	-1
XMTQzMjY2MjM0MA==	4820	4820	-1	-1	-1	-1	-1	-1	-1	-1	-1	-1	-1	-1	-1	-1	-1	-1	-1	-1	-1	-1	-1	-1	-1	-1	-1	-1	-1	-1
XMTQzMjcwNTA0MA==	5	5	-1	-1	-1	-1	-1	-1	-1	-1	-1	-1	-1	-1	-1	-1	-1	-1	-1	-1	-1	-1	-1	-1	-1	-1	-1	-1	-1	-1
XMTQzMjk0NjMwNA==	10	16	-1	-1	-1	-1	-1	-1	-1	-1	-1	-1	-1	-1	-1	-1	-1	-1	-1	-1	-1	-1	-1	-1	-1	-1	-1	-1	-1	-1
XMTQzMjk0NjM5Mg==	4	6	-1	-1	-1	-1	-1	-1	-1	-1	-1	-1	-1	-1	-1	-1	-1	-1	-1	-1	-1	-1	-1	-1	-1	-1	-1	-1	-1	-1
XMTQzMjMxNzczMg==	25	32	32	-1	-1	-1	-1	-1	-1	-1	-1	-1	-1	-1	-1	-1	-1	-1	-1	-1	-1	-1	-1	-1	-1	-1	-1	-1	-1	-1
XMTQzMjI1NjI4NA==	212	234	232	231	230	230	230	230	230	230	232	232	232	-1	-1	-1	-1	-1	-1	-1	-1	-1	-1	-1	-1	-1	-1	-1	-1	-1
XMTQzMjIzNDY1Mg==	163	242	330	404	431	-1	-1	-1	-1	-1	-1	-1	-1	-1	-1	-1	-1	-1	-1	-1	-1	-1	-1	-1	-1	-1	-1	-1	-1	-1
XMTQzMjc0NzQ3Ng==	53	-1	-1	-1	-1	-1	-1	-1	-1	-1	-1	-1	-1	-1	-1	-1	-1	-1	-1	-1	-1	-1	-1	-1	-1	-1	-1	-1	-1	-1
XMTQzMjU3MTY4NA==	4	4	29	123	143	144	-1	-1	-1	-1	-1	-1	-1	-1	-1	-1	-1	-1	-1	-1	-1	-1	-1	-1	-1	-1	-1	-1	-1	-1
XMTQzMjk4Njg0OA==	3	10	17	19	16	16	-1	-1	-1	-1	-1	-1	-1	-1	-1	-1	-1	-1	-1	-1	-1	-1	-1	-1	-1	-1	-1	-1	-1	-1
XMTQzMjYxMjg2OA==	32	48	56	73	82	86	86	88	91	91	91	91	91	92	92	92	92	92	92	92	-1	-1	-1	-1	-1	-1	-1	-1	-1	-1
XMTQzMjEyNDkyNA==	66	69	67	68	68	68	68	69	69	69	-1	-1	-1	-1	-1	-1	-1	-1	-1	-1	-1	-1	-1	-1	-1	-1	-1	-1	-1	-1
XMTQzMjM2NTU2NA==	22951	23279	-1	-1	-1	-1	-1	-1	-1	-1	-1	-1	-1	-1	-1	-1	-1	-1	-1	-1	-1	-1	-1	-1	-1	-1	-1	-1	-1	-1
XMTQzMjUzMjcxNg==	8	-1	-1	-1	-1	-1	-1	-1	-1	-1	-1	-1	-1	-1	-1	-1	-1	-1	-1	-1	-1	-1	-1	-1	-1	-1	-1	-1	-1	-1
XMTQzMTgwMzk3Ng==	85	88	-1	-1	-1	-1	-1	-1	-1	-1	-1	-1	-1	-1	-1	-1	-1	-1	-1	-1	-1	-1	-1	-1	-1	-1	-1	-1	-1	-1
XMTQzMTk2NjA0NA==	266	314	345	360	-1	-1	-1	-1	-1	-1	-1	-1	-1	-1	-1	-1	-1	-1	-1	-1	-1	-1	-1	-1	-1	-1	-1	-1	-1	-1
XMTQzMjM1NDA4NA==	249	397	-1	-1	-1	-1	-1	-1	-1	-1	-1	-1	-1	-1	-1	-1	-1	-1	-1	-1	-1	-1	-1	-1	-1	-1	-1	-1	-1	-1
XMTQzMTk2NTMxNg==	190	212	223	-1	-1	-1	-1	-1	-1	-1	-1	-1	-1	-1	-1	-1	-1	-1	-1	-1	-1	-1	-1	-1	-1	-1	-1	-1	-1	-1
XMTQzMjk1MjQ5Ng==	99	-1	-1	-1	-1	-1	-1	-1	-1	-1	-1	-1	-1	-1	-1	-1	-1	-1	-1	-1	-1	-1	-1	-1	-1	-1	-1	-1	-1	-1
XMTQzMjE2NDkxMg==	299	317	325	331	334	394	396	397	400	405	407	-1	-1	-1	-1	-1	-1	-1	-1	-1	-1	-1	-1	-1	-1	-1	-1	-1	-1	-1
XMTQzMjg5Mjc5Mg==	5	-1	-1	-1	-1	-1	-1	-1	-1	-1	-1	-1	-1	-1	-1	-1	-1	-1	-1	-1	-1	-1	-1	-1	-1	-1	-1	-1	-1	-1
XMTQzMjQ1MzczNg==	25	44	-1	-1	-1	-1	-1	-1	-1	-1	-1	-1	-1	-1	-1	-1	-1	-1	-1	-1	-1	-1	-1	-1	-1	-1	-1	-1	-1	-1
XMTQzMjc3NjI2MA==	62	-1	-1	-1	-1	-1	-1	-1	-1	-1	-1	-1	-1	-1	-1	-1	-1	-1	-1	-1	-1	-1	-1	-1	-1	-1	-1	-1	-1	-1
XMTQzMjQzMDk1Ng==	54	57	-1	-1	-1	-1	-1	-1	-1	-1	-1	-1	-1	-1	-1	-1	-1	-1	-1	-1	-1	-1	-1	-1	-1	-1	-1	-1	-1	-1
XMTQzMjEzNjgyNA==	657	711	732	751	790	833	851	890	908	917	932	948	956	963	974	-1	-1	-1	-1	-1	-1	-1	-1	-1	-1	-1	-1	-1	-1	-1
XMTQzMTg4MDI1Ng==	1399	1590	1643	1673	1703	1730	1786	1831	1864	1906	1924	1970	1987	2000	2020	2059	2071	2098	2110	2125	2148	2174	2186	2205	2214	2231	2242	2249	-1	-1
XMTQzMTkyOTQ2MA==	201	228	227	235	238	-1	-1	-1	-1	-1	-1	-1	-1	-1	-1	-1	-1	-1	-1	-1	-1	-1	-1	-1	-1	-1	-1	-1	-1	-1
XMTQzMzE5MTQ2NA==	2	-1	-1	-1	-1	-1	-1	-1	-1	-1	-1	-1	-1	-1	-1	-1	-1	-1	-1	-1	-1	-1	-1	-1	-1	-1	-1	-1	-1	-1
XMTQzMTk4MjA5Ng==	163	172	174	176	230	238	250	253	258	263	269	270	277	283	287	288	291	291	294	296	302	302	309	-1	-1	-1	-1	-1	-1	-1
XMTQzMjE2MzY4MA==	165	176	176	178	186	192	192	193	194	196	196	-1	-1	-1	-1	-1	-1	-1	-1	-1	-1	-1	-1	-1	-1	-1	-1	-1	-1	-1
XMTQzMjM3OTIzMg==	73	84	85	86	87	87	87	88	89	90	90	89	89	90	91	-1	-1	-1	-1	-1	-1	-1	-1	-1	-1	-1	-1	-1	-1	-1
XMTQzMjczNzIyOA==	6	10	10	10	10	10	10	10	10	10	10	10	10	10	10	10	10	10	10	10	10	-1	-1	-1	-1	-1	-1	-1	-1	-1
XMTQzMjMxMTAwMA==	1387	2004	2582	2788	2930	3018	3083	3168	3236	3294	3313	-1	-1	-1	-1	-1	-1	-1	-1	-1	-1	-1	-1	-1	-1	-1	-1	-1	-1	-1
XMTQzMjkyOTk0OA==	82	697	901	942	954	1015	1056	1129	1155	1167	1159	1160	1159	1160	1160	1160	1160	1161	-1	-1	-1	-1	-1	-1	-1	-1	-1	-1	-1	-1
XMTQzMjg1NjY5Mg==	11	-1	-1	-1	-1	-1	-1	-1	-1	-1	-1	-1	-1	-1	-1	-1	-1	-1	-1	-1	-1	-1	-1	-1	-1	-1	-1	-1	-1	-1
XMTQzMjcwNTE0MA==	8	14	17	-1	-1	-1	-1	-1	-1	-1	-1	-1	-1	-1	-1	-1	-1	-1	-1	-1	-1	-1	-1	-1	-1	-1	-1	-1	-1	-1
XMTQzMjIyNzM3Ng==	24	26	26	26	26	26	26	26	28	28	28	28	28	28	28	28	28	-1	-1	-1	-1	-1	-1	-1	-1	-1	-1	-1	-1	-1
XMTQzMjUyMzAwNA==	103216	104496	104559	2363	2283	2289	2291	-1	-1	-1	-1	-1	-1	-1	-1	-1	-1	-1	-1	-1	-1	-1	-1	-1	-1	-1	-1	-1	-1	-1
XMTQzMjA0NzMwOA==	763	807	839	866	868	868	869	-1	-1	-1	-1	-1	-1	-1	-1	-1	-1	-1	-1	-1	-1	-1	-1	-1	-1	-1	-1	-1	-1	-1
XMTQzMjMyMjY3Ng==	915	1146	1257	1323	1401	1518	1563	1616	1653	1672	-1	-1	-1	-1	-1	-1	-1	-1	-1	-1	-1	-1	-1	-1	-1	-1	-1	-1	-1	-1
XMTQzMjkxMjUyNA==	5	9	10	11	12	12	12	13	13	24	34	48	48	50	50	51	51	-1	-1	-1	-1	-1	-1	-1	-1	-1	-1	-1	-1	-1
XMTQzMzI0MzcwNA==	1	3	-1	-1	-1	-1	-1	-1	-1	-1	-1	-1	-1	-1	-1	-1	-1	-1	-1	-1	-1	-1	-1	-1	-1	-1	-1	-1	-1	-1
XMTQzMzA2OTc1Ng==	2	-1	-1	-1	-1	-1	-1	-1	-1	-1	-1	-1	-1	-1	-1	-1	-1	-1	-1	-1	-1	-1	-1	-1	-1	-1	-1	-1	-1	-1
XMTQzMjIzNzExNg==	4440	9465	17915	22768	18054	23105	30249	-1	-1	-1	-1	-1	-1	-1	-1	-1	-1	-1	-1	-1	-1	-1	-1	-1	-1	-1	-1	-1	-1	-1
XMTQzMjIwMzk4MA==	10	-1	-1	-1	-1	-1	-1	-1	-1	-1	-1	-1	-1	-1	-1	-1	-1	-1	-1	-1	-1	-1	-1	-1	-1	-1	-1	-1	-1	-1
XMTQzMjQzMDI5Ng==	30	34	-1	-1	-1	-1	-1	-1	-1	-1	-1	-1	-1	-1	-1	-1	-1	-1	-1	-1	-1	-1	-1	-1	-1	-1	-1	-1	-1	-1
XMTQzMjE0MDM1Mg==	109	113	-1	-1	-1	-1	-1	-1	-1	-1	-1	-1	-1	-1	-1	-1	-1	-1	-1	-1	-1	-1	-1	-1	-1	-1	-1	-1	-1	-1
XMTQzMjUyNTQzMg==	60	73	-1	-1	-1	-1	-1	-1	-1	-1	-1	-1	-1	-1	-1	-1	-1	-1	-1	-1	-1	-1	-1	-1	-1	-1	-1	-1	-1	-1
XMTQzMjUzNDc0MA==	11	14	14	13	13	13	15	15	15	15	18	19	19	19	22	22	22	22	22	22	22	22	-1	-1	-1	-1	-1	-1	-1	-1
XMTQzMjEzNzYxNg==	242	258	269	302	353	424	484	551	620	665	708	759	767	768	770	-1	-1	-1	-1	-1	-1	-1	-1	-1	-1	-1	-1	-1	-1	-1
XMTQzMTc4MjUyNA==	414	455	475	485	492	507	514	520	521	523	529	-1	-1	-1	-1	-1	-1	-1	-1	-1	-1	-1	-1	-1	-1	-1	-1	-1	-1	-1
XMTQzMjY2MjIwMA==	17	20	20	-1	-1	-1	-1	-1	-1	-1	-1	-1	-1	-1	-1	-1	-1	-1	-1	-1	-1	-1	-1	-1	-1	-1	-1	-1	-1	-1
XMTQzMjkxOTAwMA==	87	89	-1	-1	-1	-1	-1	-1	-1	-1	-1	-1	-1	-1	-1	-1	-1	-1	-1	-1	-1	-1	-1	-1	-1	-1	-1	-1	-1	-1
XMTQzMjU5MjU0MA==	138	218	278	-1	-1	-1	-1	-1	-1	-1	-1	-1	-1	-1	-1	-1	-1	-1	-1	-1	-1	-1	-1	-1	-1	-1	-1	-1	-1	-1
XMTQzMTYxMzIyMA==	2	3	5	6	6	-1	-1	-1	-1	-1	-1	-1	-1	-1	-1	-1	-1	-1	-1	-1	-1	-1	-1	-1	-1	-1	-1	-1	-1	-1
XMTQzMTg5OTcwNA==	172	191	197	202	207	210	211	213	215	216	220	220	329	354	371	379	381	381	382	385	-1	-1	-1	-1	-1	-1	-1	-1	-1	-1
XMTQzMjM4ODQxMg==	16	22	24	27	28	27	27	27	27	27	27	27	27	28	28	28	32	-1	-1	-1	-1	-1	-1	-1	-1	-1	-1	-1	-1	-1
XMTQzMTk5ODc0MA==	9	10	11	11	11	12	12	-1	-1	-1	-1	-1	-1	-1	-1	-1	-1	-1	-1	-1	-1	-1	-1	-1	-1	-1	-1	-1	-1	-1
XMTQzMjczODI0MA==	21	-1	-1	-1	-1	-1	-1	-1	-1	-1	-1	-1	-1	-1	-1	-1	-1	-1	-1	-1	-1	-1	-1	-1	-1	-1	-1	-1	-1	-1
XMTQzMjE4MTkzMg==	5	5	5	-1	-1	-1	-1	-1	-1	-1	-1	-1	-1	-1	-1	-1	-1	-1	-1	-1	-1	-1	-1	-1	-1	-1	-1	-1	-1	-1
XMTQzMjAzMjM3Mg==	5	5	5	5	6	6	6	6	6	6	6	-1	-1	-1	-1	-1	-1	-1	-1	-1	-1	-1	-1	-1	-1	-1	-1	-1	-1	-1
XMTQzMjQ0NDQ5Ng==	16	19	-1	-1	-1	-1	-1	-1	-1	-1	-1	-1	-1	-1	-1	-1	-1	-1	-1	-1	-1	-1	-1	-1	-1	-1	-1	-1	-1	-1
XMTQzMjExMjQ5Mg==	61	63	70	82	87	90	90	91	91	91	91	91	93	94	100	110	111	111	111	112	117	117	-1	-1	-1	-1	-1	-1	-1	-1
XMTQzMjEyMTQwNA==	538	698	744	756	772	785	796	808	818	821	-1	-1	-1	-1	-1	-1	-1	-1	-1	-1	-1	-1	-1	-1	-1	-1	-1	-1	-1	-1
XMTQzMjE4OTc1Ng==	25	25	-1	-1	-1	-1	-1	-1	-1	-1	-1	-1	-1	-1	-1	-1	-1	-1	-1	-1	-1	-1	-1	-1	-1	-1	-1	-1	-1	-1
XMTQzMjU0NDk1Ng==	170	203	222	222	222	229	232	233	-1	-1	-1	-1	-1	-1	-1	-1	-1	-1	-1	-1	-1	-1	-1	-1	-1	-1	-1	-1	-1	-1
XMTQzMjE2NDAzNg==	170	194	-1	-1	-1	-1	-1	-1	-1	-1	-1	-1	-1	-1	-1	-1	-1	-1	-1	-1	-1	-1	-1	-1	-1	-1	-1	-1	-1	-1
XMTQzMjM4MzI5Mg==	151	198	229	-1	-1	-1	-1	-1	-1	-1	-1	-1	-1	-1	-1	-1	-1	-1	-1	-1	-1	-1	-1	-1	-1	-1	-1	-1	-1	-1
XMTQzMjIzOTAzNg==	169	187	200	215	236	251	268	-1	-1	-1	-1	-1	-1	-1	-1	-1	-1	-1	-1	-1	-1	-1	-1	-1	-1	-1	-1	-1	-1	-1
XMTQzMjQ5MTY4MA==	6	8	7	7	7	7	7	7	7	7	7	7	7	7	7	7	7	7	-1	-1	-1	-1	-1	-1	-1	-1	-1	-1	-1	-1
XMTQzMjIyNjAzNg==	9	9	10	10	10	10	11	11	11	-1	-1	-1	-1	-1	-1	-1	-1	-1	-1	-1	-1	-1	-1	-1	-1	-1	-1	-1	-1	-1
XMTQzMjQxODk0NA==	125	129	124	121	121	121	121	121	121	121	121	121	121	-1	-1	-1	-1	-1	-1	-1	-1	-1	-1	-1	-1	-1	-1	-1	-1	-1
XMTQzMTgxMzE2NA==	55	55	56	56	-1	-1	-1	-1	-1	-1	-1	-1	-1	-1	-1	-1	-1	-1	-1	-1	-1	-1	-1	-1	-1	-1	-1	-1	-1	-1
XMTQzMTkwODQyMA==	160	161	156	157	156	156	156	157	158	159	-1	-1	-1	-1	-1	-1	-1	-1	-1	-1	-1	-1	-1	-1	-1	-1	-1	-1	-1	-1
XMTQzMjE2NTMwNA==	599	646	667	690	707	721	725	729	738	741	742	-1	-1	-1	-1	-1	-1	-1	-1	-1	-1	-1	-1	-1	-1	-1	-1	-1	-1	-1
XMTQzMjA0Njc2NA==	-1	-1	-1	-1	-1	-1	-1	-1	-1	-1	-1	-1	-1	-1	-1	-1	-1	-1	-1	-1	-1	-1	-1	-1	-1	-1	-1	-1	-1	-1
XMTQzMjY2NDI3Mg==	4323	8171	9852	-1	-1	-1	-1	-1	-1	-1	-1	-1	-1	-1	-1	-1	-1	-1	-1	-1	-1	-1	-1	-1	-1	-1	-1	-1	-1	-1
XMTQzMjA5MjU4NA==	2	3	3	3	3	4	10	22	22	-1	-1	-1	-1	-1	-1	-1	-1	-1	-1	-1	-1	-1	-1	-1	-1	-1	-1	-1	-1	-1
XMTQzMjg5Njk2OA==	4	-1	-1	-1	-1	-1	-1	-1	-1	-1	-1	-1	-1	-1	-1	-1	-1	-1	-1	-1	-1	-1	-1	-1	-1	-1	-1	-1	-1	-1
XMTQzMjc4OTc5Ng==	85	113	116	118	120	121	132	-1	-1	-1	-1	-1	-1	-1	-1	-1	-1	-1	-1	-1	-1	-1	-1	-1	-1	-1	-1	-1	-1	-1
XMTQzMjIyMjUxMg==	12	14	15	15	15	15	16	16	16	16	16	16	16	16	16	16	16	16	-1	-1	-1	-1	-1	-1	-1	-1	-1	-1	-1	-1
XMTQzMTgyNjM4MA==	833	889	892	924	941	960	973	997	1026	1052	1069	1083	1107	1128	1147	1166	1179	1204	1221	1260	1287	1307	1318	1326	1341	1364	1378	-1	-1	-1
XMTQzMjA2Mjk2MA==	697	799	818	-1	-1	-1	-1	-1	-1	-1	-1	-1	-1	-1	-1	-1	-1	-1	-1	-1	-1	-1	-1	-1	-1	-1	-1	-1	-1	-1
XMTQzMjc2NzM4MA==	26	-1	-1	-1	-1	-1	-1	-1	-1	-1	-1	-1	-1	-1	-1	-1	-1	-1	-1	-1	-1	-1	-1	-1	-1	-1	-1	-1	-1	-1
XMTQzMzAwNTE1Ng==	7	10	10	10	10	13	13	13	14	14	14	14	14	14	16	18	19	19	19	19	19	19	19	19	21	21	21	21	22	-1
XMTQzMjc2Nzc5Ng==	2465580	2743272	2907152	-1	-1	-1	-1	-1	-1	-1	-1	-1	-1	-1	-1	-1	-1	-1	-1	-1	-1	-1	-1	-1	-1	-1	-1	-1	-1	-1
XMTQzMjA5MjAzMg==	2229	2411	2461	2573	2788	2870	2968	3084	3137	3207	3282	3347	3361	3368	3378	-1	-1	-1	-1	-1	-1	-1	-1	-1	-1	-1	-1	-1	-1	-1
XMTQzMTk0ODY1Ng==	94	136	142	150	153	156	157	176	283	293	299	288	290	294	296	300	303	304	-1	-1	-1	-1	-1	-1	-1	-1	-1	-1	-1	-1
XMTQzMjcyMTgwNA==	456	-1	-1	-1	-1	-1	-1	-1	-1	-1	-1	-1	-1	-1	-1	-1	-1	-1	-1	-1	-1	-1	-1	-1	-1	-1	-1	-1	-1	-1
XMTQzMTk1NTY3Ng==	111	137	155	165	-1	-1	-1	-1	-1	-1	-1	-1	-1	-1	-1	-1	-1	-1	-1	-1	-1	-1	-1	-1	-1	-1	-1	-1	-1	-1
XMTQzMTg2NzMyMA==	285	311	308	312	312	-1	-1	-1	-1	-1	-1	-1	-1	-1	-1	-1	-1	-1	-1	-1	-1	-1	-1	-1	-1	-1	-1	-1	-1	-1
XMTQzMjMzNTcwOA==	86203	-1	-1	-1	-1	-1	-1	-1	-1	-1	-1	-1	-1	-1	-1	-1	-1	-1	-1	-1	-1	-1	-1	-1	-1	-1	-1	-1	-1	-1
XMTQzMjc4NjI2NA==	42	-1	-1	-1	-1	-1	-1	-1	-1	-1	-1	-1	-1	-1	-1	-1	-1	-1	-1	-1	-1	-1	-1	-1	-1	-1	-1	-1	-1	-1
XMTQzMjk3NjA4OA==	206	-1	-1	-1	-1	-1	-1	-1	-1	-1	-1	-1	-1	-1	-1	-1	-1	-1	-1	-1	-1	-1	-1	-1	-1	-1	-1	-1	-1	-1
XMTQzMjg2MzU2NA==	49626	50515	-1	-1	-1	-1	-1	-1	-1	-1	-1	-1	-1	-1	-1	-1	-1	-1	-1	-1	-1	-1	-1	-1	-1	-1	-1	-1	-1	-1
XMTQzMjAyOTMwNA==	124	129	121	119	119	119	119	119	119	119	119	119	119	-1	-1	-1	-1	-1	-1	-1	-1	-1	-1	-1	-1	-1	-1	-1	-1	-1
XMTQzMjQyNjI1Mg==	41	41	-1	-1	-1	-1	-1	-1	-1	-1	-1	-1	-1	-1	-1	-1	-1	-1	-1	-1	-1	-1	-1	-1	-1	-1	-1	-1	-1	-1
XMTQzMjgxOTY2MA==	98	147	154	148	156	165	170	173	178	-1	-1	-1	-1	-1	-1	-1	-1	-1	-1	-1	-1	-1	-1	-1	-1	-1	-1	-1	-1	-1
XMTQzMTk2NzI2MA==	183	229	268	290	313	342	366	393	418	434	452	479	512	539	560	594	623	641	690	721	743	-1	-1	-1	-1	-1	-1	-1	-1	-1
XMTQzMjcyMTI4MA==	264	-1	-1	-1	-1	-1	-1	-1	-1	-1	-1	-1	-1	-1	-1	-1	-1	-1	-1	-1	-1	-1	-1	-1	-1	-1	-1	-1	-1	-1
XMTQzMTk3NzgzMg==	179	226	229	230	240	252	-1	-1	-1	-1	-1	-1	-1	-1	-1	-1	-1	-1	-1	-1	-1	-1	-1	-1	-1	-1	-1	-1	-1	-1
XMTQzMzE4MjUyOA==	24	27	27	27	27	27	27	27	27	27	27	27	27	27	27	27	27	27	27	-1	-1	-1	-1	-1	-1	-1	-1	-1	-1	-1
XMTQzMjM4NzQ4MA==	85917	165444	-1	-1	-1	-1	-1	-1	-1	-1	-1	-1	-1	-1	-1	-1	-1	-1	-1	-1	-1	-1	-1	-1	-1	-1	-1	-1	-1	-1
XMTQzMjM0NjY5Ng==	128838	145599	143719	-1	-1	-1	-1	-1	-1	-1	-1	-1	-1	-1	-1	-1	-1	-1	-1	-1	-1	-1	-1	-1	-1	-1	-1	-1	-1	-1
XMTQzMjgwNjQ2OA==	80	-1	-1	-1	-1	-1	-1	-1	-1	-1	-1	-1	-1	-1	-1	-1	-1	-1	-1	-1	-1	-1	-1	-1	-1	-1	-1	-1	-1	-1
XMTQzMjY4OTExMg==	4	-1	-1	-1	-1	-1	-1	-1	-1	-1	-1	-1	-1	-1	-1	-1	-1	-1	-1	-1	-1	-1	-1	-1	-1	-1	-1	-1	-1	-1
XMTQzMjM1OTc3Ng==	11	12	12	11	11	11	11	11	11	11	11	11	11	11	11	11	11	11	11	11	-1	-1	-1	-1	-1	-1	-1	-1	-1	-1
XMTQzMjA0MjcxNg==	7	8	-1	-1	-1	-1	-1	-1	-1	-1	-1	-1	-1	-1	-1	-1	-1	-1	-1	-1	-1	-1	-1	-1	-1	-1	-1	-1	-1	-1
XMTQzMjcyMzcxNg==	561	-1	-1	-1	-1	-1	-1	-1	-1	-1	-1	-1	-1	-1	-1	-1	-1	-1	-1	-1	-1	-1	-1	-1	-1	-1	-1	-1	-1	-1
XMTQzMTk5NDM2MA==	910	1073	1187	1283	1366	1413	1473	1529	1591	1612	-1	-1	-1	-1	-1	-1	-1	-1	-1	-1	-1	-1	-1	-1	-1	-1	-1	-1	-1	-1
XMTQzMjQ0NTQyOA==	163	207	226	278	288	291	280	304	317	345	350	377	457	490	539	591	612	630	655	710	750	792	823	849	902	952	-1	-1	-1	-1
XMTQzMjcyNTAyNA==	99	-1	-1	-1	-1	-1	-1	-1	-1	-1	-1	-1	-1	-1	-1	-1	-1	-1	-1	-1	-1	-1	-1	-1	-1	-1	-1	-1	-1	-1
XMTQzMjgwOTE2MA==	-1	-1	-1	-1	-1	-1	-1	-1	-1	-1	-1	-1	-1	-1	-1	-1	-1	-1	-1	-1	-1	-1	-1	-1	-1	-1	-1	-1	-1	-1
XMTQzMjA2NDM3Ng==	2	2	2	2	2	2	2	2	-1	-1	-1	-1	-1	-1	-1	-1	-1	-1	-1	-1	-1	-1	-1	-1	-1	-1	-1	-1	-1	-1
XMTQzMjQzNTA5Ng==	51	58	-1	-1	-1	-1	-1	-1	-1	-1	-1	-1	-1	-1	-1	-1	-1	-1	-1	-1	-1	-1	-1	-1	-1	-1	-1	-1	-1	-1
XMTQzMjMxOTk4MA==	42314	44735	75713	75816	75662	75363	75708	76096	77570	78567	79402	79971	-1	-1	-1	-1	-1	-1	-1	-1	-1	-1	-1	-1	-1	-1	-1	-1	-1	-1
XMTQzMjk0OTg1Mg==	8	12	-1	-1	-1	-1	-1	-1	-1	-1	-1	-1	-1	-1	-1	-1	-1	-1	-1	-1	-1	-1	-1	-1	-1	-1	-1	-1	-1	-1
XMTQzMjc3ODkzNg==	42	-1	-1	-1	-1	-1	-1	-1	-1	-1	-1	-1	-1	-1	-1	-1	-1	-1	-1	-1	-1	-1	-1	-1	-1	-1	-1	-1	-1	-1
XMTQzMTgzNzg5Ng==	96	106	105	108	111	113	114	116	122	122	125	129	129	129	129	131	131	131	131	-1	-1	-1	-1	-1	-1	-1	-1	-1	-1	-1
XMTQzMjQxNDg1Mg==	153	215	265	265	262	265	266	266	266	266	-1	-1	-1	-1	-1	-1	-1	-1	-1	-1	-1	-1	-1	-1	-1	-1	-1	-1	-1	-1
XMTQzMjE3NDc1Mg==	993	1418	-1	-1	-1	-1	-1	-1	-1	-1	-1	-1	-1	-1	-1	-1	-1	-1	-1	-1	-1	-1	-1	-1	-1	-1	-1	-1	-1	-1
XMTQzMjU2NzU3Mg==	151	154	162	154	186	188	196	204	210	209	215	225	229	237	244	268	289	291	298	301	302	302	307	-1	-1	-1	-1	-1	-1	-1
XMTQzMjE1NTkwMA==	177	188	191	187	192	199	199	200	202	202	-1	-1	-1	-1	-1	-1	-1	-1	-1	-1	-1	-1	-1	-1	-1	-1	-1	-1	-1	-1
XMTQzMjI5MTEwMA==	89985	164006	-1	-1	-1	-1	-1	-1	-1	-1	-1	-1	-1	-1	-1	-1	-1	-1	-1	-1	-1	-1	-1	-1	-1	-1	-1	-1	-1	-1
XMTQzMjk2NzA2NA==	184	-1	-1	-1	-1	-1	-1	-1	-1	-1	-1	-1	-1	-1	-1	-1	-1	-1	-1	-1	-1	-1	-1	-1	-1	-1	-1	-1	-1	-1
XMTQzMjM5NDAwOA==	146	156	-1	-1	-1	-1	-1	-1	-1	-1	-1	-1	-1	-1	-1	-1	-1	-1	-1	-1	-1	-1	-1	-1	-1	-1	-1	-1	-1	-1
XMTQzMjg4NTM0MA==	67	-1	-1	-1	-1	-1	-1	-1	-1	-1	-1	-1	-1	-1	-1	-1	-1	-1	-1	-1	-1	-1	-1	-1	-1	-1	-1	-1	-1	-1
XMTQzMjc1MTA2MA==	19	-1	-1	-1	-1	-1	-1	-1	-1	-1	-1	-1	-1	-1	-1	-1	-1	-1	-1	-1	-1	-1	-1	-1	-1	-1	-1	-1	-1	-1
XMTQzMjIyMjc3Ng==	11	11	10	10	12	12	42	63	96	117	127	136	147	150	167	168	169	170	170	170	170	-1	-1	-1	-1	-1	-1	-1	-1	-1
XMTQzMjQzNjk0MA==	29	42	43	43	42	42	42	42	42	42	-1	-1	-1	-1	-1	-1	-1	-1	-1	-1	-1	-1	-1	-1	-1	-1	-1	-1	-1	-1
XMTQzMjQxNzUwNA==	5	6	6	5	8	9	9	9	9	9	9	9	10	10	10	10	10	10	10	10	10	10	10	10	-1	-1	-1	-1	-1	-1
XMTQzMzAzMjUxMg==	6	7	7	8	8	8	8	-1	-1	-1	-1	-1	-1	-1	-1	-1	-1	-1	-1	-1	-1	-1	-1	-1	-1	-1	-1	-1	-1	-1
XMTQzMjkxNjAwNA==	6	-1	-1	-1	-1	-1	-1	-1	-1	-1	-1	-1	-1	-1	-1	-1	-1	-1	-1	-1	-1	-1	-1	-1	-1	-1	-1	-1	-1	-1
XMTQzMjkzMjkyNA==	131	234	268	295	309	319	342	398	476	516	566	656	760	875	1149	1705	2123	2510	2980	3585	3986	4289	4629	4891	5181	5605	6111	6573	-1	-1
XMTQzMjA2ODE4OA==	1653	1787	1812	1832	-1	-1	-1	-1	-1	-1	-1	-1	-1	-1	-1	-1	-1	-1	-1	-1	-1	-1	-1	-1	-1	-1	-1	-1	-1	-1
XMTQzMjAyNjYwOA==	41	47	44	41	-1	-1	-1	-1	-1	-1	-1	-1	-1	-1	-1	-1	-1	-1	-1	-1	-1	-1	-1	-1	-1	-1	-1	-1	-1	-1
XMTQzMjA2OTAzMg==	358	-1	-1	-1	-1	-1	-1	-1	-1	-1	-1	-1	-1	-1	-1	-1	-1	-1	-1	-1	-1	-1	-1	-1	-1	-1	-1	-1	-1	-1
XMTQzMjA4MDQxNg==	52	80	86	89	92	97	97	98	98	98	99	-1	-1	-1	-1	-1	-1	-1	-1	-1	-1	-1	-1	-1	-1	-1	-1	-1	-1	-1
XMTQzMjE4MTc0NA==	7	8	9	-1	-1	-1	-1	-1	-1	-1	-1	-1	-1	-1	-1	-1	-1	-1	-1	-1	-1	-1	-1	-1	-1	-1	-1	-1	-1	-1
XMTQzMjM4OTAzMg==	20	23	23	24	-1	-1	-1	-1	-1	-1	-1	-1	-1	-1	-1	-1	-1	-1	-1	-1	-1	-1	-1	-1	-1	-1	-1	-1	-1	-1
XMTQzMjkxMDEwNA==	4	-1	-1	-1	-1	-1	-1	-1	-1	-1	-1	-1	-1	-1	-1	-1	-1	-1	-1	-1	-1	-1	-1	-1	-1	-1	-1	-1	-1	-1
XMTQzMjE2NTc2MA==	889	976	983	1015	1041	1057	1065	1093	1100	1109	1111	-1	-1	-1	-1	-1	-1	-1	-1	-1	-1	-1	-1	-1	-1	-1	-1	-1	-1	-1
XMTQzMjMxNjE4MA==	4387	6866	14723	19791	18414	23179	30364	-1	-1	-1	-1	-1	-1	-1	-1	-1	-1	-1	-1	-1	-1	-1	-1	-1	-1	-1	-1	-1	-1	-1
XMTQzMjIzODM1Ng==	8	9	9	9	9	9	9	11	12	13	13	13	16	20	22	22	24	25	27	27	-1	-1	-1	-1	-1	-1	-1	-1	-1	-1
XMTQzMTk0ODE0NA==	95	113	126	140	-1	-1	-1	-1	-1	-1	-1	-1	-1	-1	-1	-1	-1	-1	-1	-1	-1	-1	-1	-1	-1	-1	-1	-1	-1	-1
XMTQzMjUxNDMyOA==	-1	-1	-1	-1	-1	-1	-1	-1	-1	-1	-1	-1	-1	-1	-1	-1	-1	-1	-1	-1	-1	-1	-1	-1	-1	-1	-1	-1	-1	-1
XMTQzMjg5ODE2NA==	5	-1	-1	-1	-1	-1	-1	-1	-1	-1	-1	-1	-1	-1	-1	-1	-1	-1	-1	-1	-1	-1	-1	-1	-1	-1	-1	-1	-1	-1
XMTQzMjM5MDEzMg==	65	85	95	133	160	182	194	219	256	279	309	328	336	339	349	354	369	-1	-1	-1	-1	-1	-1	-1	-1	-1	-1	-1	-1	-1
XMTQzMjMzNDk1Mg==	186	195	203	203	205	280	284	287	290	291	290	-1	-1	-1	-1	-1	-1	-1	-1	-1	-1	-1	-1	-1	-1	-1	-1	-1	-1	-1
XMTQzMzAwNzIxNg==	13	-1	-1	-1	-1	-1	-1	-1	-1	-1	-1	-1	-1	-1	-1	-1	-1	-1	-1	-1	-1	-1	-1	-1	-1	-1	-1	-1	-1	-1
XMTQzMjczMzY4OA==	41	-1	-1	-1	-1	-1	-1	-1	-1	-1	-1	-1	-1	-1	-1	-1	-1	-1	-1	-1	-1	-1	-1	-1	-1	-1	-1	-1	-1	-1
XMTQzMjcyMjU2OA==	36	-1	-1	-1	-1	-1	-1	-1	-1	-1	-1	-1	-1	-1	-1	-1	-1	-1	-1	-1	-1	-1	-1	-1	-1	-1	-1	-1	-1	-1
XMTQzMjg5NzMwMA==	26	-1	-1	-1	-1	-1	-1	-1	-1	-1	-1	-1	-1	-1	-1	-1	-1	-1	-1	-1	-1	-1	-1	-1	-1	-1	-1	-1	-1	-1
XMTQzMTc4NzM2MA==	225	249	254	-1	-1	-1	-1	-1	-1	-1	-1	-1	-1	-1	-1	-1	-1	-1	-1	-1	-1	-1	-1	-1	-1	-1	-1	-1	-1	-1
XMTQzMzA1MTA5Mg==	4062	9075	11049	12223	-1	-1	-1	-1	-1	-1	-1	-1	-1	-1	-1	-1	-1	-1	-1	-1	-1	-1	-1	-1	-1	-1	-1	-1	-1	-1
XMTQzMjI3NTA3Mg==	1543	2092	2243	2260	2266	-1	-1	-1	-1	-1	-1	-1	-1	-1	-1	-1	-1	-1	-1	-1	-1	-1	-1	-1	-1	-1	-1	-1	-1	-1
XMTQzMjE3Mjk4MA==	79	89	94	98	100	103	104	104	105	105	105	107	110	113	117	117	-1	-1	-1	-1	-1	-1	-1	-1	-1	-1	-1	-1	-1	-1
XMTQzMjYyNzkwNA==	12	12	12	10	10	10	10	10	10	10	-1	-1	-1	-1	-1	-1	-1	-1	-1	-1	-1	-1	-1	-1	-1	-1	-1	-1	-1	-1
XMTQzMjA0MTcyNA==	171	185	182	182	183	185	185	187	187	187	-1	-1	-1	-1	-1	-1	-1	-1	-1	-1	-1	-1	-1	-1	-1	-1	-1	-1	-1	-1
XMTQzMjc5OTUxNg==	35	39	40	41	42	-1	-1	-1	-1	-1	-1	-1	-1	-1	-1	-1	-1	-1	-1	-1	-1	-1	-1	-1	-1	-1	-1	-1	-1	-1
XMTQzMjg5NDE2MA==	3	-1	-1	-1	-1	-1	-1	-1	-1	-1	-1	-1	-1	-1	-1	-1	-1	-1	-1	-1	-1	-1	-1	-1	-1	-1	-1	-1	-1	-1
XMTQzMjc2MjMyMA==	57	-1	-1	-1	-1	-1	-1	-1	-1	-1	-1	-1	-1	-1	-1	-1	-1	-1	-1	-1	-1	-1	-1	-1	-1	-1	-1	-1	-1	-1
XMTQzMjA2NTgwMA==	11	14	15	16	18	-1	-1	-1	-1	-1	-1	-1	-1	-1	-1	-1	-1	-1	-1	-1	-1	-1	-1	-1	-1	-1	-1	-1	-1	-1
XMTQzMjAyNTMyOA==	11	18	18	18	-1	-1	-1	-1	-1	-1	-1	-1	-1	-1	-1	-1	-1	-1	-1	-1	-1	-1	-1	-1	-1	-1	-1	-1	-1	-1
XMTQzMjQ5NTM3Ng==	69518	-1	-1	-1	-1	-1	-1	-1	-1	-1	-1	-1	-1	-1	-1	-1	-1	-1	-1	-1	-1	-1	-1	-1	-1	-1	-1	-1	-1	-1
XMTQzMTc5MjM4NA==	403	412	399	407	415	418	427	433	439	439	441	-1	-1	-1	-1	-1	-1	-1	-1	-1	-1	-1	-1	-1	-1	-1	-1	-1	-1	-1
XMTQzMjgyNTYzNg==	2	3	-1	-1	-1	-1	-1	-1	-1	-1	-1	-1	-1	-1	-1	-1	-1	-1	-1	-1	-1	-1	-1	-1	-1	-1	-1	-1	-1	-1
XMTQzMjM1NDk0OA==	63287	119644	-1	-1	-1	-1	-1	-1	-1	-1	-1	-1	-1	-1	-1	-1	-1	-1	-1	-1	-1	-1	-1	-1	-1	-1	-1	-1	-1	-1
XMTQzMjcwODMzMg==	27	45	56	-1	-1	-1	-1	-1	-1	-1	-1	-1	-1	-1	-1	-1	-1	-1	-1	-1	-1	-1	-1	-1	-1	-1	-1	-1	-1	-1
XMTQzMjU0MjI2MA==	17	22	-1	-1	-1	-1	-1	-1	-1	-1	-1	-1	-1	-1	-1	-1	-1	-1	-1	-1	-1	-1	-1	-1	-1	-1	-1	-1	-1	-1
XMTQzMjk0NjI1Ng==	47	72	-1	-1	-1	-1	-1	-1	-1	-1	-1	-1	-1	-1	-1	-1	-1	-1	-1	-1	-1	-1	-1	-1	-1	-1	-1	-1	-1	-1
XMTQzMjg3MzMzNg==	19	-1	-1	-1	-1	-1	-1	-1	-1	-1	-1	-1	-1	-1	-1	-1	-1	-1	-1	-1	-1	-1	-1	-1	-1	-1	-1	-1	-1	-1
XMTQzMjI3NTQwOA==	448	568	587	580	584	-1	-1	-1	-1	-1	-1	-1	-1	-1	-1	-1	-1	-1	-1	-1	-1	-1	-1	-1	-1	-1	-1	-1	-1	-1
XMTQzMjM4MTI3Ng==	5	7	11	12	12	12	12	13	13	13	13	13	13	13	13	13	13	-1	-1	-1	-1	-1	-1	-1	-1	-1	-1	-1	-1	-1
XMTQzMzIwODQzNg==	13	40	62	71	74	77	78	82	82	95	99	99	-1	-1	-1	-1	-1	-1	-1	-1	-1	-1	-1	-1	-1	-1	-1	-1	-1	-1
XMTQzMjcyMTYyMA==	208	-1	-1	-1	-1	-1	-1	-1	-1	-1	-1	-1	-1	-1	-1	-1	-1	-1	-1	-1	-1	-1	-1	-1	-1	-1	-1	-1	-1	-1
XMTQzMzA0NjEyNA==	2	4	5	4	4	4	4	5	5	5	5	5	5	5	5	5	5	5	5	5	5	5	5	5	5	5	5	-1	-1	-1
XMTQzMjkwNTU0NA==	20	-1	-1	-1	-1	-1	-1	-1	-1	-1	-1	-1	-1	-1	-1	-1	-1	-1	-1	-1	-1	-1	-1	-1	-1	-1	-1	-1	-1	-1
XMTQzMjE3MzA2OA==	344	410	437	446	452	455	456	461	465	469	473	475	480	487	489	490	492	493	494	494	-1	-1	-1	-1	-1	-1	-1	-1	-1	-1
XMTQzMjE2NTc5Mg==	938	1017	1046	1084	1117	1142	1181	1213	1232	1246	1259	-1	-1	-1	-1	-1	-1	-1	-1	-1	-1	-1	-1	-1	-1	-1	-1	-1	-1	-1
XMTQzMjM4NjAzNg==	94	115	122	121	122	125	127	128	128	-1	-1	-1	-1	-1	-1	-1	-1	-1	-1	-1	-1	-1	-1	-1	-1	-1	-1	-1	-1	-1
XMTQzMzExODc3Mg==	4	-1	-1	-1	-1	-1	-1	-1	-1	-1	-1	-1	-1	-1	-1	-1	-1	-1	-1	-1	-1	-1	-1	-1	-1	-1	-1	-1	-1	-1
XMTQzMjYzMjAyOA==	303	473	-1	-1	-1	-1	-1	-1	-1	-1	-1	-1	-1	-1	-1	-1	-1	-1	-1	-1	-1	-1	-1	-1	-1	-1	-1	-1	-1	-1
XMTQzMjgxNDI0OA==	576	595	597	523	-1	-1	-1	-1	-1	-1	-1	-1	-1	-1	-1	-1	-1	-1	-1	-1	-1	-1	-1	-1	-1	-1	-1	-1	-1	-1
XMTQzMjA5MjU2OA==	392	421	407	429	453	467	466	472	476	477	474	477	477	477	477	-1	-1	-1	-1	-1	-1	-1	-1	-1	-1	-1	-1	-1	-1	-1
XMTQzMjA2MjczMg==	53	58	-1	-1	-1	-1	-1	-1	-1	-1	-1	-1	-1	-1	-1	-1	-1	-1	-1	-1	-1	-1	-1	-1	-1	-1	-1	-1	-1	-1
XMTQzMjQ2MTk4MA==	2418	2419	-1	-1	-1	-1	-1	-1	-1	-1	-1	-1	-1	-1	-1	-1	-1	-1	-1	-1	-1	-1	-1	-1	-1	-1	-1	-1	-1	-1
XMTQzMzAwMTU2NA==	996	-1	-1	-1	-1	-1	-1	-1	-1	-1	-1	-1	-1	-1	-1	-1	-1	-1	-1	-1	-1	-1	-1	-1	-1	-1	-1	-1	-1	-1
XMTQzMjMxMjgyMA==	442	451	436	426	428	-1	-1	-1	-1	-1	-1	-1	-1	-1	-1	-1	-1	-1	-1	-1	-1	-1	-1	-1	-1	-1	-1	-1	-1	-1
XMTQzMjA5NTgxMg==	682	716	682	702	781	887	973	1040	1083	1143	1202	1245	1257	1261	1270	-1	-1	-1	-1	-1	-1	-1	-1	-1	-1	-1	-1	-1	-1	-1
XMTQzMzA5MTY1Mg==	62	445	-1	-1	-1	-1	-1	-1	-1	-1	-1	-1	-1	-1	-1	-1	-1	-1	-1	-1	-1	-1	-1	-1	-1	-1	-1	-1	-1	-1
XMTQzMjg4Nzg4OA==	154	-1	-1	-1	-1	-1	-1	-1	-1	-1	-1	-1	-1	-1	-1	-1	-1	-1	-1	-1	-1	-1	-1	-1	-1	-1	-1	-1	-1	-1
XMTQzMjczODU2OA==	115	-1	-1	-1	-1	-1	-1	-1	-1	-1	-1	-1	-1	-1	-1	-1	-1	-1	-1	-1	-1	-1	-1	-1	-1	-1	-1	-1	-1	-1
XMTQzMjMzMzAwNA==	1243	1322	1393	1391	1392	1394	1394	1395	1398	1399	1400	1397	1397	1397	1397	1397	-1	-1	-1	-1	-1	-1	-1	-1	-1	-1	-1	-1	-1	-1
XMTQzMjQ3Nzg2MA==	7	-1	-1	-1	-1	-1	-1	-1	-1	-1	-1	-1	-1	-1	-1	-1	-1	-1	-1	-1	-1	-1	-1	-1	-1	-1	-1	-1	-1	-1
XMTQzMTgxNjE2MA==	30	31	30	33	33	33	34	-1	-1	-1	-1	-1	-1	-1	-1	-1	-1	-1	-1	-1	-1	-1	-1	-1	-1	-1	-1	-1	-1	-1
XMTQzMTc3ODA0OA==	39	41	-1	-1	-1	-1	-1	-1	-1	-1	-1	-1	-1	-1	-1	-1	-1	-1	-1	-1	-1	-1	-1	-1	-1	-1	-1	-1	-1	-1
XMTQzMjM2NTcwOA==	15390	15718	-1	-1	-1	-1	-1	-1	-1	-1	-1	-1	-1	-1	-1	-1	-1	-1	-1	-1	-1	-1	-1	-1	-1	-1	-1	-1	-1	-1
XMTQzMTc5MzgwNA==	611	620	594	596	609	613	617	618	620	623	625	-1	-1	-1	-1	-1	-1	-1	-1	-1	-1	-1	-1	-1	-1	-1	-1	-1	-1	-1
XMTQzMTc5NzI5Mg==	771	946	962	955	941	947	953	955	961	967	970	976	-1	-1	-1	-1	-1	-1	-1	-1	-1	-1	-1	-1	-1	-1	-1	-1	-1	-1
XMTQzMjQyMjUwNA==	10	10	11	-1	-1	-1	-1	-1	-1	-1	-1	-1	-1	-1	-1	-1	-1	-1	-1	-1	-1	-1	-1	-1	-1	-1	-1	-1	-1	-1
XMTQzMjE5NTE5Ng==	38	-1	-1	-1	-1	-1	-1	-1	-1	-1	-1	-1	-1	-1	-1	-1	-1	-1	-1	-1	-1	-1	-1	-1	-1	-1	-1	-1	-1	-1
XMTQzMjY2MTYxMg==	3721	14669	-1	-1	-1	-1	-1	-1	-1	-1	-1	-1	-1	-1	-1	-1	-1	-1	-1	-1	-1	-1	-1	-1	-1	-1	-1	-1	-1	-1
XMTQzMjg3MDMyOA==	18	-1	-1	-1	-1	-1	-1	-1	-1	-1	-1	-1	-1	-1	-1	-1	-1	-1	-1	-1	-1	-1	-1	-1	-1	-1	-1	-1	-1	-1
XMTQzMjg0MDQ5Mg==	86	-1	-1	-1	-1	-1	-1	-1	-1	-1	-1	-1	-1	-1	-1	-1	-1	-1	-1	-1	-1	-1	-1	-1	-1	-1	-1	-1	-1	-1
XMTQzMjA5Nzc3Mg==	4	5	5	5	5	6	12	12	12	-1	-1	-1	-1	-1	-1	-1	-1	-1	-1	-1	-1	-1	-1	-1	-1	-1	-1	-1	-1	-1
XMTQzMTk2Nzc4OA==	198	212	202	205	-1	-1	-1	-1	-1	-1	-1	-1	-1	-1	-1	-1	-1	-1	-1	-1	-1	-1	-1	-1	-1	-1	-1	-1	-1	-1
XMTQzMTcwNjMwNA==	367	376	365	373	384	-1	-1	-1	-1	-1	-1	-1	-1	-1	-1	-1	-1	-1	-1	-1	-1	-1	-1	-1	-1	-1	-1	-1	-1	-1
XMTQzMjQ5OTQyMA==	15	22	-1	-1	-1	-1	-1	-1	-1	-1	-1	-1	-1	-1	-1	-1	-1	-1	-1	-1	-1	-1	-1	-1	-1	-1	-1	-1	-1	-1
XMTQzMTkzNTA0NA==	941	1048	1070	1093	1152	1195	1243	1303	1346	1367	-1	-1	-1	-1	-1	-1	-1	-1	-1	-1	-1	-1	-1	-1	-1	-1	-1	-1	-1	-1
XMTQzMjYyNTMwMA==	-1	-1	-1	-1	-1	-1	-1	-1	-1	-1	-1	-1	-1	-1	-1	-1	-1	-1	-1	-1	-1	-1	-1	-1	-1	-1	-1	-1	-1	-1
XMTQzMjg1MzY5Mg==	58	-1	-1	-1	-1	-1	-1	-1	-1	-1	-1	-1	-1	-1	-1	-1	-1	-1	-1	-1	-1	-1	-1	-1	-1	-1	-1	-1	-1	-1
XMTQzMjEzODQwMA==	54	-1	-1	-1	-1	-1	-1	-1	-1	-1	-1	-1	-1	-1	-1	-1	-1	-1	-1	-1	-1	-1	-1	-1	-1	-1	-1	-1	-1	-1
XMTQzMjI0NTcwMA==	-1	-1	-1	-1	-1	-1	-1	-1	-1	-1	-1	-1	-1	-1	-1	-1	-1	-1	-1	-1	-1	-1	-1	-1	-1	-1	-1	-1	-1	-1
XMTQzMTc0OTU3Ng==	3167	3628	3854	3905	3940	3968	4004	4055	4094	4129	4161	4182	4196	4229	4260	4301	4323	4342	4366	4401	4411	4446	4467	4482	4511	4533	4552	4587	-1	-1
