XMTQzNDI4MDQxMg==	7	10	12	12	12	12	12	12	13	14	14	15	15	15	15	15	15	15	15	-1	-1	-1	-1	-1	-1	-1	-1	-1	-1	-1
XMTQzNTIyMDk0MA==	3	3	3	3	3	3	3	3	3	3	3	3	3	3	3	3	3	3	3	3	3	3	3	3	-1	-1	-1	-1	-1	-1
XMTQzNDE1ODY5Ng==	15	26	29	30	-1	-1	-1	-1	-1	-1	-1	-1	-1	-1	-1	-1	-1	-1	-1	-1	-1	-1	-1	-1	-1	-1	-1	-1	-1	-1
XMTQzNDE5OTIwNA==	595	720	765	778	788	795	795	799	805	-1	-1	-1	-1	-1	-1	-1	-1	-1	-1	-1	-1	-1	-1	-1	-1	-1	-1	-1	-1	-1
XMTQzNDQ5Mjg4MA==	41	46	46	39	40	40	40	40	40	40	40	40	40	40	40	40	40	40	-1	-1	-1	-1	-1	-1	-1	-1	-1	-1	-1	-1
XMTQzNDIxNzE4OA==	160	179	186	182	182	182	-1	-1	-1	-1	-1	-1	-1	-1	-1	-1	-1	-1	-1	-1	-1	-1	-1	-1	-1	-1	-1	-1	-1	-1
XMTQzNDE1MzcyNA==	566	641	642	652	655	659	658	659	659	-1	-1	-1	-1	-1	-1	-1	-1	-1	-1	-1	-1	-1	-1	-1	-1	-1	-1	-1	-1	-1
XMTQzMzYzMTYzNg==	12	15	13	13	-1	-1	-1	-1	-1	-1	-1	-1	-1	-1	-1	-1	-1	-1	-1	-1	-1	-1	-1	-1	-1	-1	-1	-1	-1	-1
XMTQzNDEwMTU5Ng==	15	15	15	15	15	-1	-1	-1	-1	-1	-1	-1	-1	-1	-1	-1	-1	-1	-1	-1	-1	-1	-1	-1	-1	-1	-1	-1	-1	-1
XMTQzMzk5ODE2OA==	2	2	-1	-1	-1	-1	-1	-1	-1	-1	-1	-1	-1	-1	-1	-1	-1	-1	-1	-1	-1	-1	-1	-1	-1	-1	-1	-1	-1	-1
XMTQzNDQxNDU2NA==	3	3	3	3	3	3	3	3	-1	-1	-1	-1	-1	-1	-1	-1	-1	-1	-1	-1	-1	-1	-1	-1	-1	-1	-1	-1	-1	-1
XMTQzMzgyNzk3Mg==	408	434	418	423	426	431	442	447	448	449	450	453	457	460	467	468	480	487	488	-1	-1	-1	-1	-1	-1	-1	-1	-1	-1	-1
XMTQzMzYyODE1Mg==	142	148	145	146	152	157	159	160	167	171	174	174	176	178	181	183	185	185	185	185	185	-1	-1	-1	-1	-1	-1	-1	-1	-1
XMTQzNDI4NjUwMA==	32	46	51	57	58	-1	-1	-1	-1	-1	-1	-1	-1	-1	-1	-1	-1	-1	-1	-1	-1	-1	-1	-1	-1	-1	-1	-1	-1	-1
XMTQzNDE5NjYyMA==	2	2	2	2	2	2	2	2	2	2	2	2	2	2	2	2	2	2	2	2	2	2	2	-1	-1	-1	-1	-1	-1	-1
XMTQzNDQyOTk4MA==	-1	-1	-1	-1	-1	-1	-1	-1	-1	-1	-1	-1	-1	-1	-1	-1	-1	-1	-1	-1	-1	-1	-1	-1	-1	-1	-1	-1	-1	-1
XMTQzMzYwNTAzMg==	676	703	-1	-1	-1	-1	-1	-1	-1	-1	-1	-1	-1	-1	-1	-1	-1	-1	-1	-1	-1	-1	-1	-1	-1	-1	-1	-1	-1	-1
XMTQzMzkzNDIyMA==	6	6	6	6	6	6	6	6	6	6	6	6	6	6	6	7	7	7	7	-1	-1	-1	-1	-1	-1	-1	-1	-1	-1	-1
XMTQzNTI0MDIyMA==	-1	-1	-1	-1	-1	-1	-1	-1	-1	-1	-1	-1	-1	-1	-1	-1	-1	-1	-1	-1	-1	-1	-1	-1	-1	-1	-1	-1	-1	-1
XMTQzNDgwODE2MA==	3	3	3	3	3	3	3	3	3	3	3	3	3	3	3	3	3	3	3	3	-1	-1	-1	-1	-1	-1	-1	-1	-1	-1
XMTQzNDMxMTc2NA==	169	250	334	391	440	497	550	590	610	628	638	645	663	671	681	687	696	707	-1	-1	-1	-1	-1	-1	-1	-1	-1	-1	-1	-1
XMTQzNDYyMTkxMg==	21048	173109	-1	-1	-1	-1	-1	-1	-1	-1	-1	-1	-1	-1	-1	-1	-1	-1	-1	-1	-1	-1	-1	-1	-1	-1	-1	-1	-1	-1
XMTQzNDg5MjI0MA==	28861	-1	-1	-1	-1	-1	-1	-1	-1	-1	-1	-1	-1	-1	-1	-1	-1	-1	-1	-1	-1	-1	-1	-1	-1	-1	-1	-1	-1	-1
XMTQzNDM5NDk2MA==	54	59	59	62	63	64	64	64	64	64	65	65	66	66	-1	-1	-1	-1	-1	-1	-1	-1	-1	-1	-1	-1	-1	-1	-1	-1
XMTQzNDUxMTgyNA==	7	12	14	-1	-1	-1	-1	-1	-1	-1	-1	-1	-1	-1	-1	-1	-1	-1	-1	-1	-1	-1	-1	-1	-1	-1	-1	-1	-1	-1
XMTQzNTE1ODkyOA==	2	2	2	2	2	2	2	2	2	2	2	2	2	-1	-1	-1	-1	-1	-1	-1	-1	-1	-1	-1	-1	-1	-1	-1	-1	-1
XMTQzNTAyNTg2MA==	9	26	27	29	29	30	30	30	30	30	30	31	31	31	31	-1	-1	-1	-1	-1	-1	-1	-1	-1	-1	-1	-1	-1	-1	-1
XMTQzNTA5ODMyNA==	10	-1	-1	-1	-1	-1	-1	-1	-1	-1	-1	-1	-1	-1	-1	-1	-1	-1	-1	-1	-1	-1	-1	-1	-1	-1	-1	-1	-1	-1
XMTQzNDY1OTI2OA==	42	62	67	68	70	73	73	73	73	73	73	73	74	75	75	75	75	75	75	-1	-1	-1	-1	-1	-1	-1	-1	-1	-1	-1
XMTQzNTA0MzY4OA==	38	105	130	141	144	146	147	147	-1	-1	-1	-1	-1	-1	-1	-1	-1	-1	-1	-1	-1	-1	-1	-1	-1	-1	-1	-1	-1	-1
XMTQzMjQyNTMxNg==	8	12	-1	-1	-1	-1	-1	-1	-1	-1	-1	-1	-1	-1	-1	-1	-1	-1	-1	-1	-1	-1	-1	-1	-1	-1	-1	-1	-1	-1
XMTQzNDAzODA4MA==	393	817	905	1006	1045	1122	1171	1197	-1	-1	-1	-1	-1	-1	-1	-1	-1	-1	-1	-1	-1	-1	-1	-1	-1	-1	-1	-1	-1	-1
XMTQzNDQwNTQ4NA==	1	1	1	3	3	3	3	3	3	3	3	3	3	3	3	3	3	3	-1	-1	-1	-1	-1	-1	-1	-1	-1	-1	-1	-1
XMTQzNDEwMTg2NA==	175	197	-1	-1	-1	-1	-1	-1	-1	-1	-1	-1	-1	-1	-1	-1	-1	-1	-1	-1	-1	-1	-1	-1	-1	-1	-1	-1	-1	-1
XMTQzMzU5NzgwNA==	142	167	195	-1	-1	-1	-1	-1	-1	-1	-1	-1	-1	-1	-1	-1	-1	-1	-1	-1	-1	-1	-1	-1	-1	-1	-1	-1	-1	-1
XMTQzMzY0MTQ0OA==	300	305	277	276	-1	-1	-1	-1	-1	-1	-1	-1	-1	-1	-1	-1	-1	-1	-1	-1	-1	-1	-1	-1	-1	-1	-1	-1	-1	-1
XMTQzNDkwMzczNg==	1	2	3	2	2	2	-1	-1	-1	-1	-1	-1	-1	-1	-1	-1	-1	-1	-1	-1	-1	-1	-1	-1	-1	-1	-1	-1	-1	-1
XMTQzMzgyNTE5Mg==	10	11	10	10	11	11	11	12	14	18	17	19	19	20	22	22	22	22	23	24	24	24	24	26	28	29	29	31	-1	-1
XMTQzNDI4NzA2NA==	134	147	150	151	-1	-1	-1	-1	-1	-1	-1	-1	-1	-1	-1	-1	-1	-1	-1	-1	-1	-1	-1	-1	-1	-1	-1	-1	-1	-1
XMTQzMzY4NzA3Mg==	5532	6912	-1	-1	-1	-1	-1	-1	-1	-1	-1	-1	-1	-1	-1	-1	-1	-1	-1	-1	-1	-1	-1	-1	-1	-1	-1	-1	-1	-1
XMTQzNDQ4MzgwMA==	9	10	-1	-1	-1	-1	-1	-1	-1	-1	-1	-1	-1	-1	-1	-1	-1	-1	-1	-1	-1	-1	-1	-1	-1	-1	-1	-1	-1	-1
XMTQzMzc4MDI0OA==	121	130	126	134	139	146	155	157	158	159	161	168	176	181	189	193	195	201	218	-1	-1	-1	-1	-1	-1	-1	-1	-1	-1	-1
XMTQzNDc1MjU2NA==	100466	237378	-1	-1	-1	-1	-1	-1	-1	-1	-1	-1	-1	-1	-1	-1	-1	-1	-1	-1	-1	-1	-1	-1	-1	-1	-1	-1	-1	-1
XMTQzMzU2MzkxMg==	12	12	9	8	8	8	8	8	8	8	8	8	8	8	8	8	8	-1	-1	-1	-1	-1	-1	-1	-1	-1	-1	-1	-1	-1
XMTQzNDE0MjM1Ng==	186	197	208	223	231	238	-1	-1	-1	-1	-1	-1	-1	-1	-1	-1	-1	-1	-1	-1	-1	-1	-1	-1	-1	-1	-1	-1	-1	-1
XMTQzNDM1Mjg4OA==	-1	-1	-1	-1	-1	-1	-1	-1	-1	-1	-1	-1	-1	-1	-1	-1	-1	-1	-1	-1	-1	-1	-1	-1	-1	-1	-1	-1	-1	-1
XMTQzMzg5ODIwNA==	1182	1343	-1	-1	-1	-1	-1	-1	-1	-1	-1	-1	-1	-1	-1	-1	-1	-1	-1	-1	-1	-1	-1	-1	-1	-1	-1	-1	-1	-1
XMTQzNDc3NjYzNg==	18	20	22	-1	-1	-1	-1	-1	-1	-1	-1	-1	-1	-1	-1	-1	-1	-1	-1	-1	-1	-1	-1	-1	-1	-1	-1	-1	-1	-1
XMTQzMzg0NjAzMg==	8	9	8	8	8	8	9	10	10	10	11	-1	-1	-1	-1	-1	-1	-1	-1	-1	-1	-1	-1	-1	-1	-1	-1	-1	-1	-1
XMTQzMzc0OTIxNg==	2681	3019	3333	3534	3815	4513	5208	5753	6137	-1	-1	-1	-1	-1	-1	-1	-1	-1	-1	-1	-1	-1	-1	-1	-1	-1	-1	-1	-1	-1
XMTQzMzk1MDAyNA==	15	15	15	16	16	16	16	16	16	16	16	16	16	16	16	16	16	16	16	16	16	16	16	16	16	16	16	16	-1	-1
XMTQzMzYyNTYxNg==	107	119	118	120	119	123	123	125	126	126	129	131	132	132	132	134	134	134	135	135	135	-1	-1	-1	-1	-1	-1	-1	-1	-1
XMTQzMzQ4Njg2OA==	108	153	167	187	197	221	231	231	231	234	234	234	235	235	235	235	-1	-1	-1	-1	-1	-1	-1	-1	-1	-1	-1	-1	-1	-1
XMTQzNDE5NTM0MA==	8	8	8	8	8	8	8	8	-1	-1	-1	-1	-1	-1	-1	-1	-1	-1	-1	-1	-1	-1	-1	-1	-1	-1	-1	-1	-1	-1
XMTQzNDI2MDUyMA==	218	271	278	273	271	277	278	280	-1	-1	-1	-1	-1	-1	-1	-1	-1	-1	-1	-1	-1	-1	-1	-1	-1	-1	-1	-1	-1	-1
XMTQzNDQ5MzY0OA==	33	92	161	171	169	167	168	169	171	172	173	173	174	178	178	178	178	178	178	178	178	180	181	181	181	-1	-1	-1	-1	-1
XMTQzNDQ0Njg1Ng==	5	5	5	5	5	5	5	6	-1	-1	-1	-1	-1	-1	-1	-1	-1	-1	-1	-1	-1	-1	-1	-1	-1	-1	-1	-1	-1	-1
XMTQzNDUwMTIxNg==	96	-1	-1	-1	-1	-1	-1	-1	-1	-1	-1	-1	-1	-1	-1	-1	-1	-1	-1	-1	-1	-1	-1	-1	-1	-1	-1	-1	-1	-1
XMTQzMzc2NTA0MA==	587	655	664	672	685	698	708	717	729	748	757	774	795	819	827	842	854	866	884	892	909	917	-1	-1	-1	-1	-1	-1	-1	-1
XMTQzNDQ5NDUwMA==	136	211	249	287	333	347	-1	-1	-1	-1	-1	-1	-1	-1	-1	-1	-1	-1	-1	-1	-1	-1	-1	-1	-1	-1	-1	-1	-1	-1
XMTQzMzkzMzA3Ng==	98	101	99	98	-1	-1	-1	-1	-1	-1	-1	-1	-1	-1	-1	-1	-1	-1	-1	-1	-1	-1	-1	-1	-1	-1	-1	-1	-1	-1
XMTQzNDk5OTQ5Ng==	11	16	17	17	-1	-1	-1	-1	-1	-1	-1	-1	-1	-1	-1	-1	-1	-1	-1	-1	-1	-1	-1	-1	-1	-1	-1	-1	-1	-1
XMTQzMzY3NTkzMg==	166	-1	-1	-1	-1	-1	-1	-1	-1	-1	-1	-1	-1	-1	-1	-1	-1	-1	-1	-1	-1	-1	-1	-1	-1	-1	-1	-1	-1	-1
XMTQzNDQ1MDA2MA==	5	6	6	5	4	4	4	4	-1	-1	-1	-1	-1	-1	-1	-1	-1	-1	-1	-1	-1	-1	-1	-1	-1	-1	-1	-1	-1	-1
XMTQzNDQ3NTQyMA==	276	683	2936	4153	4562	4820	5026	5226	5365	5487	5489	5493	5495	5501	5503	5504	5504	5505	5506	5508	5513	5517	5521	5523	-1	-1	-1	-1	-1	-1
XMTQzNDkyOTQ0NA==	1	1	1	1	2	2	2	2	2	2	2	2	2	2	2	2	2	2	2	2	2	-1	-1	-1	-1	-1	-1	-1	-1	-1
XMTQzMzUwNTcwOA==	97	127	155	190	202	234	244	280	305	314	327	339	345	351	360	383	390	400	406	409	428	443	-1	-1	-1	-1	-1	-1	-1	-1
XMTQzMzY5MjY0MA==	118	-1	-1	-1	-1	-1	-1	-1	-1	-1	-1	-1	-1	-1	-1	-1	-1	-1	-1	-1	-1	-1	-1	-1	-1	-1	-1	-1	-1	-1
XMTQzNDE5ODcxMg==	12	12	12	12	12	-1	-1	-1	-1	-1	-1	-1	-1	-1	-1	-1	-1	-1	-1	-1	-1	-1	-1	-1	-1	-1	-1	-1	-1	-1
XMTQzMzk1NzM0NA==	309	-1	338	352	357	368	378	381	381	384	387	392	396	402	406	409	413	421	426	431	433	434	444	450	450	449	458	460	461	462
XMTQzNDc2MzU3Ng==	1	-1	-1	-1	-1	-1	-1	-1	-1	-1	-1	-1	-1	-1	-1	-1	-1	-1	-1	-1	-1	-1	-1	-1	-1	-1	-1	-1	-1	-1
XMTQzNDYyMjAyMA==	3	3	3	-1	-1	-1	-1	-1	-1	-1	-1	-1	-1	-1	-1	-1	-1	-1	-1	-1	-1	-1	-1	-1	-1	-1	-1	-1	-1	-1
XMTQzMzY5MDE2MA==	2	2	1	1	1	-1	-1	-1	-1	-1	-1	-1	-1	-1	-1	-1	-1	-1	-1	-1	-1	-1	-1	-1	-1	-1	-1	-1	-1	-1
XMTQzNDc3MTI5Mg==	2	9	11	11	15	15	16	-1	-1	-1	-1	-1	-1	-1	-1	-1	-1	-1	-1	-1	-1	-1	-1	-1	-1	-1	-1	-1	-1	-1
XMTQzNDkxMTg4NA==	7	13	16	15	16	16	-1	-1	-1	-1	-1	-1	-1	-1	-1	-1	-1	-1	-1	-1	-1	-1	-1	-1	-1	-1	-1	-1	-1	-1
XMTQzMzY4NDkzMg==	125	-1	-1	-1	-1	-1	-1	-1	-1	-1	-1	-1	-1	-1	-1	-1	-1	-1	-1	-1	-1	-1	-1	-1	-1	-1	-1	-1	-1	-1
XMTQzMzU3NTU0MA==	48	48	45	42	43	46	52	52	52	54	54	54	55	55	55	-1	-1	-1	-1	-1	-1	-1	-1	-1	-1	-1	-1	-1	-1	-1
XMTQzNDA2ODE1Ng==	439	596	661	674	680	690	699	703	707	714	717	722	725	727	728	728	728	730	734	736	737	737	-1	-1	-1	-1	-1	-1	-1	-1
XMTQzNDA5NDk4OA==	1605	1950	2108	2247	2413	2629	2719	2750	2790	2823	2855	2903	2999	-1	-1	-1	-1	-1	-1	-1	-1	-1	-1	-1	-1	-1	-1	-1	-1	-1
XMTQzNDIwNjA0OA==	9	9	9	-1	-1	-1	-1	-1	-1	-1	-1	-1	-1	-1	-1	-1	-1	-1	-1	-1	-1	-1	-1	-1	-1	-1	-1	-1	-1	-1
XMTQzMzU0NDAyOA==	26	27	25	25	25	-1	-1	-1	-1	-1	-1	-1	-1	-1	-1	-1	-1	-1	-1	-1	-1	-1	-1	-1	-1	-1	-1	-1	-1	-1
XMTQzNDQyODg4OA==	7	8	8	7	6	7	7	8	-1	-1	-1	-1	-1	-1	-1	-1	-1	-1	-1	-1	-1	-1	-1	-1	-1	-1	-1	-1	-1	-1
XMTQzMzYyMzE4NA==	135	152	153	155	160	162	168	169	171	175	176	176	177	178	181	185	185	185	187	188	189	-1	-1	-1	-1	-1	-1	-1	-1	-1
XMTQzNDMwODA4NA==	18	23	27	34	35	37	37	41	43	48	52	54	58	61	68	71	73	73	74	-1	-1	-1	-1	-1	-1	-1	-1	-1	-1	-1
XMTQzMzEzMTMwOA==	155	-1	-1	-1	-1	-1	-1	-1	-1	-1	-1	-1	-1	-1	-1	-1	-1	-1	-1	-1	-1	-1	-1	-1	-1	-1	-1	-1	-1	-1
XMTQzNDk2MjE0OA==	8	13	14	14	14	15	18	19	20	20	23	25	25	27	28	28	30	34	35	34	34	35	36	-1	-1	-1	-1	-1	-1	-1
XMTQzMzQ1MjE2OA==	5	7	7	7	7	7	7	7	8	8	8	8	8	8	8	8	8	9	10	10	11	-1	-1	-1	-1	-1	-1	-1	-1	-1
XMTQzMzY3NjM2OA==	131	144	151	151	155	-1	-1	-1	-1	-1	-1	-1	-1	-1	-1	-1	-1	-1	-1	-1	-1	-1	-1	-1	-1	-1	-1	-1	-1	-1
XMTQzNDc3NTg4NA==	4	5	7	7	7	7	7	7	7	7	7	7	7	7	7	7	7	7	-1	-1	-1	-1	-1	-1	-1	-1	-1	-1	-1	-1
XMTQzNDExMDQwMA==	117	140	136	136	-1	-1	-1	-1	-1	-1	-1	-1	-1	-1	-1	-1	-1	-1	-1	-1	-1	-1	-1	-1	-1	-1	-1	-1	-1	-1
XMTQzNDc2NzU0MA==	3	6	-1	-1	-1	-1	-1	-1	-1	-1	-1	-1	-1	-1	-1	-1	-1	-1	-1	-1	-1	-1	-1	-1	-1	-1	-1	-1	-1	-1
XMTQzNDk0NDkwOA==	4	6	6	6	6	6	-1	-1	-1	-1	-1	-1	-1	-1	-1	-1	-1	-1	-1	-1	-1	-1	-1	-1	-1	-1	-1	-1	-1	-1
XMTQzMzYzMzY1Mg==	50	58	86	128	-1	-1	-1	-1	-1	-1	-1	-1	-1	-1	-1	-1	-1	-1	-1	-1	-1	-1	-1	-1	-1	-1	-1	-1	-1	-1
XMTQzNDMyMjk3Ng==	8	9	10	-1	-1	-1	-1	-1	-1	-1	-1	-1	-1	-1	-1	-1	-1	-1	-1	-1	-1	-1	-1	-1	-1	-1	-1	-1	-1	-1
XMTQzMzgxMDE2OA==	171	176	181	187	196	198	212	220	221	224	226	238	253	257	262	268	282	289	304	-1	-1	-1	-1	-1	-1	-1	-1	-1	-1	-1
XMTQzMzc5MzE4OA==	140	156	168	173	176	179	186	194	194	196	196	199	213	215	220	226	230	236	241	244	249	256	266	271	276	281	287	-1	-1	-1
XMTQzNTIzOTgwNA==	1	8	10	-1	-1	-1	-1	-1	-1	-1	-1	-1	-1	-1	-1	-1	-1	-1	-1	-1	-1	-1	-1	-1	-1	-1	-1	-1	-1	-1
XMTQzNDMyMjkxMg==	2	3	3	3	3	3	3	3	3	3	3	3	3	-1	-1	-1	-1	-1	-1	-1	-1	-1	-1	-1	-1	-1	-1	-1	-1	-1
XMTQzNDc2NDA1Mg==	1	1	2	-1	-1	-1	-1	-1	-1	-1	-1	-1	-1	-1	-1	-1	-1	-1	-1	-1	-1	-1	-1	-1	-1	-1	-1	-1	-1	-1
XMTQzNDY0OTQxNg==	12	24	27	27	27	27	28	28	28	28	-1	-1	-1	-1	-1	-1	-1	-1	-1	-1	-1	-1	-1	-1	-1	-1	-1	-1	-1	-1
XMTQzMzc2MzIyMA==	102	106	117	120	128	134	148	150	155	161	162	170	174	181	189	194	201	211	231	-1	-1	-1	-1	-1	-1	-1	-1	-1	-1	-1
XMTQzNDM1NTExNg==	241	550	748	827	859	891	916	924	935	974	-1	-1	-1	-1	-1	-1	-1	-1	-1	-1	-1	-1	-1	-1	-1	-1	-1	-1	-1	-1
XMTQzNDM4NDczNg==	5	7	9	14	-1	-1	-1	-1	-1	-1	-1	-1	-1	-1	-1	-1	-1	-1	-1	-1	-1	-1	-1	-1	-1	-1	-1	-1	-1	-1
XMTQzMzc3NDExMg==	144	155	162	164	173	192	573	638	743	748	742	747	749	764	774	775	-1	-1	-1	-1	-1	-1	-1	-1	-1	-1	-1	-1	-1	-1
XMTQzNTE1MzMyNA==	16	31	35	34	34	38	39	54	63	63	-1	-1	-1	-1	-1	-1	-1	-1	-1	-1	-1	-1	-1	-1	-1	-1	-1	-1	-1	-1
XMTQzNTAyNzMyNA==	9	12	17	19	19	19	20	20	20	20	20	21	21	21	21	-1	-1	-1	-1	-1	-1	-1	-1	-1	-1	-1	-1	-1	-1	-1
XMTQzMzYwNzcxMg==	466	-1	-1	-1	-1	-1	-1	-1	-1	-1	-1	-1	-1	-1	-1	-1	-1	-1	-1	-1	-1	-1	-1	-1	-1	-1	-1	-1	-1	-1
XMTQzNTI1NTAyOA==	2	5	5	-1	-1	-1	-1	-1	-1	-1	-1	-1	-1	-1	-1	-1	-1	-1	-1	-1	-1	-1	-1	-1	-1	-1	-1	-1	-1	-1
XMTQzNDAxMjA0OA==	18	18	18	18	18	18	18	18	18	18	18	18	18	18	-1	-1	-1	-1	-1	-1	-1	-1	-1	-1	-1	-1	-1	-1	-1	-1
XMTQzNDM5NTc1Mg==	6	6	5	5	5	5	5	5	-1	-1	-1	-1	-1	-1	-1	-1	-1	-1	-1	-1	-1	-1	-1	-1	-1	-1	-1	-1	-1	-1
XMTQzMzg0NjQwNA==	273	366	445	454	-1	-1	-1	-1	-1	-1	-1	-1	-1	-1	-1	-1	-1	-1	-1	-1	-1	-1	-1	-1	-1	-1	-1	-1	-1	-1
XMTQzNDQ5NjQ2OA==	28	96	249	257	261	262	262	264	265	265	265	265	265	268	268	268	268	268	268	268	268	270	271	271	271	-1	-1	-1	-1	-1
XMTQzNDE0MjMyMA==	-1	-1	-1	-1	-1	-1	-1	-1	-1	-1	-1	-1	-1	-1	-1	-1	-1	-1	-1	-1	-1	-1	-1	-1	-1	-1	-1	-1	-1	-1
XMTQzMzY1NjkzNg==	1177	1732	2147	2464	2703	3017	3220	3330	3323	3336	3346	3358	3373	3393	3399	3406	-1	-1	-1	-1	-1	-1	-1	-1	-1	-1	-1	-1	-1	-1
XMTQzMzY3Njg2OA==	137	-1	-1	-1	-1	-1	-1	-1	-1	-1	-1	-1	-1	-1	-1	-1	-1	-1	-1	-1	-1	-1	-1	-1	-1	-1	-1	-1	-1	-1
XMTQzNDEwNzIxMg==	137	169	204	-1	-1	-1	-1	-1	-1	-1	-1	-1	-1	-1	-1	-1	-1	-1	-1	-1	-1	-1	-1	-1	-1	-1	-1	-1	-1	-1
XMTQzMzcwMTMyOA==	131	-1	-1	-1	-1	-1	-1	-1	-1	-1	-1	-1	-1	-1	-1	-1	-1	-1	-1	-1	-1	-1	-1	-1	-1	-1	-1	-1	-1	-1
XMTQzNDExNDkzMg==	-1	-1	-1	-1	-1	-1	-1	-1	-1	-1	-1	-1	-1	-1	-1	-1	-1	-1	-1	-1	-1	-1	-1	-1	-1	-1	-1	-1	-1	-1
XMTQzMzU2MTA1Ng==	40	42	39	42	43	43	43	46	47	47	-1	-1	-1	-1	-1	-1	-1	-1	-1	-1	-1	-1	-1	-1	-1	-1	-1	-1	-1	-1
XMTQzNTAxNjU4NA==	5	8	8	7	6	-1	-1	-1	-1	-1	-1	-1	-1	-1	-1	-1	-1	-1	-1	-1	-1	-1	-1	-1	-1	-1	-1	-1	-1	-1
XMTQzNDEwMTY3Ng==	5	5	5	6	6	6	6	6	6	6	7	7	7	7	-1	-1	-1	-1	-1	-1	-1	-1	-1	-1	-1	-1	-1	-1	-1	-1
XMTQzNDQ3OTMyOA==	199	215	220	228	237	238	-1	-1	-1	-1	-1	-1	-1	-1	-1	-1	-1	-1	-1	-1	-1	-1	-1	-1	-1	-1	-1	-1	-1	-1
XMTQzNTE4NjgwMA==	16	21	22	22	22	24	24	24	24	24	24	24	24	24	24	-1	-1	-1	-1	-1	-1	-1	-1	-1	-1	-1	-1	-1	-1	-1
XMTQzNDkzMDg2MA==	1	1	1	1	1	1	-1	-1	-1	-1	-1	-1	-1	-1	-1	-1	-1	-1	-1	-1	-1	-1	-1	-1	-1	-1	-1	-1	-1	-1
XMTQzNDI5ODMzNg==	352	463	730	1142	1776	1836	1909	1962	1992	2013	2046	2090	2122	2162	2175	2204	2235	2256	2299	2331	2375	2431	2479	2537	2568	2594	-1	-1	-1	-1
XMTQzNDI1ODkwOA==	274	330	349	362	383	387	391	391	391	394	394	394	394	-1	-1	-1	-1	-1	-1	-1	-1	-1	-1	-1	-1	-1	-1	-1	-1	-1
XMTQzNDUzMDMwOA==	552	602	631	649	699	706	716	-1	-1	-1	-1	-1	-1	-1	-1	-1	-1	-1	-1	-1	-1	-1	-1	-1	-1	-1	-1	-1	-1	-1
XMTQzMzk2MjY4MA==	17	17	15	17	17	18	18	18	18	19	19	19	19	22	22	22	22	-1	-1	-1	-1	-1	-1	-1	-1	-1	-1	-1	-1	-1
XMTQzNDQ1NTA2OA==	193	252	260	267	266	276	273	274	-1	-1	-1	-1	-1	-1	-1	-1	-1	-1	-1	-1	-1	-1	-1	-1	-1	-1	-1	-1	-1	-1
XMTQzMzQ4Mjk3Ng==	8	8	5	5	5	5	5	5	5	5	5	5	5	6	6	-1	-1	-1	-1	-1	-1	-1	-1	-1	-1	-1	-1	-1	-1	-1
XMTQzMzYwNzk5Mg==	316	345	-1	-1	-1	-1	-1	-1	-1	-1	-1	-1	-1	-1	-1	-1	-1	-1	-1	-1	-1	-1	-1	-1	-1	-1	-1	-1	-1	-1
XMTQzNTEzMTU2NA==	2	-1	-1	-1	-1	-1	-1	-1	-1	-1	-1	-1	-1	-1	-1	-1	-1	-1	-1	-1	-1	-1	-1	-1	-1	-1	-1	-1	-1	-1
XMTQzMzc4MDk2MA==	70	70	72	73	73	80	84	85	86	87	88	88	88	-1	-1	-1	-1	-1	-1	-1	-1	-1	-1	-1	-1	-1	-1	-1	-1	-1
XMTQzNDc1MDYxMg==	167	201	219	233	239	243	257	262	270	291	295	-1	-1	-1	-1	-1	-1	-1	-1	-1	-1	-1	-1	-1	-1	-1	-1	-1	-1	-1
XMTQzMzk1NTg2MA==	-1	-1	-1	-1	-1	-1	-1	-1	-1	-1	-1	-1	-1	-1	-1	-1	-1	-1	-1	-1	-1	-1	-1	-1	-1	-1	-1	-1	-1	-1
XMTQzNTA0NTg3Ng==	3	-1	-1	-1	-1	-1	-1	-1	-1	-1	-1	-1	-1	-1	-1	-1	-1	-1	-1	-1	-1	-1	-1	-1	-1	-1	-1	-1	-1	-1
XMTQzNDA3NjI4OA==	82	-1	-1	-1	-1	-1	-1	-1	-1	-1	-1	-1	-1	-1	-1	-1	-1	-1	-1	-1	-1	-1	-1	-1	-1	-1	-1	-1	-1	-1
XMTQzNDQ5NTAxMg==	764	-1	-1	-1	-1	-1	-1	-1	-1	-1	-1	-1	-1	-1	-1	-1	-1	-1	-1	-1	-1	-1	-1	-1	-1	-1	-1	-1	-1	-1
XMTQzMzU1NzI1Mg==	149	194	199	206	216	225	230	234	242	254	257	-1	-1	-1	-1	-1	-1	-1	-1	-1	-1	-1	-1	-1	-1	-1	-1	-1	-1	-1
XMTQzMzg4MDc2OA==	10	11	12	12	12	-1	-1	-1	-1	-1	-1	-1	-1	-1	-1	-1	-1	-1	-1	-1	-1	-1	-1	-1	-1	-1	-1	-1	-1	-1
XMTQzNDEwNjYyNA==	3	3	3	4	4	4	4	4	4	4	5	5	5	5	-1	-1	-1	-1	-1	-1	-1	-1	-1	-1	-1	-1	-1	-1	-1	-1
XMTQzMzk5NDYzNg==	-1	-1	-1	-1	-1	-1	-1	-1	-1	-1	-1	-1	-1	-1	-1	-1	-1	-1	-1	-1	-1	-1	-1	-1	-1	-1	-1	-1	-1	-1
XMTQzMzc0NTQwOA==	28	28	28	29	30	29	29	29	29	29	31	31	31	31	31	31	31	31	31	31	31	31	31	31	31	31	31	31	-1	-1
XMTQzNDkyMzkzNg==	4	9	10	10	10	10	-1	-1	-1	-1	-1	-1	-1	-1	-1	-1	-1	-1	-1	-1	-1	-1	-1	-1	-1	-1	-1	-1	-1	-1
XMTQzNDM4Njk4OA==	789	1080	1252	1328	1386	1446	1524	1554	1578	1610	-1	-1	-1	-1	-1	-1	-1	-1	-1	-1	-1	-1	-1	-1	-1	-1	-1	-1	-1	-1
XMTQzNDc5NzQ2MA==	39	63	66	65	65	66	66	67	69	69	70	70	71	71	71	71	71	73	74	75	-1	-1	-1	-1	-1	-1	-1	-1	-1	-1
XMTQzMzg0MDEzNg==	535	547	507	-1	-1	-1	-1	-1	-1	-1	-1	-1	-1	-1	-1	-1	-1	-1	-1	-1	-1	-1	-1	-1	-1	-1	-1	-1	-1	-1
XMTQzMzc2NDk1Mg==	212	228	230	236	250	270	289	301	308	310	311	316	324	331	337	346	355	368	385	-1	-1	-1	-1	-1	-1	-1	-1	-1	-1	-1
XMTQzNDA1MDYzNg==	12	12	12	13	-1	-1	-1	-1	-1	-1	-1	-1	-1	-1	-1	-1	-1	-1	-1	-1	-1	-1	-1	-1	-1	-1	-1	-1	-1	-1
XMTQzNDgzNjIwOA==	7	-1	-1	-1	-1	-1	-1	-1	-1	-1	-1	-1	-1	-1	-1	-1	-1	-1	-1	-1	-1	-1	-1	-1	-1	-1	-1	-1	-1	-1
XMTQzNDc0MTQ3Ng==	18	20	20	21	21	21	-1	-1	-1	-1	-1	-1	-1	-1	-1	-1	-1	-1	-1	-1	-1	-1	-1	-1	-1	-1	-1	-1	-1	-1
XMTQzNDM4Nzk2NA==	132	223	281	340	432	523	562	603	643	670	708	753	785	823	848	886	919	952	979	1011	1040	1073	1097	1119	1147	1173	-1	-1	-1	-1
XMTQzNDI2NTc1Ng==	113	147	148	145	147	147	147	147	-1	-1	-1	-1	-1	-1	-1	-1	-1	-1	-1	-1	-1	-1	-1	-1	-1	-1	-1	-1	-1	-1
XMTQzNDUzNTA2NA==	2324	4607	4607	9529	18971	27171	35529	43217	48283	48283	-1	-1	-1	-1	-1	-1	-1	-1	-1	-1	-1	-1	-1	-1	-1	-1	-1	-1	-1	-1
XMTQzNDUxMDIwNA==	64	196	261	275	292	294	314	320	330	335	338	340	341	356	360	361	364	366	366	368	370	371	376	378	378	-1	-1	-1	-1	-1
XMTQzNDg1NjE2OA==	2593	10211	21483	32106	41936	54760	63882	70340	-1	-1	-1	-1	-1	-1	-1	-1	-1	-1	-1	-1	-1	-1	-1	-1	-1	-1	-1	-1	-1	-1
XMTQzNDYxMTYxMg==	7061	7077	7087	51	51	52	54	-1	-1	-1	-1	-1	-1	-1	-1	-1	-1	-1	-1	-1	-1	-1	-1	-1	-1	-1	-1	-1	-1	-1
XMTQzNDE0NDU1Ng==	2	2	2	2	2	2	-1	-1	-1	-1	-1	-1	-1	-1	-1	-1	-1	-1	-1	-1	-1	-1	-1	-1	-1	-1	-1	-1	-1	-1
XMTQzMzUwNTM3Ng==	279	299	286	287	287	287	299	301	304	305	305	305	313	313	314	-1	-1	-1	-1	-1	-1	-1	-1	-1	-1	-1	-1	-1	-1	-1
XMTQzNDUxNDY4OA==	9	11	12	13	14	14	14	14	14	14	14	14	14	14	14	14	14	-1	-1	-1	-1	-1	-1	-1	-1	-1	-1	-1	-1	-1
XMTQzNDkwNDA1Mg==	2	2	4	4	4	4	-1	-1	-1	-1	-1	-1	-1	-1	-1	-1	-1	-1	-1	-1	-1	-1	-1	-1	-1	-1	-1	-1	-1	-1
XMTQzMzkxMDY1Ng==	55	67	69	78	78	79	86	-1	-1	-1	-1	-1	-1	-1	-1	-1	-1	-1	-1	-1	-1	-1	-1	-1	-1	-1	-1	-1	-1	-1
XMTQzMzY3NzQ1Ng==	6	6	7	10	11	11	11	13	13	13	14	14	14	14	14	15	15	15	15	15	15	15	15	15	15	-1	-1	-1	-1	-1
XMTQzNTE5ODEyMA==	3	-1	-1	-1	-1	-1	-1	-1	-1	-1	-1	-1	-1	-1	-1	-1	-1	-1	-1	-1	-1	-1	-1	-1	-1	-1	-1	-1	-1	-1
XMTQzNDE5ODk4MA==	16	18	20	20	20	20	20	21	-1	-1	-1	-1	-1	-1	-1	-1	-1	-1	-1	-1	-1	-1	-1	-1	-1	-1	-1	-1	-1	-1
XMTQzNDQ5NjkzMg==	90	-1	-1	-1	-1	-1	-1	-1	-1	-1	-1	-1	-1	-1	-1	-1	-1	-1	-1	-1	-1	-1	-1	-1	-1	-1	-1	-1	-1	-1
XMTQzNDgyMDk0MA==	70	-1	-1	-1	-1	-1	-1	-1	-1	-1	-1	-1	-1	-1	-1	-1	-1	-1	-1	-1	-1	-1	-1	-1	-1	-1	-1	-1	-1	-1
XMTQzNTAzMDk0NA==	57279	-1	-1	-1	-1	-1	-1	-1	-1	-1	-1	-1	-1	-1	-1	-1	-1	-1	-1	-1	-1	-1	-1	-1	-1	-1	-1	-1	-1	-1
XMTQzNDM5NTI0MA==	273	-1	-1	-1	-1	-1	-1	-1	-1	-1	-1	-1	-1	-1	-1	-1	-1	-1	-1	-1	-1	-1	-1	-1	-1	-1	-1	-1	-1	-1
XMTQzNDAyNzc4NA==	85	-1	-1	-1	-1	-1	-1	-1	-1	-1	-1	-1	-1	-1	-1	-1	-1	-1	-1	-1	-1	-1	-1	-1	-1	-1	-1	-1	-1	-1
XMTQzNDM2MzI0MA==	159	162	154	157	158	159	160	160	163	163	-1	-1	-1	-1	-1	-1	-1	-1	-1	-1	-1	-1	-1	-1	-1	-1	-1	-1	-1	-1
XMTQzMzcwMzEwMA==	48	-1	-1	-1	-1	-1	-1	-1	-1	-1	-1	-1	-1	-1	-1	-1	-1	-1	-1	-1	-1	-1	-1	-1	-1	-1	-1	-1	-1	-1
XMTQzNDUxNjY3Ng==	214	284	320	333	338	346	350	354	356	356	360	361	369	381	392	397	400	398	399	400	401	406	410	417	419	421	422	426	-1	-1
XMTQzMzgxMTUxMg==	17	65	64	64	62	62	62	-1	-1	-1	-1	-1	-1	-1	-1	-1	-1	-1	-1	-1	-1	-1	-1	-1	-1	-1	-1	-1	-1	-1
XMTQzNDMyODU1Mg==	50	51	48	47	49	50	50	50	51	51	51	51	51	51	51	51	51	51	-1	-1	-1	-1	-1	-1	-1	-1	-1	-1	-1	-1
XMTQzNDM1NTE4MA==	63	262	532	591	617	640	651	661	662	670	-1	-1	-1	-1	-1	-1	-1	-1	-1	-1	-1	-1	-1	-1	-1	-1	-1	-1	-1	-1
XMTQzMzg4NDMxMg==	164	-1	-1	-1	-1	-1	-1	-1	-1	-1	-1	-1	-1	-1	-1	-1	-1	-1	-1	-1	-1	-1	-1	-1	-1	-1	-1	-1	-1	-1
XMTQzNDUzMTc3Mg==	2398	4764	4764	10172	19876	28261	37466	45089	53132	60514	-1	-1	-1	-1	-1	-1	-1	-1	-1	-1	-1	-1	-1	-1	-1	-1	-1	-1	-1	-1
XMTQzNDI1MzA1Mg==	183	229	243	251	264	271	273	274	-1	-1	-1	-1	-1	-1	-1	-1	-1	-1	-1	-1	-1	-1	-1	-1	-1	-1	-1	-1	-1	-1
XMTQzNDQ0MjQ3Mg==	10	-1	-1	-1	-1	-1	-1	-1	-1	-1	-1	-1	-1	-1	-1	-1	-1	-1	-1	-1	-1	-1	-1	-1	-1	-1	-1	-1	-1	-1
XMTQzNTEwODc3Ng==	2	-1	-1	-1	-1	-1	-1	-1	-1	-1	-1	-1	-1	-1	-1	-1	-1	-1	-1	-1	-1	-1	-1	-1	-1	-1	-1	-1	-1	-1
XMTQzNDAxNDEzMg==	49	57	68	74	-1	-1	-1	-1	-1	-1	-1	-1	-1	-1	-1	-1	-1	-1	-1	-1	-1	-1	-1	-1	-1	-1	-1	-1	-1	-1
XMTQzNDk2MDI0OA==	3	7	7	10	10	11	-1	-1	-1	-1	-1	-1	-1	-1	-1	-1	-1	-1	-1	-1	-1	-1	-1	-1	-1	-1	-1	-1	-1	-1
XMTQzNDM5NDI5Ng==	514	-1	-1	-1	-1	-1	-1	-1	-1	-1	-1	-1	-1	-1	-1	-1	-1	-1	-1	-1	-1	-1	-1	-1	-1	-1	-1	-1	-1	-1
XMTQzNDkyODEzNg==	1	1	1	2	2	2	-1	-1	-1	-1	-1	-1	-1	-1	-1	-1	-1	-1	-1	-1	-1	-1	-1	-1	-1	-1	-1	-1	-1	-1
XMTQzMzk4NTg1Mg==	53	60	79	85	86	90	94	94	94	95	95	96	96	101	103	103	102	104	104	106	106	108	-1	-1	-1	-1	-1	-1	-1	-1
XMTQzNDkxMjU2MA==	4	6	7	8	9	9	-1	-1	-1	-1	-1	-1	-1	-1	-1	-1	-1	-1	-1	-1	-1	-1	-1	-1	-1	-1	-1	-1	-1	-1
XMTQzNDMwMTkwMA==	83	192	198	205	208	-1	-1	-1	-1	-1	-1	-1	-1	-1	-1	-1	-1	-1	-1	-1	-1	-1	-1	-1	-1	-1	-1	-1	-1	-1
XMTQzNDkxNDYzMg==	8	16	17	17	17	17	17	17	17	17	17	17	17	18	18	18	18	18	18	18	-1	-1	-1	-1	-1	-1	-1	-1	-1	-1
XMTQzNDAxMTAxMg==	130	136	143	145	144	145	145	146	146	146	147	147	147	147	148	148	148	148	149	149	149	149	-1	-1	-1	-1	-1	-1	-1	-1
XMTQzNDMyMjUwOA==	29	30	38	-1	-1	-1	-1	-1	-1	-1	-1	-1	-1	-1	-1	-1	-1	-1	-1	-1	-1	-1	-1	-1	-1	-1	-1	-1	-1	-1
XMTQzNDUwMzM0MA==	24	-1	-1	-1	-1	-1	-1	-1	-1	-1	-1	-1	-1	-1	-1	-1	-1	-1	-1	-1	-1	-1	-1	-1	-1	-1	-1	-1	-1	-1
XMTQzNDM1ODg1Ng==	6	7	7	7	7	7	7	7	8	8	8	-1	-1	-1	-1	-1	-1	-1	-1	-1	-1	-1	-1	-1	-1	-1	-1	-1	-1	-1
XMTQzNTAzNTI4OA==	16084	40111	103066	103757	120728	106630	-1	-1	-1	-1	-1	-1	-1	-1	-1	-1	-1	-1	-1	-1	-1	-1	-1	-1	-1	-1	-1	-1	-1	-1
XMTQzNDMzNTI5Mg==	12	16	16	18	18	-1	-1	-1	-1	-1	-1	-1	-1	-1	-1	-1	-1	-1	-1	-1	-1	-1	-1	-1	-1	-1	-1	-1	-1	-1
XMTQzNTI0MDIyOA==	-1	-1	-1	-1	-1	-1	-1	-1	-1	-1	-1	-1	-1	-1	-1	-1	-1	-1	-1	-1	-1	-1	-1	-1	-1	-1	-1	-1	-1	-1
XMTQzNTA4NjMyNA==	6	11	12	14	14	13	13	13	-1	-1	-1	-1	-1	-1	-1	-1	-1	-1	-1	-1	-1	-1	-1	-1	-1	-1	-1	-1	-1	-1
XMTQzNTAzNzI4NA==	2	-1	-1	-1	-1	-1	-1	-1	-1	-1	-1	-1	-1	-1	-1	-1	-1	-1	-1	-1	-1	-1	-1	-1	-1	-1	-1	-1	-1	-1
XMTQzNDE5NTY0OA==	110	-1	-1	-1	-1	-1	-1	-1	-1	-1	-1	-1	-1	-1	-1	-1	-1	-1	-1	-1	-1	-1	-1	-1	-1	-1	-1	-1	-1	-1
XMTQzMzk5OTc4NA==	-1	-1	-1	-1	-1	-1	-1	-1	-1	-1	-1	-1	-1	-1	-1	-1	-1	-1	-1	-1	-1	-1	-1	-1	-1	-1	-1	-1	-1	-1
XMTQzMzU3NzA0NA==	13	14	12	11	11	11	11	11	11	11	11	11	11	11	11	11	11	-1	-1	-1	-1	-1	-1	-1	-1	-1	-1	-1	-1	-1
XMTQzNDM5NjAwMA==	13	-1	-1	-1	-1	-1	-1	-1	-1	-1	-1	-1	-1	-1	-1	-1	-1	-1	-1	-1	-1	-1	-1	-1	-1	-1	-1	-1	-1	-1
XMTQzNDk4MzMyOA==	251	919	1652	2299	-1	-1	-1	-1	-1	-1	-1	-1	-1	-1	-1	-1	-1	-1	-1	-1	-1	-1	-1	-1	-1	-1	-1	-1	-1	-1
XMTQzMzg5ODc1Ng==	9	10	11	10	9	9	-1	-1	-1	-1	-1	-1	-1	-1	-1	-1	-1	-1	-1	-1	-1	-1	-1	-1	-1	-1	-1	-1	-1	-1
XMTQzMzUwNzU1Ng==	4	5	5	5	5	5	5	5	5	5	5	5	5	-1	-1	-1	-1	-1	-1	-1	-1	-1	-1	-1	-1	-1	-1	-1	-1	-1
XMTQzNDE5MjMyMA==	7	7	7	7	7	8	8	8	-1	-1	-1	-1	-1	-1	-1	-1	-1	-1	-1	-1	-1	-1	-1	-1	-1	-1	-1	-1	-1	-1
XMTQzMzU3OTYyMA==	468	659	775	775	-1	-1	-1	-1	-1	-1	-1	-1	-1	-1	-1	-1	-1	-1	-1	-1	-1	-1	-1	-1	-1	-1	-1	-1	-1	-1
XMTQzNDkzMTY4OA==	16	-1	-1	-1	-1	-1	-1	-1	-1	-1	-1	-1	-1	-1	-1	-1	-1	-1	-1	-1	-1	-1	-1	-1	-1	-1	-1	-1	-1	-1
XMTQzNDkwMzU3Mg==	4	5	5	4	4	4	-1	-1	-1	-1	-1	-1	-1	-1	-1	-1	-1	-1	-1	-1	-1	-1	-1	-1	-1	-1	-1	-1	-1	-1
XMTQzNDYyNzYyOA==	4506	4519	4520	23	23	23	23	-1	-1	-1	-1	-1	-1	-1	-1	-1	-1	-1	-1	-1	-1	-1	-1	-1	-1	-1	-1	-1	-1	-1
XMTQzMzg3OTUzMg==	136	-1	-1	-1	-1	-1	-1	-1	-1	-1	-1	-1	-1	-1	-1	-1	-1	-1	-1	-1	-1	-1	-1	-1	-1	-1	-1	-1	-1	-1
XMTQzNTA2NDI4NA==	25	79	227	292	-1	-1	-1	-1	-1	-1	-1	-1	-1	-1	-1	-1	-1	-1	-1	-1	-1	-1	-1	-1	-1	-1	-1	-1	-1	-1
XMTQzNDQ1NzQ5Ng==	8	8	8	6	7	7	7	7	-1	-1	-1	-1	-1	-1	-1	-1	-1	-1	-1	-1	-1	-1	-1	-1	-1	-1	-1	-1	-1	-1
XMTQzNTAyODE3Mg==	18	23	27	31	51	67	69	75	73	73	74	75	75	75	75	-1	-1	-1	-1	-1	-1	-1	-1	-1	-1	-1	-1	-1	-1	-1
XMTQzMzk1MDE3Mg==	16	19	16	16	16	18	19	19	20	20	24	-1	-1	-1	-1	-1	-1	-1	-1	-1	-1	-1	-1	-1	-1	-1	-1	-1	-1	-1
XMTQzNDUxMjc2NA==	924	2131	2816	3407	3809	4075	4240	4367	-1	-1	-1	-1	-1	-1	-1	-1	-1	-1	-1	-1	-1	-1	-1	-1	-1	-1	-1	-1	-1	-1
XMTQzNDU3NDYyOA==	3	6	7	6	-1	-1	-1	-1	-1	-1	-1	-1	-1	-1	-1	-1	-1	-1	-1	-1	-1	-1	-1	-1	-1	-1	-1	-1	-1	-1
XMTQzMzQ1MzkyOA==	156	-1	-1	-1	-1	-1	-1	-1	-1	-1	-1	-1	-1	-1	-1	-1	-1	-1	-1	-1	-1	-1	-1	-1	-1	-1	-1	-1	-1	-1
XMTQzNDE4MTM4MA==	148	174	198	218	236	269	-1	-1	-1	-1	-1	-1	-1	-1	-1	-1	-1	-1	-1	-1	-1	-1	-1	-1	-1	-1	-1	-1	-1	-1
XMTQzMzcxNDExMg==	109	119	124	129	137	155	155	-1	-1	-1	-1	-1	-1	-1	-1	-1	-1	-1	-1	-1	-1	-1	-1	-1	-1	-1	-1	-1	-1	-1
XMTQzNDY0ODA0MA==	8359	8374	40868	38160	9784	69	71	-1	-1	-1	-1	-1	-1	-1	-1	-1	-1	-1	-1	-1	-1	-1	-1	-1	-1	-1	-1	-1	-1	-1
XMTQzNDQ1NTgxMg==	4	4	5	5	5	5	5	6	-1	-1	-1	-1	-1	-1	-1	-1	-1	-1	-1	-1	-1	-1	-1	-1	-1	-1	-1	-1	-1	-1
XMTQzNDkzMDA5Ng==	5	5	6	8	8	12	-1	-1	-1	-1	-1	-1	-1	-1	-1	-1	-1	-1	-1	-1	-1	-1	-1	-1	-1	-1	-1	-1	-1	-1
XMTQzNDc2MTg0OA==	3	-1	-1	-1	-1	-1	-1	-1	-1	-1	-1	-1	-1	-1	-1	-1	-1	-1	-1	-1	-1	-1	-1	-1	-1	-1	-1	-1	-1	-1
XMTQzNDY4MjAyMA==	712	-1	-1	-1	-1	-1	-1	-1	-1	-1	-1	-1	-1	-1	-1	-1	-1	-1	-1	-1	-1	-1	-1	-1	-1	-1	-1	-1	-1	-1
XMTQzNDgyNjU1Mg==	1	1	1	1	1	1	1	1	1	1	1	1	-1	-1	-1	-1	-1	-1	-1	-1	-1	-1	-1	-1	-1	-1	-1	-1	-1	-1
XMTQzNDkyODI3Mg==	4	7	7	7	7	7	-1	-1	-1	-1	-1	-1	-1	-1	-1	-1	-1	-1	-1	-1	-1	-1	-1	-1	-1	-1	-1	-1	-1	-1
XMTQzNDExOTcwOA==	284	369	418	474	513	562	607	638	664	674	706	732	759	781	800	822	849	871	905	-1	-1	-1	-1	-1	-1	-1	-1	-1	-1	-1
XMTQzNDUyOTcxMg==	78	201	255	252	247	250	257	258	259	260	262	263	270	274	277	284	283	287	290	290	292	299	306	308	308	-1	-1	-1	-1	-1
XMTQzNDAwNTg1Ng==	-1	-1	-1	-1	-1	-1	-1	-1	-1	-1	-1	-1	-1	-1	-1	-1	-1	-1	-1	-1	-1	-1	-1	-1	-1	-1	-1	-1	-1	-1
XMTQzNDc2MTE3Mg==	6	8	9	9	9	9	9	9	9	9	9	9	9	9	9	9	9	9	9	9	29	-1	-1	-1	-1	-1	-1	-1	-1	-1
XMTQzNDQ1MjEyMA==	219	-1	-1	-1	-1	-1	-1	-1	-1	-1	-1	-1	-1	-1	-1	-1	-1	-1	-1	-1	-1	-1	-1	-1	-1	-1	-1	-1	-1	-1
XMTQzNDI1ODk1Ng==	1405	1657	1755	1816	1882	1949	1991	2029	-1	-1	-1	-1	-1	-1	-1	-1	-1	-1	-1	-1	-1	-1	-1	-1	-1	-1	-1	-1	-1	-1
XMTQzNTAyNTkwMA==	36429	-1	-1	-1	-1	-1	-1	-1	-1	-1	-1	-1	-1	-1	-1	-1	-1	-1	-1	-1	-1	-1	-1	-1	-1	-1	-1	-1	-1	-1
XMTQzMzU4NzAxMg==	178	199	213	228	236	243	249	260	271	287	314	328	334	362	376	382	388	395	403	422	425	432	-1	-1	-1	-1	-1	-1	-1	-1
XMTQzNDE5NDEwMA==	196	241	267	272	303	322	-1	-1	-1	-1	-1	-1	-1	-1	-1	-1	-1	-1	-1	-1	-1	-1	-1	-1	-1	-1	-1	-1	-1	-1
XMTQzMzc0ODc3Ng==	4	-1	-1	-1	-1	-1	-1	-1	-1	-1	-1	-1	-1	-1	-1	-1	-1	-1	-1	-1	-1	-1	-1	-1	-1	-1	-1	-1	-1	-1
XMTQzNDExNTQ3Ng==	98	123	142	-1	-1	-1	-1	-1	-1	-1	-1	-1	-1	-1	-1	-1	-1	-1	-1	-1	-1	-1	-1	-1	-1	-1	-1	-1	-1	-1
XMTQzNDc2NTQ0MA==	4	5	5	4	10	10	12	-1	-1	-1	-1	-1	-1	-1	-1	-1	-1	-1	-1	-1	-1	-1	-1	-1	-1	-1	-1	-1	-1	-1
XMTQzMzcxOTcyOA==	45	70	83	84	87	87	87	-1	-1	-1	-1	-1	-1	-1	-1	-1	-1	-1	-1	-1	-1	-1	-1	-1	-1	-1	-1	-1	-1	-1
XMTQzNDM0MDY2MA==	15	19	21	403	-1	-1	-1	-1	-1	-1	-1	-1	-1	-1	-1	-1	-1	-1	-1	-1	-1	-1	-1	-1	-1	-1	-1	-1	-1	-1
XMTQzMzYyNTIyOA==	716	776	802	814	-1	-1	-1	-1	-1	-1	-1	-1	-1	-1	-1	-1	-1	-1	-1	-1	-1	-1	-1	-1	-1	-1	-1	-1	-1	-1
XMTQzNDA2NzUyOA==	7	-1	-1	-1	-1	-1	-1	-1	-1	-1	-1	-1	-1	-1	-1	-1	-1	-1	-1	-1	-1	-1	-1	-1	-1	-1	-1	-1	-1	-1
XMTQzMzU0MzYxNg==	142	159	162	163	-1	-1	-1	-1	-1	-1	-1	-1	-1	-1	-1	-1	-1	-1	-1	-1	-1	-1	-1	-1	-1	-1	-1	-1	-1	-1
XMTQzNDk1MTY1Mg==	6	6	6	9	9	11	-1	-1	-1	-1	-1	-1	-1	-1	-1	-1	-1	-1	-1	-1	-1	-1	-1	-1	-1	-1	-1	-1	-1	-1
XMTQzNDE3NDMwOA==	109	158	174	191	215	230	-1	-1	-1	-1	-1	-1	-1	-1	-1	-1	-1	-1	-1	-1	-1	-1	-1	-1	-1	-1	-1	-1	-1	-1
XMTQzNDYxOTAxMg==	5	5	-1	-1	-1	-1	-1	-1	-1	-1	-1	-1	-1	-1	-1	-1	-1	-1	-1	-1	-1	-1	-1	-1	-1	-1	-1	-1	-1	-1
XMTQzNDExOTc2NA==	231	269	292	309	326	336	-1	-1	-1	-1	-1	-1	-1	-1	-1	-1	-1	-1	-1	-1	-1	-1	-1	-1	-1	-1	-1	-1	-1	-1
XMTQzNDg0ODc3Mg==	4098	61649	-1	-1	-1	-1	-1	-1	-1	-1	-1	-1	-1	-1	-1	-1	-1	-1	-1	-1	-1	-1	-1	-1	-1	-1	-1	-1	-1	-1
XMTQzNDc0ODkwOA==	27929	27932	27932	-1	-1	-1	-1	-1	-1	-1	-1	-1	-1	-1	-1	-1	-1	-1	-1	-1	-1	-1	-1	-1	-1	-1	-1	-1	-1	-1
XMTQzNDMwNDkxMg==	201	209	215	217	-1	-1	-1	-1	-1	-1	-1	-1	-1	-1	-1	-1	-1	-1	-1	-1	-1	-1	-1	-1	-1	-1	-1	-1	-1	-1
XMTQzMzcxMzg5Mg==	517	769	858	840	818	820	823	826	830	-1	-1	-1	-1	-1	-1	-1	-1	-1	-1	-1	-1	-1	-1	-1	-1	-1	-1	-1	-1	-1
XMTQzNDI5MTg0OA==	-1	-1	-1	-1	-1	-1	-1	-1	-1	-1	-1	-1	-1	-1	-1	-1	-1	-1	-1	-1	-1	-1	-1	-1	-1	-1	-1	-1	-1	-1
XMTQzMzUxNDQ4OA==	68	81	81	81	81	81	81	81	81	81	81	81	81	81	81	81	81	81	-1	-1	-1	-1	-1	-1	-1	-1	-1	-1	-1	-1
XMTQzNDMwMTgxNg==	23	28	31	-1	-1	-1	-1	-1	-1	-1	-1	-1	-1	-1	-1	-1	-1	-1	-1	-1	-1	-1	-1	-1	-1	-1	-1	-1	-1	-1
XMTQzNDcyNTQ1Ng==	152931	607116	-1	-1	-1	-1	-1	-1	-1	-1	-1	-1	-1	-1	-1	-1	-1	-1	-1	-1	-1	-1	-1	-1	-1	-1	-1	-1	-1	-1
XMTQzNDY1MDUwMA==	2	-1	-1	-1	-1	-1	-1	-1	-1	-1	-1	-1	-1	-1	-1	-1	-1	-1	-1	-1	-1	-1	-1	-1	-1	-1	-1	-1	-1	-1
XMTQzMzgxNzkzNg==	9	9	9	9	9	-1	-1	-1	-1	-1	-1	-1	-1	-1	-1	-1	-1	-1	-1	-1	-1	-1	-1	-1	-1	-1	-1	-1	-1	-1
XMTQzNDk0ODU0OA==	5	9	-1	-1	-1	-1	-1	-1	-1	-1	-1	-1	-1	-1	-1	-1	-1	-1	-1	-1	-1	-1	-1	-1	-1	-1	-1	-1	-1	-1
XMTQzNTEzNDMyMA==	1	-1	-1	-1	-1	-1	-1	-1	-1	-1	-1	-1	-1	-1	-1	-1	-1	-1	-1	-1	-1	-1	-1	-1	-1	-1	-1	-1	-1	-1
XMTQzNDczMjI2NA==	83743	221373	-1	-1	-1	-1	-1	-1	-1	-1	-1	-1	-1	-1	-1	-1	-1	-1	-1	-1	-1	-1	-1	-1	-1	-1	-1	-1	-1	-1
XMTQzNDA2MDU0MA==	5	7	7	7	7	7	7	7	7	7	7	7	7	7	7	7	7	7	7	7	7	7	7	7	7	7	7	7	7	-1
XMTQzNDM3MTM2MA==	247	255	248	241	241	244	244	244	244	244	-1	-1	-1	-1	-1	-1	-1	-1	-1	-1	-1	-1	-1	-1	-1	-1	-1	-1	-1	-1
XMTQzNDIxMjE1Mg==	182	196	210	-1	-1	-1	-1	-1	-1	-1	-1	-1	-1	-1	-1	-1	-1	-1	-1	-1	-1	-1	-1	-1	-1	-1	-1	-1	-1	-1
XMTQzNDIwMDMwNA==	8	10	13	14	14	14	-1	-1	-1	-1	-1	-1	-1	-1	-1	-1	-1	-1	-1	-1	-1	-1	-1	-1	-1	-1	-1	-1	-1	-1
XMTQzNDMzNDcwMA==	1084	1561	-1	-1	-1	-1	-1	-1	-1	-1	-1	-1	-1	-1	-1	-1	-1	-1	-1	-1	-1	-1	-1	-1	-1	-1	-1	-1	-1	-1
XMTQzMzgwMTg1Ng==	9	9	7	8	8	-1	-1	-1	-1	-1	-1	-1	-1	-1	-1	-1	-1	-1	-1	-1	-1	-1	-1	-1	-1	-1	-1	-1	-1	-1
XMTQzNDgyMzMyMA==	1	2	5	6	6	6	6	7	7	7	7	7	7	7	7	7	7	-1	-1	-1	-1	-1	-1	-1	-1	-1	-1	-1	-1	-1
XMTQzNTE0NjA5Ng==	3	6	6	6	6	6	9	13	16	16	16	16	17	17	17	-1	-1	-1	-1	-1	-1	-1	-1	-1	-1	-1	-1	-1	-1	-1
XMTQzMzUzMjQxMg==	283111	432871	-1	-1	-1	-1	-1	-1	-1	-1	-1	-1	-1	-1	-1	-1	-1	-1	-1	-1	-1	-1	-1	-1	-1	-1	-1	-1	-1	-1
XMTQzNDIwODA2OA==	7	7	7	7	7	7	7	7	7	7	7	7	7	7	7	7	7	7	7	7	7	7	7	-1	-1	-1	-1	-1	-1	-1
XMTQzMzg3Nzk2MA==	-1	-1	-1	-1	-1	-1	-1	-1	-1	-1	-1	-1	-1	-1	-1	-1	-1	-1	-1	-1	-1	-1	-1	-1	-1	-1	-1	-1	-1	-1
XMTQzNTA5ODg4MA==	17	28	33	32	33	35	-1	-1	-1	-1	-1	-1	-1	-1	-1	-1	-1	-1	-1	-1	-1	-1	-1	-1	-1	-1	-1	-1	-1	-1
XMTQzMzY5NzE2MA==	216	-1	-1	-1	-1	-1	-1	-1	-1	-1	-1	-1	-1	-1	-1	-1	-1	-1	-1	-1	-1	-1	-1	-1	-1	-1	-1	-1	-1	-1
XMTQzNDMwOTg0NA==	9	9	9	9	9	10	10	11	13	15	17	19	22	22	23	26	26	26	26	-1	-1	-1	-1	-1	-1	-1	-1	-1	-1	-1
XMTQzNDA0NTAwOA==	10	11	-1	-1	-1	-1	-1	-1	-1	-1	-1	-1	-1	-1	-1	-1	-1	-1	-1	-1	-1	-1	-1	-1	-1	-1	-1	-1	-1	-1
XMTQzNDg2MDM2NA==	6	88	106	124	126	129	147	154	156	157	157	157	159	159	159	159	159	191	207	210	210	211	212	238	242	246	-1	-1	-1	-1
XMTQzNDU3MTE0NA==	4	6	6	4	4	4	4	4	4	4	4	4	4	4	4	4	4	4	4	4	4	4	4	5	5	-1	-1	-1	-1	-1
XMTQzNDQ5NzUyOA==	420	890	-1	-1	-1	-1	-1	-1	-1	-1	-1	-1	-1	-1	-1	-1	-1	-1	-1	-1	-1	-1	-1	-1	-1	-1	-1	-1	-1	-1
XMTQzMzgwMzQyNA==	3	-1	-1	-1	-1	-1	-1	-1	-1	-1	-1	-1	-1	-1	-1	-1	-1	-1	-1	-1	-1	-1	-1	-1	-1	-1	-1	-1	-1	-1
XMTQzNDgxOTAyNA==	185	-1	-1	-1	-1	-1	-1	-1	-1	-1	-1	-1	-1	-1	-1	-1	-1	-1	-1	-1	-1	-1	-1	-1	-1	-1	-1	-1	-1	-1
XMTQzNDU3MDU3Mg==	4	5	9	9	9	9	9	9	9	9	9	9	9	9	9	9	9	9	9	9	9	9	9	9	9	-1	-1	-1	-1	-1
XMTQzMzc2NjY4MA==	5	5	33	-1	-1	-1	-1	-1	-1	-1	-1	-1	-1	-1	-1	-1	-1	-1	-1	-1	-1	-1	-1	-1	-1	-1	-1	-1	-1	-1
XMTQzNDQ3NTA0NA==	6	7	-1	-1	-1	-1	-1	-1	-1	-1	-1	-1	-1	-1	-1	-1	-1	-1	-1	-1	-1	-1	-1	-1	-1	-1	-1	-1	-1	-1
XMTQzNDUwNjk3Mg==	22	67	89	88	92	94	102	107	111	112	113	113	114	118	120	122	122	123	123	123	124	125	125	125	125	-1	-1	-1	-1	-1
XMTQzMzY3ODg4OA==	114	-1	-1	-1	-1	-1	-1	-1	-1	-1	-1	-1	-1	-1	-1	-1	-1	-1	-1	-1	-1	-1	-1	-1	-1	-1	-1	-1	-1	-1
XMTQzNDkwMjg0OA==	17	22	27	28	30	30	32	32	41	41	46	46	49	51	52	54	55	56	56	58	59	59	59	-1	-1	-1	-1	-1	-1	-1
XMTQzMzY5NzY5Ng==	85	-1	-1	-1	-1	-1	-1	-1	-1	-1	-1	-1	-1	-1	-1	-1	-1	-1	-1	-1	-1	-1	-1	-1	-1	-1	-1	-1	-1	-1
XMTQzNDIzNDcxMg==	19	19	20	23	23	23	-1	-1	-1	-1	-1	-1	-1	-1	-1	-1	-1	-1	-1	-1	-1	-1	-1	-1	-1	-1	-1	-1	-1	-1
XMTQzNDQ4NjcwMA==	-1	-1	-1	-1	-1	-1	-1	-1	-1	-1	-1	-1	-1	-1	-1	-1	-1	-1	-1	-1	-1	-1	-1	-1	-1	-1	-1	-1	-1	-1
XMTQzMzgxNjU0NA==	4406872	5240812	5112620	930444	445745	-1	-1	-1	-1	-1	-1	-1	-1	-1	-1	-1	-1	-1	-1	-1	-1	-1	-1	-1	-1	-1	-1	-1	-1	-1
XMTQzNDI1NjAyMA==	47	51	56	57	-1	-1	-1	-1	-1	-1	-1	-1	-1	-1	-1	-1	-1	-1	-1	-1	-1	-1	-1	-1	-1	-1	-1	-1	-1	-1
XMTQzNDU2OTUyNA==	28	47	48	47	44	44	44	-1	-1	-1	-1	-1	-1	-1	-1	-1	-1	-1	-1	-1	-1	-1	-1	-1	-1	-1	-1	-1	-1	-1
XMTQzNDk1NTc2MA==	5	9	-1	-1	-1	-1	-1	-1	-1	-1	-1	-1	-1	-1	-1	-1	-1	-1	-1	-1	-1	-1	-1	-1	-1	-1	-1	-1	-1	-1
XMTQzNDQ1MTIzNg==	4	4	4	5	5	-1	-1	-1	-1	-1	-1	-1	-1	-1	-1	-1	-1	-1	-1	-1	-1	-1	-1	-1	-1	-1	-1	-1	-1	-1
XMTQzNDExMzk5Ng==	1550	2049	2910	3449	4148	6657	-1	-1	-1	-1	-1	-1	-1	-1	-1	-1	-1	-1	-1	-1	-1	-1	-1	-1	-1	-1	-1	-1	-1	-1
XMTQzNTEwNTIyMA==	2	11	-1	-1	-1	-1	-1	-1	-1	-1	-1	-1	-1	-1	-1	-1	-1	-1	-1	-1	-1	-1	-1	-1	-1	-1	-1	-1	-1	-1
XMTQzNDA1NTI5Ng==	142	-1	-1	-1	-1	-1	-1	-1	-1	-1	-1	-1	-1	-1	-1	-1	-1	-1	-1	-1	-1	-1	-1	-1	-1	-1	-1	-1	-1	-1
XMTQzMzY4NTk1Mg==	1858	2211	-1	-1	-1	-1	-1	-1	-1	-1	-1	-1	-1	-1	-1	-1	-1	-1	-1	-1	-1	-1	-1	-1	-1	-1	-1	-1	-1	-1
XMTQzNDM4MTM4NA==	13	-1	-1	-1	-1	-1	-1	-1	-1	-1	-1	-1	-1	-1	-1	-1	-1	-1	-1	-1	-1	-1	-1	-1	-1	-1	-1	-1	-1	-1
XMTQzNDQzMDM0NA==	55805	55875	55925	55951	55950	55950	55949	55949	55949	-1	-1	-1	-1	-1	-1	-1	-1	-1	-1	-1	-1	-1	-1	-1	-1	-1	-1	-1	-1	-1
XMTQzNDk2MDkxMg==	34	39	44	41	47	48	50	51	53	56	61	63	67	70	75	77	79	82	85	86	89	91	93	-1	-1	-1	-1	-1	-1	-1
XMTQzMzcwOTA1Mg==	2684	2794	2787	2839	2886	3062	3223	3290	3322	-1	-1	-1	-1	-1	-1	-1	-1	-1	-1	-1	-1	-1	-1	-1	-1	-1	-1	-1	-1	-1
XMTQzMzkzNzMzMg==	138	164	165	165	164	164	164	164	164	164	164	164	164	164	164	164	164	164	164	164	164	164	164	164	-1	-1	-1	-1	-1	-1
XMTQzNDI5NjU0NA==	41	41	43	43	43	43	44	44	44	44	45	45	46	46	46	46	47	47	47	47	47	47	47	47	51	51	-1	-1	-1	-1
XMTQzNDUzMDcwOA==	22	24	26	23	24	-1	-1	-1	-1	-1	-1	-1	-1	-1	-1	-1	-1	-1	-1	-1	-1	-1	-1	-1	-1	-1	-1	-1	-1	-1
XMTQzMzUwMjU3Mg==	126	146	162	177	186	202	217	226	235	248	251	254	262	272	276	277	282	282	284	286	-1	-1	-1	-1	-1	-1	-1	-1	-1	-1
XMTQzNDMzNDA0MA==	10	-1	-1	-1	-1	-1	-1	-1	-1	-1	-1	-1	-1	-1	-1	-1	-1	-1	-1	-1	-1	-1	-1	-1	-1	-1	-1	-1	-1	-1
XMTQzNDQwNzMwMA==	1	2	2	2	2	2	2	2	2	2	2	2	2	2	2	2	2	2	-1	-1	-1	-1	-1	-1	-1	-1	-1	-1	-1	-1
XMTQzNTAwMDIyOA==	40404	44826	44855	1859	-1	-1	-1	-1	-1	-1	-1	-1	-1	-1	-1	-1	-1	-1	-1	-1	-1	-1	-1	-1	-1	-1	-1	-1	-1	-1
XMTQzNDEzNTY4MA==	88	110	112	119	-1	-1	-1	-1	-1	-1	-1	-1	-1	-1	-1	-1	-1	-1	-1	-1	-1	-1	-1	-1	-1	-1	-1	-1	-1	-1
XMTQzNDk0NTUzMg==	46	71	78	75	74	75	77	78	78	78	77	77	78	78	78	78	78	78	80	80	80	81	83	-1	-1	-1	-1	-1	-1	-1
XMTQzMzc0MTU3Ng==	166	176	171	170	170	169	169	169	169	169	174	174	-1	-1	-1	-1	-1	-1	-1	-1	-1	-1	-1	-1	-1	-1	-1	-1	-1	-1
XMTQzNDg2NzM2MA==	19	-1	-1	-1	-1	-1	-1	-1	-1	-1	-1	-1	-1	-1	-1	-1	-1	-1	-1	-1	-1	-1	-1	-1	-1	-1	-1	-1	-1	-1
XMTQzNDA1ODg3Ng==	67	70	68	72	-1	-1	-1	-1	-1	-1	-1	-1	-1	-1	-1	-1	-1	-1	-1	-1	-1	-1	-1	-1	-1	-1	-1	-1	-1	-1
XMTQzNDI3Mzg0OA==	28261	45070	50051	-1	-1	-1	-1	-1	-1	-1	-1	-1	-1	-1	-1	-1	-1	-1	-1	-1	-1	-1	-1	-1	-1	-1	-1	-1	-1	-1
XMTQzNDczOTE5Ng==	17	55	76	75	75	76	78	81	82	82	82	83	86	86	88	91	92	92	94	94	94	94	-1	-1	-1	-1	-1	-1	-1	-1
XMTQzNDMzNTQ1Ng==	255	315	328	332	337	344	347	355	353	-1	-1	-1	-1	-1	-1	-1	-1	-1	-1	-1	-1	-1	-1	-1	-1	-1	-1	-1	-1	-1
XMTQzNDU3OTM2OA==	96	-1	-1	-1	-1	-1	-1	-1	-1	-1	-1	-1	-1	-1	-1	-1	-1	-1	-1	-1	-1	-1	-1	-1	-1	-1	-1	-1	-1	-1
XMTQzMzU1ODU4OA==	7	7	7	7	7	-1	-1	-1	-1	-1	-1	-1	-1	-1	-1	-1	-1	-1	-1	-1	-1	-1	-1	-1	-1	-1	-1	-1	-1	-1
XMTQzMzM3NzIyNA==	552	561	536	541	551	590	625	633	638	644	653	666	688	696	708	718	736	756	774	-1	-1	-1	-1	-1	-1	-1	-1	-1	-1	-1
XMTQzMzc5NjA0OA==	151	156	-1	-1	-1	-1	-1	-1	-1	-1	-1	-1	-1	-1	-1	-1	-1	-1	-1	-1	-1	-1	-1	-1	-1	-1	-1	-1	-1	-1
XMTQzMzY1NDkyOA==	141	164	167	176	-1	-1	-1	-1	-1	-1	-1	-1	-1	-1	-1	-1	-1	-1	-1	-1	-1	-1	-1	-1	-1	-1	-1	-1	-1	-1
XMTQzNDc2MDM2OA==	5	6	6	7	7	7	-1	-1	-1	-1	-1	-1	-1	-1	-1	-1	-1	-1	-1	-1	-1	-1	-1	-1	-1	-1	-1	-1	-1	-1
XMTQzNDI2Mzg3Ng==	4	4	5	5	5	5	5	5	-1	-1	-1	-1	-1	-1	-1	-1	-1	-1	-1	-1	-1	-1	-1	-1	-1	-1	-1	-1	-1	-1
XMTQzNDMwNjExMg==	2	2	3	4	4	4	4	4	4	4	4	4	5	5	5	5	5	-1	-1	-1	-1	-1	-1	-1	-1	-1	-1	-1	-1	-1
XMTQzNTAwNjM3Ng==	38645	43291	43305	1023	-1	-1	-1	-1	-1	-1	-1	-1	-1	-1	-1	-1	-1	-1	-1	-1	-1	-1	-1	-1	-1	-1	-1	-1	-1	-1
XMTQzNDE1NjI4NA==	-1	-1	-1	-1	-1	-1	-1	-1	-1	-1	-1	-1	-1	-1	-1	-1	-1	-1	-1	-1	-1	-1	-1	-1	-1	-1	-1	-1	-1	-1
XMTQzNDI0NjY2OA==	10267	10271	10271	10947	10947	10947	-1	-1	-1	-1	-1	-1	-1	-1	-1	-1	-1	-1	-1	-1	-1	-1	-1	-1	-1	-1	-1	-1	-1	-1
XMTQzNDU3MDY5Ng==	7	7	7	7	7	8	8	8	8	8	8	8	8	8	8	8	8	8	8	8	8	8	8	8	8	-1	-1	-1	-1	-1
XMTQzNDU5MzIyOA==	13	15	17	-1	-1	-1	-1	-1	-1	-1	-1	-1	-1	-1	-1	-1	-1	-1	-1	-1	-1	-1	-1	-1	-1	-1	-1	-1	-1	-1
XMTQzNDQ1NDgwOA==	6	-1	-1	-1	-1	-1	-1	-1	-1	-1	-1	-1	-1	-1	-1	-1	-1	-1	-1	-1	-1	-1	-1	-1	-1	-1	-1	-1	-1	-1
XMTQzNDUyMTU3Ng==	69	190	241	252	251	251	258	259	260	260	264	264	267	272	274	274	277	277	277	277	279	279	280	282	282	-1	-1	-1	-1	-1
XMTQzMzc4MDQ3Mg==	345	374	379	393	398	406	423	429	436	438	442	458	465	-1	-1	-1	-1	-1	-1	-1	-1	-1	-1	-1	-1	-1	-1	-1	-1	-1
XMTQzMzM3MDkwOA==	210	223	226	231	242	266	283	290	293	293	306	315	321	329	330	339	360	369	374	-1	-1	-1	-1	-1	-1	-1	-1	-1	-1	-1
XMTQzNDEwNTk0MA==	135	144	158	-1	-1	-1	-1	-1	-1	-1	-1	-1	-1	-1	-1	-1	-1	-1	-1	-1	-1	-1	-1	-1	-1	-1	-1	-1	-1	-1
XMTQzNTI0NzQ0MA==	2	-1	-1	-1	-1	-1	-1	-1	-1	-1	-1	-1	-1	-1	-1	-1	-1	-1	-1	-1	-1	-1	-1	-1	-1	-1	-1	-1	-1	-1
XMTQzNDI4MDQ5Mg==	8	-1	-1	-1	-1	-1	-1	-1	-1	-1	-1	-1	-1	-1	-1	-1	-1	-1	-1	-1	-1	-1	-1	-1	-1	-1	-1	-1	-1	-1
XMTQzNDE4MDM2NA==	9	11	12	13	13	13	13	13	-1	-1	-1	-1	-1	-1	-1	-1	-1	-1	-1	-1	-1	-1	-1	-1	-1	-1	-1	-1	-1	-1
XMTQzMzUxNjI0OA==	8	8	6	6	6	-1	-1	-1	-1	-1	-1	-1	-1	-1	-1	-1	-1	-1	-1	-1	-1	-1	-1	-1	-1	-1	-1	-1	-1	-1
XMTQzMzkxOTgwNA==	399	468	486	497	517	523	527	532	534	544	-1	-1	-1	-1	-1	-1	-1	-1	-1	-1	-1	-1	-1	-1	-1	-1	-1	-1	-1	-1
XMTQzNTI1NzY5Ng==	2	-1	-1	-1	-1	-1	-1	-1	-1	-1	-1	-1	-1	-1	-1	-1	-1	-1	-1	-1	-1	-1	-1	-1	-1	-1	-1	-1	-1	-1
XMTQzNDYxNzUwNA==	31	50	88	-1	-1	-1	-1	-1	-1	-1	-1	-1	-1	-1	-1	-1	-1	-1	-1	-1	-1	-1	-1	-1	-1	-1	-1	-1	-1	-1
XMTQzNDQxMTgwNA==	178	189	191	191	191	191	191	192	192	193	193	193	193	193	193	194	194	194	194	195	195	195	195	195	195	195	-1	-1	-1	-1
XMTQzNDM2OTE3Ng==	10432	10433	10433	10393	10393	10393	-1	-1	-1	-1	-1	-1	-1	-1	-1	-1	-1	-1	-1	-1	-1	-1	-1	-1	-1	-1	-1	-1	-1	-1
XMTQzNDk0MjkzMg==	2	2	2	6	7	9	10	10	10	10	10	10	10	10	10	10	-1	-1	-1	-1	-1	-1	-1	-1	-1	-1	-1	-1	-1	-1
XMTQzMzcwODE5Mg==	57	59	61	60	60	64	70	70	71	69	70	69	69	69	69	-1	-1	-1	-1	-1	-1	-1	-1	-1	-1	-1	-1	-1	-1	-1
XMTQzMzY3ODI0NA==	917	934	896	906	929	979	1028	1040	1042	1048	1067	1087	1103	1145	1161	1185	1192	1205	1221	-1	-1	-1	-1	-1	-1	-1	-1	-1	-1	-1
XMTQzMzk5NjI2OA==	8	8	9	15	20	21	24	24	24	24	25	25	25	25	-1	-1	-1	-1	-1	-1	-1	-1	-1	-1	-1	-1	-1	-1	-1	-1
XMTQzNDQ2NzM4MA==	698	2611	2611	2146	11	11	11	11	11	11	11	-1	-1	-1	-1	-1	-1	-1	-1	-1	-1	-1	-1	-1	-1	-1	-1	-1	-1	-1
XMTQzNDAyNTYwMA==	26	35	34	34	34	34	-1	-1	-1	-1	-1	-1	-1	-1	-1	-1	-1	-1	-1	-1	-1	-1	-1	-1	-1	-1	-1	-1	-1	-1
XMTQzNDYzNDE3Ng==	2	3	3	3	-1	-1	-1	-1	-1	-1	-1	-1	-1	-1	-1	-1	-1	-1	-1	-1	-1	-1	-1	-1	-1	-1	-1	-1	-1	-1
XMTQzMzg1NDI3Mg==	21	23	21	22	23	24	27	33	34	36	39	-1	-1	-1	-1	-1	-1	-1	-1	-1	-1	-1	-1	-1	-1	-1	-1	-1	-1	-1
XMTQzNDA1ODY2NA==	7	8	6	6	7	7	8	8	8	8	8	9	10	13	13	13	13	13	13	13	13	14	14	14	15	15	15	15	15	-1
XMTQzNDA5MzkwNA==	4	4	5	-1	-1	-1	-1	-1	-1	-1	-1	-1	-1	-1	-1	-1	-1	-1	-1	-1	-1	-1	-1	-1	-1	-1	-1	-1	-1	-1
XMTQzNDQ0NTUyNA==	347	441	480	548	610	675	697	735	778	796	811	825	851	876	890	917	935	957	966	979	997	1009	1031	1057	1075	1088	-1	-1	-1	-1
XMTQzNDM0Mzg3Ng==	131	158	-1	-1	-1	-1	-1	-1	-1	-1	-1	-1	-1	-1	-1	-1	-1	-1	-1	-1	-1	-1	-1	-1	-1	-1	-1	-1	-1	-1
XMTQzNDk3NjY4MA==	3	-1	-1	-1	-1	-1	-1	-1	-1	-1	-1	-1	-1	-1	-1	-1	-1	-1	-1	-1	-1	-1	-1	-1	-1	-1	-1	-1	-1	-1
XMTQzNDI3MDUyMA==	220	242	247	-1	-1	-1	-1	-1	-1	-1	-1	-1	-1	-1	-1	-1	-1	-1	-1	-1	-1	-1	-1	-1	-1	-1	-1	-1	-1	-1
XMTQzNDA1NTkwMA==	4	5	5	5	5	5	5	6	6	6	6	6	6	6	6	6	6	6	6	6	6	7	7	7	7	8	8	8	8	-1
XMTQzNDc4ODUxMg==	68	176	208	209	207	211	211	212	-1	-1	-1	-1	-1	-1	-1	-1	-1	-1	-1	-1	-1	-1	-1	-1	-1	-1	-1	-1	-1	-1
XMTQzNDY1Mzc1Ng==	9372	9387	9400	51	52	53	53	-1	-1	-1	-1	-1	-1	-1	-1	-1	-1	-1	-1	-1	-1	-1	-1	-1	-1	-1	-1	-1	-1	-1
XMTQzNDAzMTc1Mg==	326	356	363	365	366	382	384	386	386	386	387	389	392	395	395	397	405	-1	-1	-1	-1	-1	-1	-1	-1	-1	-1	-1	-1	-1
XMTQzNDE5NjUzNg==	110	127	145	156	165	175	-1	-1	-1	-1	-1	-1	-1	-1	-1	-1	-1	-1	-1	-1	-1	-1	-1	-1	-1	-1	-1	-1	-1	-1
XMTQzMzY5ODA0NA==	270	-1	-1	-1	-1	-1	-1	-1	-1	-1	-1	-1	-1	-1	-1	-1	-1	-1	-1	-1	-1	-1	-1	-1	-1	-1	-1	-1	-1	-1
XMTQzNDA2NTU1Mg==	104	130	137	143	151	157	162	166	168	169	171	173	178	179	-1	-1	-1	-1	-1	-1	-1	-1	-1	-1	-1	-1	-1	-1	-1	-1
XMTQzNTA1ODAyOA==	3	5	6	6	6	6	6	6	6	6	9	9	-1	-1	-1	-1	-1	-1	-1	-1	-1	-1	-1	-1	-1	-1	-1	-1	-1	-1
XMTQzNDkyMDMxMg==	4	8	11	11	11	15	15	17	17	20	21	21	22	22	23	23	23	23	23	23	25	26	27	-1	-1	-1	-1	-1	-1	-1
XMTQzMzQ1Mjg1Mg==	5	6	5	5	6	6	6	6	7	7	7	7	7	7	7	7	7	7	8	8	9	-1	-1	-1	-1	-1	-1	-1	-1	-1
XMTQzNDYxNjkxMg==	3589	3594	3595	15	15	15	15	-1	-1	-1	-1	-1	-1	-1	-1	-1	-1	-1	-1	-1	-1	-1	-1	-1	-1	-1	-1	-1	-1	-1
XMTQzNDI0MDE5Mg==	84	87	89	88	88	-1	-1	-1	-1	-1	-1	-1	-1	-1	-1	-1	-1	-1	-1	-1	-1	-1	-1	-1	-1	-1	-1	-1	-1	-1
XMTQzNDEwOTgyOA==	-1	-1	-1	-1	-1	-1	-1	-1	-1	-1	-1	-1	-1	-1	-1	-1	-1	-1	-1	-1	-1	-1	-1	-1	-1	-1	-1	-1	-1	-1
XMTQzNDE5OTIxMg==	18	24	25	26	26	26	26	26	-1	-1	-1	-1	-1	-1	-1	-1	-1	-1	-1	-1	-1	-1	-1	-1	-1	-1	-1	-1	-1	-1
XMTQzMzY5ODIxNg==	504	542	559	-1	-1	-1	-1	-1	-1	-1	-1	-1	-1	-1	-1	-1	-1	-1	-1	-1	-1	-1	-1	-1	-1	-1	-1	-1	-1	-1
XMTQzNTAwODMzMg==	311997	-1	-1	-1	-1	-1	-1	-1	-1	-1	-1	-1	-1	-1	-1	-1	-1	-1	-1	-1	-1	-1	-1	-1	-1	-1	-1	-1	-1	-1
XMTQzNTE4MDE1Ng==	3	4	4	3	3	3	-1	-1	-1	-1	-1	-1	-1	-1	-1	-1	-1	-1	-1	-1	-1	-1	-1	-1	-1	-1	-1	-1	-1	-1
XMTQzNDIzMzM5Mg==	34	42	45	-1	-1	-1	-1	-1	-1	-1	-1	-1	-1	-1	-1	-1	-1	-1	-1	-1	-1	-1	-1	-1	-1	-1	-1	-1	-1	-1
XMTQzNDI2MzUyNA==	79	84	81	77	77	78	-1	-1	-1	-1	-1	-1	-1	-1	-1	-1	-1	-1	-1	-1	-1	-1	-1	-1	-1	-1	-1	-1	-1	-1
XMTQzNDc3ODc1Ng==	7	9	12	12	12	12	12	12	12	12	12	12	12	12	12	12	12	12	-1	-1	-1	-1	-1	-1	-1	-1	-1	-1	-1	-1
XMTQzMzM3NDMzNg==	763	780	742	756	788	841	883	897	902	910	918	929	946	966	974	992	1013	1029	1051	-1	-1	-1	-1	-1	-1	-1	-1	-1	-1	-1
XMTQzNDIwNTMwOA==	45	-1	-1	-1	-1	-1	-1	-1	-1	-1	-1	-1	-1	-1	-1	-1	-1	-1	-1	-1	-1	-1	-1	-1	-1	-1	-1	-1	-1	-1
XMTQzMzk5NjEzMg==	20	21	21	21	-1	-1	-1	-1	-1	-1	-1	-1	-1	-1	-1	-1	-1	-1	-1	-1	-1	-1	-1	-1	-1	-1	-1	-1	-1	-1
XMTQzNDMyNDY4OA==	-1	-1	-1	-1	-1	-1	-1	-1	-1	-1	-1	-1	-1	-1	-1	-1	-1	-1	-1	-1	-1	-1	-1	-1	-1	-1	-1	-1	-1	-1
XMTQzMzc0ODE3Mg==	1447	-1	-1	-1	-1	-1	-1	-1	-1	-1	-1	-1	-1	-1	-1	-1	-1	-1	-1	-1	-1	-1	-1	-1	-1	-1	-1	-1	-1	-1
XMTQzNDQyNDc0OA==	2	2	2	2	2	2	2	2	-1	-1	-1	-1	-1	-1	-1	-1	-1	-1	-1	-1	-1	-1	-1	-1	-1	-1	-1	-1	-1	-1
XMTQzNDM4Mzc0OA==	22	25	25	36	-1	-1	-1	-1	-1	-1	-1	-1	-1	-1	-1	-1	-1	-1	-1	-1	-1	-1	-1	-1	-1	-1	-1	-1	-1	-1
XMTQzMzcwNTYwOA==	212	233	233	236	236	239	242	242	248	-1	-1	-1	-1	-1	-1	-1	-1	-1	-1	-1	-1	-1	-1	-1	-1	-1	-1	-1	-1	-1
XMTQzNDMzMDkxNg==	7	7	7	8	10	-1	-1	-1	-1	-1	-1	-1	-1	-1	-1	-1	-1	-1	-1	-1	-1	-1	-1	-1	-1	-1	-1	-1	-1	-1
XMTQzNDI3NTI4MA==	405	-1	-1	-1	-1	-1	-1	-1	-1	-1	-1	-1	-1	-1	-1	-1	-1	-1	-1	-1	-1	-1	-1	-1	-1	-1	-1	-1	-1	-1
XMTQzNDQ1ODgwNA==	-1	-1	-1	-1	-1	-1	-1	-1	-1	-1	-1	-1	-1	-1	-1	-1	-1	-1	-1	-1	-1	-1	-1	-1	-1	-1	-1	-1	-1	-1
XMTQzNTEyNDY3Ng==	1214	-1	-1	-1	-1	-1	-1	-1	-1	-1	-1	-1	-1	-1	-1	-1	-1	-1	-1	-1	-1	-1	-1	-1	-1	-1	-1	-1	-1	-1
XMTQzMzY3MzE2NA==	805	876	840	860	877	893	908	918	933	944	-1	-1	-1	-1	-1	-1	-1	-1	-1	-1	-1	-1	-1	-1	-1	-1	-1	-1	-1	-1
XMTQzNTAyNDUwOA==	12	-1	-1	-1	-1	-1	-1	-1	-1	-1	-1	-1	-1	-1	-1	-1	-1	-1	-1	-1	-1	-1	-1	-1	-1	-1	-1	-1	-1	-1
XMTQzNDM1NzcxNg==	141	162	-1	-1	-1	-1	-1	-1	-1	-1	-1	-1	-1	-1	-1	-1	-1	-1	-1	-1	-1	-1	-1	-1	-1	-1	-1	-1	-1	-1
XMTQzMzcyMzg0MA==	316	325	323	325	329	332	334	337	339	-1	-1	-1	-1	-1	-1	-1	-1	-1	-1	-1	-1	-1	-1	-1	-1	-1	-1	-1	-1	-1
XMTQzMzUxNDkzMg==	6	6	6	6	6	6	6	6	6	6	6	6	6	-1	-1	-1	-1	-1	-1	-1	-1	-1	-1	-1	-1	-1	-1	-1	-1	-1
XMTQzMzU5MDk2MA==	130	135	136	-1	-1	-1	-1	-1	-1	-1	-1	-1	-1	-1	-1	-1	-1	-1	-1	-1	-1	-1	-1	-1	-1	-1	-1	-1	-1	-1
XMTQzMzU1NjkyMA==	346	396	416	425	432	436	440	442	446	455	457	-1	-1	-1	-1	-1	-1	-1	-1	-1	-1	-1	-1	-1	-1	-1	-1	-1	-1	-1
XMTQzNDk5NTcxNg==	4	-1	-1	-1	-1	-1	-1	-1	-1	-1	-1	-1	-1	-1	-1	-1	-1	-1	-1	-1	-1	-1	-1	-1	-1	-1	-1	-1	-1	-1
XMTQzNDA1NzQwOA==	18	20	20	20	20	21	21	21	21	21	21	21	22	23	24	24	24	24	24	24	25	25	24	24	25	25	25	25	26	-1
XMTQzNDQ3NzE3Mg==	43	-1	-1	-1	-1	-1	-1	-1	-1	-1	-1	-1	-1	-1	-1	-1	-1	-1	-1	-1	-1	-1	-1	-1	-1	-1	-1	-1	-1	-1
XMTQzNDg0OTk4OA==	-1	-1	-1	-1	-1	-1	-1	-1	-1	-1	-1	-1	-1	-1	-1	-1	-1	-1	-1	-1	-1	-1	-1	-1	-1	-1	-1	-1	-1	-1
XMTQzMzk2Mzg0NA==	242	248	254	257	260	262	264	266	266	266	266	266	266	266	267	268	268	268	268	268	269	270	270	270	270	271	271	271	-1	-1
XMTQzNDExMjcxNg==	64	85	108	-1	-1	-1	-1	-1	-1	-1	-1	-1	-1	-1	-1	-1	-1	-1	-1	-1	-1	-1	-1	-1	-1	-1	-1	-1	-1	-1
XMTQzNDkyMDU2MA==	9	11	13	10	12	14	15	18	24	25	27	27	32	33	36	36	38	39	48	50	50	49	50	-1	-1	-1	-1	-1	-1	-1
XMTQzNDE5ODk3Ng==	9	10	10	10	10	10	10	10	-1	-1	-1	-1	-1	-1	-1	-1	-1	-1	-1	-1	-1	-1	-1	-1	-1	-1	-1	-1	-1	-1
XMTQzMzk5NzE1Ng==	31	32	33	33	-1	-1	-1	-1	-1	-1	-1	-1	-1	-1	-1	-1	-1	-1	-1	-1	-1	-1	-1	-1	-1	-1	-1	-1	-1	-1
XMTQzNDg2NDA2MA==	-1	-1	-1	-1	-1	-1	-1	-1	-1	-1	-1	-1	-1	-1	-1	-1	-1	-1	-1	-1	-1	-1	-1	-1	-1	-1	-1	-1	-1	-1
XMTQzNTEzNTA4OA==	1	-1	-1	-1	-1	-1	-1	-1	-1	-1	-1	-1	-1	-1	-1	-1	-1	-1	-1	-1	-1	-1	-1	-1	-1	-1	-1	-1	-1	-1
XMTQzNDQwMjg1Ng==	-1	-1	-1	-1	-1	-1	-1	-1	-1	-1	-1	-1	-1	-1	-1	-1	-1	-1	-1	-1	-1	-1	-1	-1	-1	-1	-1	-1	-1	-1
XMTQzNDMyMjkwOA==	18	32	32	31	31	31	31	31	31	31	-1	-1	-1	-1	-1	-1	-1	-1	-1	-1	-1	-1	-1	-1	-1	-1	-1	-1	-1	-1
XMTQzMzc5MjQzMg==	100	111	111	111	111	111	111	111	111	111	111	111	111	111	111	-1	-1	-1	-1	-1	-1	-1	-1	-1	-1	-1	-1	-1	-1	-1
XMTQzNTE0NDE0OA==	5	14	14	18	18	18	18	18	18	18	-1	-1	-1	-1	-1	-1	-1	-1	-1	-1	-1	-1	-1	-1	-1	-1	-1	-1	-1	-1
XMTQzNDkwNDIzMg==	14	-1	-1	-1	-1	-1	-1	-1	-1	-1	-1	-1	-1	-1	-1	-1	-1	-1	-1	-1	-1	-1	-1	-1	-1	-1	-1	-1	-1	-1
XMTQzNDk0OTcxMg==	1	2	2	2	2	2	-1	-1	-1	-1	-1	-1	-1	-1	-1	-1	-1	-1	-1	-1	-1	-1	-1	-1	-1	-1	-1	-1	-1	-1
XMTQzNTIzMDgyNA==	53	288	403	465	508	574	629	648	-1	-1	-1	-1	-1	-1	-1	-1	-1	-1	-1	-1	-1	-1	-1	-1	-1	-1	-1	-1	-1	-1
XMTQzNDEyMzg4NA==	63	72	77	89	95	99	99	99	99	104	-1	-1	-1	-1	-1	-1	-1	-1	-1	-1	-1	-1	-1	-1	-1	-1	-1	-1	-1	-1
XMTQzNDgxMzA1Ng==	118	-1	-1	-1	-1	-1	-1	-1	-1	-1	-1	-1	-1	-1	-1	-1	-1	-1	-1	-1	-1	-1	-1	-1	-1	-1	-1	-1	-1	-1
XMTQzMzcwNDE2MA==	204	348	522	-1	-1	-1	-1	-1	-1	-1	-1	-1	-1	-1	-1	-1	-1	-1	-1	-1	-1	-1	-1	-1	-1	-1	-1	-1	-1	-1
XMTQzNDY2NTQyMA==	7	8	8	7	7	7	7	8	8	8	8	8	8	8	8	8	9	9	-1	-1	-1	-1	-1	-1	-1	-1	-1	-1	-1	-1
XMTQzNDM1NTIxMg==	107	-1	-1	-1	-1	-1	-1	-1	-1	-1	-1	-1	-1	-1	-1	-1	-1	-1	-1	-1	-1	-1	-1	-1	-1	-1	-1	-1	-1	-1
XMTQzNDQ2OTU5Ng==	34	-1	-1	-1	-1	-1	-1	-1	-1	-1	-1	-1	-1	-1	-1	-1	-1	-1	-1	-1	-1	-1	-1	-1	-1	-1	-1	-1	-1	-1
XMTQzNDY1NzgxMg==	14	31	38	47	68	85	97	110	117	121	123	126	132	136	138	141	142	-1	-1	-1	-1	-1	-1	-1	-1	-1	-1	-1	-1	-1
XMTQzNDcxMTQ0OA==	2	2	2	2	3	3	3	3	3	3	3	3	3	3	3	-1	-1	-1	-1	-1	-1	-1	-1	-1	-1	-1	-1	-1	-1	-1
XMTQzNDI2NzMyMA==	5	5	5	5	5	5	5	5	7	8	8	8	8	8	8	9	-1	-1	-1	-1	-1	-1	-1	-1	-1	-1	-1	-1	-1	-1
XMTQzMzcxNTY1Ng==	175	192	190	191	191	191	191	191	191	191	-1	-1	-1	-1	-1	-1	-1	-1	-1	-1	-1	-1	-1	-1	-1	-1	-1	-1	-1	-1
XMTQzNDYwMjYxMg==	3796	3812	3815	47	48	48	48	-1	-1	-1	-1	-1	-1	-1	-1	-1	-1	-1	-1	-1	-1	-1	-1	-1	-1	-1	-1	-1	-1	-1
XMTQzMzcwOTIyMA==	287	324	340	368	382	421	470	485	501	-1	-1	-1	-1	-1	-1	-1	-1	-1	-1	-1	-1	-1	-1	-1	-1	-1	-1	-1	-1	-1
XMTQzNDA3ODY0OA==	29	35	34	39	42	-1	-1	-1	-1	-1	-1	-1	-1	-1	-1	-1	-1	-1	-1	-1	-1	-1	-1	-1	-1	-1	-1	-1	-1	-1
XMTQyOTkyNzEzMg==	16	20	22	-1	-1	-1	-1	-1	-1	-1	-1	-1	-1	-1	-1	-1	-1	-1	-1	-1	-1	-1	-1	-1	-1	-1	-1	-1	-1	-1
XMTQzMzMzNzIwNA==	5	5	3	3	3	4	4	4	-1	-1	-1	-1	-1	-1	-1	-1	-1	-1	-1	-1	-1	-1	-1	-1	-1	-1	-1	-1	-1	-1
XMTQzNDE4ODE3Ng==	62	-1	-1	-1	-1	-1	-1	-1	-1	-1	-1	-1	-1	-1	-1	-1	-1	-1	-1	-1	-1	-1	-1	-1	-1	-1	-1	-1	-1	-1
XMTQzNDMxNTY4OA==	64	69	71	68	71	71	-1	-1	-1	-1	-1	-1	-1	-1	-1	-1	-1	-1	-1	-1	-1	-1	-1	-1	-1	-1	-1	-1	-1	-1
XMTQzMzc1MTc1Ng==	102	118	128	135	135	136	145	149	154	154	155	155	155	158	160	163	164	164	166	-1	-1	-1	-1	-1	-1	-1	-1	-1	-1	-1
XMTQzNDAyNzI3Ng==	179	215	222	225	234	238	243	247	254	259	299	323	335	347	355	362	368	380	388	392	397	398	-1	-1	-1	-1	-1	-1	-1	-1
XMTQzNDU1NDA2OA==	15	22	23	20	20	20	20	20	-1	-1	-1	-1	-1	-1	-1	-1	-1	-1	-1	-1	-1	-1	-1	-1	-1	-1	-1	-1	-1	-1
XMTQzNDc2Mzc0NA==	27	81	127	-1	-1	-1	-1	-1	-1	-1	-1	-1	-1	-1	-1	-1	-1	-1	-1	-1	-1	-1	-1	-1	-1	-1	-1	-1	-1	-1
XMTQzNDMwOTgzMg==	-1	-1	-1	-1	-1	-1	-1	-1	-1	-1	-1	-1	-1	-1	-1	-1	-1	-1	-1	-1	-1	-1	-1	-1	-1	-1	-1	-1	-1	-1
XMTQzNDc4MzI1Ng==	7	8	10	11	13	13	-1	-1	-1	-1	-1	-1	-1	-1	-1	-1	-1	-1	-1	-1	-1	-1	-1	-1	-1	-1	-1	-1	-1	-1
XMTQzNDQwNjEyMA==	7	7	6	6	6	6	6	6	-1	-1	-1	-1	-1	-1	-1	-1	-1	-1	-1	-1	-1	-1	-1	-1	-1	-1	-1	-1	-1	-1
XMTQzMzU2NTk4NA==	115	135	145	159	164	169	175	182	182	182	182	182	182	182	-1	-1	-1	-1	-1	-1	-1	-1	-1	-1	-1	-1	-1	-1	-1	-1
XMTQzNDMwOTA2NA==	3	3	3	3	3	3	-1	-1	-1	-1	-1	-1	-1	-1	-1	-1	-1	-1	-1	-1	-1	-1	-1	-1	-1	-1	-1	-1	-1	-1
XMTQzNDE5MjU4NA==	25	25	23	21	21	21	21	21	21	21	21	21	21	21	21	21	21	21	21	21	21	-1	-1	-1	-1	-1	-1	-1	-1	-1
XMTQzMzY4MjQ2MA==	2443	2547	2416	-1	-1	-1	-1	-1	-1	-1	-1	-1	-1	-1	-1	-1	-1	-1	-1	-1	-1	-1	-1	-1	-1	-1	-1	-1	-1	-1
XMTQzNDc0OTIwOA==	36	-1	-1	-1	-1	-1	-1	-1	-1	-1	-1	-1	-1	-1	-1	-1	-1	-1	-1	-1	-1	-1	-1	-1	-1	-1	-1	-1	-1	-1
XMTQzNDkyMDAzNg==	1	-1	-1	-1	-1	-1	-1	-1	-1	-1	-1	-1	-1	-1	-1	-1	-1	-1	-1	-1	-1	-1	-1	-1	-1	-1	-1	-1	-1	-1
XMTQzMzcxOTQyNA==	229	362	393	411	420	421	420	-1	-1	-1	-1	-1	-1	-1	-1	-1	-1	-1	-1	-1	-1	-1	-1	-1	-1	-1	-1	-1	-1	-1
XMTQzNTEyNjk3Mg==	1	-1	-1	-1	-1	-1	-1	-1	-1	-1	-1	-1	-1	-1	-1	-1	-1	-1	-1	-1	-1	-1	-1	-1	-1	-1	-1	-1	-1	-1
XMTQzNDUwMDQ4MA==	46	116	160	169	176	178	180	181	181	181	182	182	182	186	186	188	188	188	188	188	188	189	191	191	191	-1	-1	-1	-1	-1
XMTQzNDc4NTc5Ng==	-1	-1	-1	-1	-1	-1	-1	-1	-1	-1	-1	-1	-1	-1	-1	-1	-1	-1	-1	-1	-1	-1	-1	-1	-1	-1	-1	-1	-1	-1
XMTQzNDgyNTU1Ng==	293	-1	-1	-1	-1	-1	-1	-1	-1	-1	-1	-1	-1	-1	-1	-1	-1	-1	-1	-1	-1	-1	-1	-1	-1	-1	-1	-1	-1	-1
XMTQzNDg2MzMzMg==	4	-1	-1	-1	-1	-1	-1	-1	-1	-1	-1	-1	-1	-1	-1	-1	-1	-1	-1	-1	-1	-1	-1	-1	-1	-1	-1	-1	-1	-1
XMTQzMzYxMjMzNg==	62	64	58	59	57	57	59	59	61	61	61	61	63	63	64	64	64	64	64	67	-1	-1	-1	-1	-1	-1	-1	-1	-1	-1
XMTQzNTIxNjU0MA==	14799	102187	262640	2232540	4708273	6477780	4777829	2203025	319289	42807	43213	43388	43753	43901	44242	44386	44438	44476	44542	44588	44633	44675	-1	-1	-1	-1	-1	-1	-1	-1
XMTQzMzc0Mjc0MA==	407	444	459	480	499	534	563	576	597	617	630	644	674	705	722	733	741	753	772	784	796	808	-1	-1	-1	-1	-1	-1	-1	-1
XMTQzNDAxMjcwMA==	114	-1	-1	-1	-1	-1	-1	-1	-1	-1	-1	-1	-1	-1	-1	-1	-1	-1	-1	-1	-1	-1	-1	-1	-1	-1	-1	-1	-1	-1
XMTQzNDgxMzU3Mg==	1290	3409	4394	-1	-1	-1	-1	-1	-1	-1	-1	-1	-1	-1	-1	-1	-1	-1	-1	-1	-1	-1	-1	-1	-1	-1	-1	-1	-1	-1
XMTQzNTAzNDU2NA==	3	6	20	23	22	23	23	23	23	23	23	23	23	23	23	23	23	23	23	23	23	23	23	23	-1	-1	-1	-1	-1	-1
XMTQzNDA0MzY0NA==	2408	7612	14688	22154	24520	-1	-1	-1	-1	-1	-1	-1	-1	-1	-1	-1	-1	-1	-1	-1	-1	-1	-1	-1	-1	-1	-1	-1	-1	-1
XMTQzNDk1MTAwMA==	0	1	1	1	1	1	-1	-1	-1	-1	-1	-1	-1	-1	-1	-1	-1	-1	-1	-1	-1	-1	-1	-1	-1	-1	-1	-1	-1	-1
XMTQzNDEwNTA1Mg==	232	244	238	-1	-1	-1	-1	-1	-1	-1	-1	-1	-1	-1	-1	-1	-1	-1	-1	-1	-1	-1	-1	-1	-1	-1	-1	-1	-1	-1
XMTQzMzU2ODc3Ng==	14	15	15	15	15	15	15	15	15	-1	-1	-1	-1	-1	-1	-1	-1	-1	-1	-1	-1	-1	-1	-1	-1	-1	-1	-1	-1	-1
XMTQzNDM4NzcxMg==	3	5	4	4	4	4	4	4	4	4	4	4	4	4	4	4	4	4	-1	-1	-1	-1	-1	-1	-1	-1	-1	-1	-1	-1
XMTQzMzg1MzkzNg==	35	37	37	39	39	39	39	39	39	39	-1	-1	-1	-1	-1	-1	-1	-1	-1	-1	-1	-1	-1	-1	-1	-1	-1	-1	-1	-1
XMTQzMzc1MTc3Mg==	152	169	170	174	179	188	202	204	205	203	206	208	209	212	217	218	220	224	227	-1	-1	-1	-1	-1	-1	-1	-1	-1	-1	-1
XMTQzNDUxODc1Ng==	35	67	87	89	86	87	89	89	90	90	90	91	95	95	96	96	96	96	96	97	97	99	101	101	101	-1	-1	-1	-1	-1
XMTQzNTAyMTM1Mg==	13	-1	-1	-1	-1	-1	-1	-1	-1	-1	-1	-1	-1	-1	-1	-1	-1	-1	-1	-1	-1	-1	-1	-1	-1	-1	-1	-1	-1	-1
XMTQzNDQ4OTk1Ng==	8	10	15	-1	-1	-1	-1	-1	-1	-1	-1	-1	-1	-1	-1	-1	-1	-1	-1	-1	-1	-1	-1	-1	-1	-1	-1	-1	-1	-1
XMTQzMzc1NzI4NA==	474	560	590	601	-1	-1	-1	-1	-1	-1	-1	-1	-1	-1	-1	-1	-1	-1	-1	-1	-1	-1	-1	-1	-1	-1	-1	-1	-1	-1
XMTQzNTEzOTc0OA==	1	-1	-1	-1	-1	-1	-1	-1	-1	-1	-1	-1	-1	-1	-1	-1	-1	-1	-1	-1	-1	-1	-1	-1	-1	-1	-1	-1	-1	-1
XMTQzMzU5Njg1Ng==	8	8	9	10	10	-1	-1	-1	-1	-1	-1	-1	-1	-1	-1	-1	-1	-1	-1	-1	-1	-1	-1	-1	-1	-1	-1	-1	-1	-1
XMTQzNDk0NDQ1Mg==	4	15	-1	-1	-1	-1	-1	-1	-1	-1	-1	-1	-1	-1	-1	-1	-1	-1	-1	-1	-1	-1	-1	-1	-1	-1	-1	-1	-1	-1
XMTQzNDEzMjM0OA==	136	158	165	168	-1	-1	-1	-1	-1	-1	-1	-1	-1	-1	-1	-1	-1	-1	-1	-1	-1	-1	-1	-1	-1	-1	-1	-1	-1	-1
XMTQzNDcyODQ2MA==	224	300	344	372	433	562	668	688	715	734	774	861	1013	1136	1193	1263	1305	1406	1538	1661	1777	1927	2090	2297	2443	2589	-1	-1	-1	-1
XMTQzNDc1MzY0OA==	9	9	9	10	10	10	-1	-1	-1	-1	-1	-1	-1	-1	-1	-1	-1	-1	-1	-1	-1	-1	-1	-1	-1	-1	-1	-1	-1	-1
XMTQzNDg3ODU0NA==	79495	-1	-1	-1	-1	-1	-1	-1	-1	-1	-1	-1	-1	-1	-1	-1	-1	-1	-1	-1	-1	-1	-1	-1	-1	-1	-1	-1	-1	-1
XMTQzNDQxNjQyOA==	10651	51328	108473	154998	154998	-1	-1	-1	-1	-1	-1	-1	-1	-1	-1	-1	-1	-1	-1	-1	-1	-1	-1	-1	-1	-1	-1	-1	-1	-1
XMTQzNDc4MzQ2MA==	89	171	214	215	218	219	219	220	-1	-1	-1	-1	-1	-1	-1	-1	-1	-1	-1	-1	-1	-1	-1	-1	-1	-1	-1	-1	-1	-1
XMTQzNTE1NDI1Mg==	11	15	17	16	16	18	18	18	18	-1	-1	-1	-1	-1	-1	-1	-1	-1	-1	-1	-1	-1	-1	-1	-1	-1	-1	-1	-1	-1
XMTQzMzUyODMwOA==	8	8	9	10	10	11	12	12	12	12	12	12	13	-1	-1	-1	-1	-1	-1	-1	-1	-1	-1	-1	-1	-1	-1	-1	-1	-1
XMTQzNDQ4NzM4NA==	253	368	437	477	503	539	558	579	597	621	625	640	666	675	684	692	696	710	714	718	726	732	-1	-1	-1	-1	-1	-1	-1	-1
XMTQzMzg5NzM3Ng==	29	-1	-1	-1	-1	-1	-1	-1	-1	-1	-1	-1	-1	-1	-1	-1	-1	-1	-1	-1	-1	-1	-1	-1	-1	-1	-1	-1	-1	-1
XMTQzNTExMDkyOA==	21474	98067	164409	138828	84436	17950	18737	18909	19096	19152	19338	19495	19686	19787	19964	20041	20182	20396	20589	20752	20921	21012	-1	-1	-1	-1	-1	-1	-1	-1
XMTQzNDUwOTQzNg==	19	58	150	159	161	160	171	174	176	177	178	178	179	185	186	191	192	192	192	192	192	194	194	194	194	-1	-1	-1	-1	-1
XMTQzNDI5MDUwNA==	144	238	-1	-1	-1	-1	-1	-1	-1	-1	-1	-1	-1	-1	-1	-1	-1	-1	-1	-1	-1	-1	-1	-1	-1	-1	-1	-1	-1	-1
XMTQzMzc4MTYxMg==	166	167	170	-1	-1	-1	-1	-1	-1	-1	-1	-1	-1	-1	-1	-1	-1	-1	-1	-1	-1	-1	-1	-1	-1	-1	-1	-1	-1	-1
XMTQzMzcxOTAwMA==	10	-1	-1	-1	-1	-1	-1	-1	-1	-1	-1	-1	-1	-1	-1	-1	-1	-1	-1	-1	-1	-1	-1	-1	-1	-1	-1	-1	-1	-1
XMTQzNDY2NDEyMA==	11	751	-1	-1	-1	-1	-1	-1	-1	-1	-1	-1	-1	-1	-1	-1	-1	-1	-1	-1	-1	-1	-1	-1	-1	-1	-1	-1	-1	-1
XMTQzNDQ3NTYxMg==	39	47	62	62	-1	-1	-1	-1	-1	-1	-1	-1	-1	-1	-1	-1	-1	-1	-1	-1	-1	-1	-1	-1	-1	-1	-1	-1	-1	-1
XMTQzMzk5MzEwNA==	66	68	65	65	-1	-1	-1	-1	-1	-1	-1	-1	-1	-1	-1	-1	-1	-1	-1	-1	-1	-1	-1	-1	-1	-1	-1	-1	-1	-1
XMTQzMzgwODQ2NA==	5	5	5	5	5	5	5	-1	-1	-1	-1	-1	-1	-1	-1	-1	-1	-1	-1	-1	-1	-1	-1	-1	-1	-1	-1	-1	-1	-1
XMTQzNDAwMjAwMA==	80	98	104	108	113	115	115	117	119	120	121	121	121	121	122	123	125	-1	-1	-1	-1	-1	-1	-1	-1	-1	-1	-1	-1	-1
XMTQzMzU2MTI4OA==	1	1	1	1	1	-1	-1	-1	-1	-1	-1	-1	-1	-1	-1	-1	-1	-1	-1	-1	-1	-1	-1	-1	-1	-1	-1	-1	-1	-1
XMTQzNDAyMjU1Ng==	32	37	-1	-1	-1	-1	-1	-1	-1	-1	-1	-1	-1	-1	-1	-1	-1	-1	-1	-1	-1	-1	-1	-1	-1	-1	-1	-1	-1	-1
XMTQzNDM5MTc0MA==	8	9	10	10	10	10	10	10	10	10	10	10	10	10	10	10	10	10	10	10	10	10	10	10	10	-1	-1	-1	-1	-1
XMTQzMzY5MjAwOA==	-1	-1	-1	-1	-1	-1	-1	-1	-1	-1	-1	-1	-1	-1	-1	-1	-1	-1	-1	-1	-1	-1	-1	-1	-1	-1	-1	-1	-1	-1
XMTQzMzU4NTAwOA==	285	298	307	319	338	347	354	370	378	384	393	398	401	420	440	444	447	450	458	463	466	474	480	482	487	488	492	495	-1	-1
XMTQzNDI4MTUyOA==	7	-1	-1	-1	-1	-1	-1	-1	-1	-1	-1	-1	-1	-1	-1	-1	-1	-1	-1	-1	-1	-1	-1	-1	-1	-1	-1	-1	-1	-1
XMTQzMzgwMjQzMg==	134	157	160	185	207	216	223	224	227	225	227	226	226	228	233	233	231	231	231	231	232	289	310	311	316	317	319	-1	-1	-1
XMTQzNDkxMjgyMA==	8	11	11	10	10	10	-1	-1	-1	-1	-1	-1	-1	-1	-1	-1	-1	-1	-1	-1	-1	-1	-1	-1	-1	-1	-1	-1	-1	-1
XMTQzMzU3OTg0OA==	147	169	-1	-1	-1	-1	-1	-1	-1	-1	-1	-1	-1	-1	-1	-1	-1	-1	-1	-1	-1	-1	-1	-1	-1	-1	-1	-1	-1	-1
XMTQzNDk0NTIwOA==	4	12	13	13	14	17	18	18	19	19	21	21	21	21	21	21	21	21	21	21	21	21	22	-1	-1	-1	-1	-1	-1	-1
XMTQzNDkwMTEyOA==	4	8	10	10	10	10	11	12	14	15	19	20	20	20	21	21	21	21	22	25	25	25	26	-1	-1	-1	-1	-1	-1	-1
XMTQzMzUzNTc1Mg==	-1	-1	-1	-1	-1	-1	-1	-1	-1	-1	-1	-1	-1	-1	-1	-1	-1	-1	-1	-1	-1	-1	-1	-1	-1	-1	-1	-1	-1	-1
XMTQzNDU5NTA2NA==	3	4	4	4	4	7	7	7	7	7	7	9	11	11	11	11	11	11	-1	-1	-1	-1	-1	-1	-1	-1	-1	-1	-1	-1
XMTQzNDAwMTgwNA==	7	7	8	11	11	11	11	11	11	-1	-1	-1	-1	-1	-1	-1	-1	-1	-1	-1	-1	-1	-1	-1	-1	-1	-1	-1	-1	-1
XMTQzNTEyNzA2MA==	3	6	6	6	6	6	6	6	10	10	10	10	10	10	18	18	18	18	18	18	18	-1	-1	-1	-1	-1	-1	-1	-1	-1
XMTQzNDk1MTExMg==	6	10	11	10	9	10	-1	-1	-1	-1	-1	-1	-1	-1	-1	-1	-1	-1	-1	-1	-1	-1	-1	-1	-1	-1	-1	-1	-1	-1
XMTQzMzU3NDcyNA==	5	-1	-1	-1	-1	-1	-1	-1	-1	-1	-1	-1	-1	-1	-1	-1	-1	-1	-1	-1	-1	-1	-1	-1	-1	-1	-1	-1	-1	-1
XMTQzNDU0MDMzNg==	2	2	2	2	3	-1	-1	-1	-1	-1	-1	-1	-1	-1	-1	-1	-1	-1	-1	-1	-1	-1	-1	-1	-1	-1	-1	-1	-1	-1
XMTQzNDkwODk3Mg==	6	11	13	14	13	12	11	11	12	12	12	12	12	12	12	12	12	12	12	12	12	-1	-1	-1	-1	-1	-1	-1	-1	-1
XMTQzNDQ5NTIwOA==	18	21	22	21	-1	-1	-1	-1	-1	-1	-1	-1	-1	-1	-1	-1	-1	-1	-1	-1	-1	-1	-1	-1	-1	-1	-1	-1	-1	-1
XMTQzNDg2NDUyOA==	7	-1	-1	-1	-1	-1	-1	-1	-1	-1	-1	-1	-1	-1	-1	-1	-1	-1	-1	-1	-1	-1	-1	-1	-1	-1	-1	-1	-1	-1
XMTQzNDM0NTY1Ng==	120	124	131	132	-1	-1	-1	-1	-1	-1	-1	-1	-1	-1	-1	-1	-1	-1	-1	-1	-1	-1	-1	-1	-1	-1	-1	-1	-1	-1
XMTQzMzk5MzQ1Mg==	15	15	13	13	-1	-1	-1	-1	-1	-1	-1	-1	-1	-1	-1	-1	-1	-1	-1	-1	-1	-1	-1	-1	-1	-1	-1	-1	-1	-1
XMTQzNDkzOTYxMg==	103092	-1	-1	-1	-1	-1	-1	-1	-1	-1	-1	-1	-1	-1	-1	-1	-1	-1	-1	-1	-1	-1	-1	-1	-1	-1	-1	-1	-1	-1
XMTQzMzcxNDUwOA==	115	127	129	132	142	142	142	-1	-1	-1	-1	-1	-1	-1	-1	-1	-1	-1	-1	-1	-1	-1	-1	-1	-1	-1	-1	-1	-1	-1
XMTQzMzcxNjI0OA==	112	126	128	132	131	135	-1	-1	-1	-1	-1	-1	-1	-1	-1	-1	-1	-1	-1	-1	-1	-1	-1	-1	-1	-1	-1	-1	-1	-1
XMTQzNDYxOTQ4OA==	5501	5517	5517	27	27	27	27	-1	-1	-1	-1	-1	-1	-1	-1	-1	-1	-1	-1	-1	-1	-1	-1	-1	-1	-1	-1	-1	-1	-1
XMTQzMzgyMzkyNA==	5789	7691	7793	7836	7843	-1	-1	-1	-1	-1	-1	-1	-1	-1	-1	-1	-1	-1	-1	-1	-1	-1	-1	-1	-1	-1	-1	-1	-1	-1
XMTQzNDMyMTQ4OA==	156	253	270	268	263	265	265	265	-1	-1	-1	-1	-1	-1	-1	-1	-1	-1	-1	-1	-1	-1	-1	-1	-1	-1	-1	-1	-1	-1
XMTQzMzQ1Mzg4OA==	13	14	15	15	15	17	17	17	18	18	18	18	18	18	18	18	19	21	21	21	21	-1	-1	-1	-1	-1	-1	-1	-1	-1
XMTQzNDAyMzkzMg==	128	151	-1	-1	-1	-1	-1	-1	-1	-1	-1	-1	-1	-1	-1	-1	-1	-1	-1	-1	-1	-1	-1	-1	-1	-1	-1	-1	-1	-1
XMTQzNDQzMDk0MA==	728	-1	-1	-1	-1	-1	-1	-1	-1	-1	-1	-1	-1	-1	-1	-1	-1	-1	-1	-1	-1	-1	-1	-1	-1	-1	-1	-1	-1	-1
XMTQzNDMxODU3Mg==	4	8	8	8	8	8	8	10	10	10	10	10	10	10	10	10	10	10	10	10	10	10	10	10	10	10	10	10	10	-1
XMTQzMzU1MTQ4OA==	86	92	94	97	99	-1	-1	-1	-1	-1	-1	-1	-1	-1	-1	-1	-1	-1	-1	-1	-1	-1	-1	-1	-1	-1	-1	-1	-1	-1
XMTQzNDQzMzIxMg==	-1	-1	-1	-1	-1	-1	-1	-1	-1	-1	-1	-1	-1	-1	-1	-1	-1	-1	-1	-1	-1	-1	-1	-1	-1	-1	-1	-1	-1	-1
XMTQzMzg4MjQ1Ng==	505	656	792	956	1109	1195	1260	1283	1334	1361	1368	1374	1377	-1	-1	-1	-1	-1	-1	-1	-1	-1	-1	-1	-1	-1	-1	-1	-1	-1
XMTQzMzY2ODMxMg==	8	-1	-1	-1	-1	-1	-1	-1	-1	-1	-1	-1	-1	-1	-1	-1	-1	-1	-1	-1	-1	-1	-1	-1	-1	-1	-1	-1	-1	-1
XMTQzNTEyMDM4OA==	65719	272680	-1	-1	-1	-1	-1	-1	-1	-1	-1	-1	-1	-1	-1	-1	-1	-1	-1	-1	-1	-1	-1	-1	-1	-1	-1	-1	-1	-1
XMTQzMzgxOTcyNA==	111	119	127	131	134	135	137	140	141	141	143	144	146	146	149	156	159	160	166	-1	-1	-1	-1	-1	-1	-1	-1	-1	-1	-1
XMTQzMzg0MDc0MA==	149	168	192	195	195	194	194	196	-1	-1	-1	-1	-1	-1	-1	-1	-1	-1	-1	-1	-1	-1	-1	-1	-1	-1	-1	-1	-1	-1
XMTQzNDM0MDQ3Ng==	3	-1	-1	-1	-1	-1	-1	-1	-1	-1	-1	-1	-1	-1	-1	-1	-1	-1	-1	-1	-1	-1	-1	-1	-1	-1	-1	-1	-1	-1
XMTQzNDQzODQzMg==	251	-1	-1	-1	-1	-1	-1	-1	-1	-1	-1	-1	-1	-1	-1	-1	-1	-1	-1	-1	-1	-1	-1	-1	-1	-1	-1	-1	-1	-1
XMTQzNDMwMTk3Ng==	47	50	49	50	53	55	55	56	-1	-1	-1	-1	-1	-1	-1	-1	-1	-1	-1	-1	-1	-1	-1	-1	-1	-1	-1	-1	-1	-1
XMTQzNTAwMTIzMg==	3	-1	-1	-1	-1	-1	-1	-1	-1	-1	-1	-1	-1	-1	-1	-1	-1	-1	-1	-1	-1	-1	-1	-1	-1	-1	-1	-1	-1	-1
XMTQzMzcwNTYxNg==	2428	2534	2614	2682	2715	2754	2786	2806	2833	-1	-1	-1	-1	-1	-1	-1	-1	-1	-1	-1	-1	-1	-1	-1	-1	-1	-1	-1	-1	-1
XMTQzMzgwMjI3Mg==	208	268	-1	-1	-1	-1	-1	-1	-1	-1	-1	-1	-1	-1	-1	-1	-1	-1	-1	-1	-1	-1	-1	-1	-1	-1	-1	-1	-1	-1
XMTQzNDE2ODQwMA==	156	207	225	236	249	259	-1	-1	-1	-1	-1	-1	-1	-1	-1	-1	-1	-1	-1	-1	-1	-1	-1	-1	-1	-1	-1	-1	-1	-1
XMTQzNDMzNTk3Mg==	9	9	9	9	9	9	9	9	10	10	10	-1	-1	-1	-1	-1	-1	-1	-1	-1	-1	-1	-1	-1	-1	-1	-1	-1	-1	-1
XMTQzNDA1OTQwMA==	3	4	5	5	5	5	5	5	5	5	5	5	5	5	5	5	5	5	5	7	7	7	7	7	7	7	7	7	7	-1
XMTQzNDE5OTA0MA==	2	3	-1	-1	-1	-1	-1	-1	-1	-1	-1	-1	-1	-1	-1	-1	-1	-1	-1	-1	-1	-1	-1	-1	-1	-1	-1	-1	-1	-1
XMTQzNDM1NTI5Ng==	237	388	514	613	685	756	813	843	862	-1	-1	-1	-1	-1	-1	-1	-1	-1	-1	-1	-1	-1	-1	-1	-1	-1	-1	-1	-1	-1
XMTQzNDIzMDc1Ng==	4	4	4	-1	-1	-1	-1	-1	-1	-1	-1	-1	-1	-1	-1	-1	-1	-1	-1	-1	-1	-1	-1	-1	-1	-1	-1	-1	-1	-1
XMTQzMzUxNDY2NA==	80	84	86	88	-1	-1	-1	-1	-1	-1	-1	-1	-1	-1	-1	-1	-1	-1	-1	-1	-1	-1	-1	-1	-1	-1	-1	-1	-1	-1
XMTQzNDAyMTA5Mg==	11	14	-1	-1	-1	-1	-1	-1	-1	-1	-1	-1	-1	-1	-1	-1	-1	-1	-1	-1	-1	-1	-1	-1	-1	-1	-1	-1	-1	-1
XMTQzNDI3Nzg4NA==	15	17	20	23	24	25	25	25	25	25	25	-1	-1	-1	-1	-1	-1	-1	-1	-1	-1	-1	-1	-1	-1	-1	-1	-1	-1	-1
XMTQzMzg0NjM1Mg==	3011	16012	16213	16231	15854	15894	15920	15954	15971	16001	-1	-1	-1	-1	-1	-1	-1	-1	-1	-1	-1	-1	-1	-1	-1	-1	-1	-1	-1	-1
XMTQzMzY3NzM0OA==	74	-1	-1	-1	-1	-1	-1	-1	-1	-1	-1	-1	-1	-1	-1	-1	-1	-1	-1	-1	-1	-1	-1	-1	-1	-1	-1	-1	-1	-1
XMTQzNDM1MzUwMA==	-1	-1	-1	-1	-1	-1	-1	-1	-1	-1	-1	-1	-1	-1	-1	-1	-1	-1	-1	-1	-1	-1	-1	-1	-1	-1	-1	-1	-1	-1
XMTQzMzU3Mzg4MA==	72	73	-1	-1	-1	-1	-1	-1	-1	-1	-1	-1	-1	-1	-1	-1	-1	-1	-1	-1	-1	-1	-1	-1	-1	-1	-1	-1	-1	-1
XMTQzNDUxOTI5Ng==	25	25	25	25	26	26	26	26	26	26	26	26	26	26	26	26	26	26	26	26	26	26	26	26	26	26	26	26	-1	-1
XMTQzNDQ0NzY2OA==	114	154	158	167	171	174	175	176	177	177	176	176	178	182	184	184	184	184	185	185	185	185	188	189	188	-1	-1	-1	-1	-1
XMTQzNDUzMjM3Ng==	24	74	107	114	115	117	121	122	124	125	128	128	129	134	135	136	136	136	136	136	136	136	136	136	136	-1	-1	-1	-1	-1
XMTQzNDMwMjQwOA==	346	383	398	-1	-1	-1	-1	-1	-1	-1	-1	-1	-1	-1	-1	-1	-1	-1	-1	-1	-1	-1	-1	-1	-1	-1	-1	-1	-1	-1
XMTQzMzQ4MTUyOA==	3	3	2	2	2	2	2	2	2	2	2	2	2	-1	-1	-1	-1	-1	-1	-1	-1	-1	-1	-1	-1	-1	-1	-1	-1	-1
XMTQzMzE3MTMyMA==	6	17	19	20	20	22	22	25	25	26	26	26	26	26	26	26	-1	-1	-1	-1	-1	-1	-1	-1	-1	-1	-1	-1	-1	-1
XMTQzMzg3ODc0OA==	154	211	234	249	269	280	291	295	296	300	305	311	314	320	331	345	359	369	375	384	388	399	404	411	416	422	-1	-1	-1	-1
XMTQzNDM0NDQwOA==	50	94	104	111	124	132	142	152	156	157	164	169	175	184	185	189	193	197	206	214	232	259	292	321	-1	-1	-1	-1	-1	-1
XMTQzNDY2MDc5Ng==	12	20	24	35	37	37	37	37	37	37	37	37	37	37	37	37	37	37	37	37	38	41	41	44	67	84	-1	-1	-1	-1
XMTQzMzU1ODY2NA==	8	8	8	8	8	-1	-1	-1	-1	-1	-1	-1	-1	-1	-1	-1	-1	-1	-1	-1	-1	-1	-1	-1	-1	-1	-1	-1	-1	-1
XMTQzNTEzNTkxNg==	6	17	19	21	20	22	-1	-1	-1	-1	-1	-1	-1	-1	-1	-1	-1	-1	-1	-1	-1	-1	-1	-1	-1	-1	-1	-1	-1	-1
XMTQzMzc0NjEyNA==	22	46	47	47	47	48	49	-1	-1	-1	-1	-1	-1	-1	-1	-1	-1	-1	-1	-1	-1	-1	-1	-1	-1	-1	-1	-1	-1	-1
XMTQzMzU3NzUwMA==	137	306	358	372	-1	-1	-1	-1	-1	-1	-1	-1	-1	-1	-1	-1	-1	-1	-1	-1	-1	-1	-1	-1	-1	-1	-1	-1	-1	-1
XMTQzNTA5MDg0OA==	7	-1	-1	-1	-1	-1	-1	-1	-1	-1	-1	-1	-1	-1	-1	-1	-1	-1	-1	-1	-1	-1	-1	-1	-1	-1	-1	-1	-1	-1
XMTQzNDU4ODUwOA==	3138	5289	6830	7234	7374	7498	7584	7662	-1	-1	-1	-1	-1	-1	-1	-1	-1	-1	-1	-1	-1	-1	-1	-1	-1	-1	-1	-1	-1	-1
XMTQzNDExNDEyOA==	544	617	634	-1	-1	-1	-1	-1	-1	-1	-1	-1	-1	-1	-1	-1	-1	-1	-1	-1	-1	-1	-1	-1	-1	-1	-1	-1	-1	-1
XMTQzNTEzODU0MA==	1	-1	-1	-1	-1	-1	-1	-1	-1	-1	-1	-1	-1	-1	-1	-1	-1	-1	-1	-1	-1	-1	-1	-1	-1	-1	-1	-1	-1	-1
XMTQzNDM4MTg4OA==	54	56	-1	-1	-1	-1	-1	-1	-1	-1	-1	-1	-1	-1	-1	-1	-1	-1	-1	-1	-1	-1	-1	-1	-1	-1	-1	-1	-1	-1
XMTQzNDI5NTY2MA==	58	63	-1	-1	-1	-1	-1	-1	-1	-1	-1	-1	-1	-1	-1	-1	-1	-1	-1	-1	-1	-1	-1	-1	-1	-1	-1	-1	-1	-1
XMTQzNDM1MjUzNg==	18	25	28	34	37	38	41	41	44	47	47	47	-1	-1	-1	-1	-1	-1	-1	-1	-1	-1	-1	-1	-1	-1	-1	-1	-1	-1
XMTQzNDUwNzE0OA==	-1	-1	-1	-1	-1	-1	-1	-1	-1	-1	-1	-1	-1	-1	-1	-1	-1	-1	-1	-1	-1	-1	-1	-1	-1	-1	-1	-1	-1	-1
XMTQzNDc3MzI4NA==	51	116	145	150	153	152	152	153	-1	-1	-1	-1	-1	-1	-1	-1	-1	-1	-1	-1	-1	-1	-1	-1	-1	-1	-1	-1	-1	-1
XMTQzMzM2ODYxMg==	169	-1	-1	-1	-1	-1	-1	-1	-1	-1	-1	-1	-1	-1	-1	-1	-1	-1	-1	-1	-1	-1	-1	-1	-1	-1	-1	-1	-1	-1
XMTQzNDQxMDcwNA==	3	3	3	3	3	3	3	4	-1	-1	-1	-1	-1	-1	-1	-1	-1	-1	-1	-1	-1	-1	-1	-1	-1	-1	-1	-1	-1	-1
XMTQzNDgyODA0NA==	1	3	4	4	4	4	4	4	4	4	4	4	4	4	4	4	4	4	4	4	-1	-1	-1	-1	-1	-1	-1	-1	-1	-1
XMTQzMzg0MDIwMA==	545	615	-1	-1	-1	-1	-1	-1	-1	-1	-1	-1	-1	-1	-1	-1	-1	-1	-1	-1	-1	-1	-1	-1	-1	-1	-1	-1	-1	-1
XMTQzNDQxODUyMA==	9	9	9	9	9	9	9	9	9	9	9	9	9	9	9	9	9	9	9	9	9	9	9	9	9	-1	-1	-1	-1	-1
XMTQzNDk2MTk4MA==	8	11	11	15	20	20	23	24	25	25	25	26	27	27	27	27	29	32	36	40	40	41	41	-1	-1	-1	-1	-1	-1	-1
XMTQzNTA0NzE0MA==	44	70	115	143	148	-1	-1	-1	-1	-1	-1	-1	-1	-1	-1	-1	-1	-1	-1	-1	-1	-1	-1	-1	-1	-1	-1	-1	-1	-1
XMTQzMzY2NDY3Mg==	568	-1	-1	-1	-1	-1	-1	-1	-1	-1	-1	-1	-1	-1	-1	-1	-1	-1	-1	-1	-1	-1	-1	-1	-1	-1	-1	-1	-1	-1
XMTQzMzc3NzA0OA==	52	54	59	61	61	61	61	61	61	61	61	61	63	-1	-1	-1	-1	-1	-1	-1	-1	-1	-1	-1	-1	-1	-1	-1	-1	-1
XMTQzMzg5ODkzMg==	28	34	-1	-1	-1	-1	-1	-1	-1	-1	-1	-1	-1	-1	-1	-1	-1	-1	-1	-1	-1	-1	-1	-1	-1	-1	-1	-1	-1	-1
XMTQzMzY2NDY2NA==	589	641	625	-1	-1	-1	-1	-1	-1	-1	-1	-1	-1	-1	-1	-1	-1	-1	-1	-1	-1	-1	-1	-1	-1	-1	-1	-1	-1	-1
XMTQzMzUyMzM1Mg==	30	-1	-1	-1	-1	-1	-1	-1	-1	-1	-1	-1	-1	-1	-1	-1	-1	-1	-1	-1	-1	-1	-1	-1	-1	-1	-1	-1	-1	-1
XMTQzNTA2Nzg3Mg==	5	5	-1	-1	-1	-1	-1	-1	-1	-1	-1	-1	-1	-1	-1	-1	-1	-1	-1	-1	-1	-1	-1	-1	-1	-1	-1	-1	-1	-1
XMTQzMzU1ODQ2NA==	8	8	7	7	7	-1	-1	-1	-1	-1	-1	-1	-1	-1	-1	-1	-1	-1	-1	-1	-1	-1	-1	-1	-1	-1	-1	-1	-1	-1
XMTQzMzU4MjUzNg==	208	216	-1	-1	-1	-1	-1	-1	-1	-1	-1	-1	-1	-1	-1	-1	-1	-1	-1	-1	-1	-1	-1	-1	-1	-1	-1	-1	-1	-1
XMTQzNDE3OTQ0MA==	7	7	7	8	9	9	9	9	9	10	10	10	10	10	10	10	-1	-1	-1	-1	-1	-1	-1	-1	-1	-1	-1	-1	-1	-1
XMTQzMzM5MDE4MA==	807	831	812	838	863	945	988	1001	1005	1005	1029	1040	1054	1063	1086	1103	1137	1156	1176	-1	-1	-1	-1	-1	-1	-1	-1	-1	-1	-1
XMTQzMzkzNDM4MA==	21	21	-1	-1	-1	-1	-1	-1	-1	-1	-1	-1	-1	-1	-1	-1	-1	-1	-1	-1	-1	-1	-1	-1	-1	-1	-1	-1	-1	-1
XMTQzNTExNzYwOA==	103	120	120	120	121	121	121	121	121	121	121	121	121	121	-1	-1	-1	-1	-1	-1	-1	-1	-1	-1	-1	-1	-1	-1	-1	-1
XMTQzNDUxNzcxNg==	35	79	114	120	113	113	113	113	116	116	116	116	116	121	122	122	123	124	124	124	125	126	126	126	126	-1	-1	-1	-1	-1
XMTQzMzc0NDk1Mg==	86	93	93	92	92	93	93	93	93	94	97	96	96	96	96	-1	-1	-1	-1	-1	-1	-1	-1	-1	-1	-1	-1	-1	-1	-1
XMTQzNDI1NzU1Ng==	49	81	103	-1	-1	-1	-1	-1	-1	-1	-1	-1	-1	-1	-1	-1	-1	-1	-1	-1	-1	-1	-1	-1	-1	-1	-1	-1	-1	-1
XMTQzNTExODkyOA==	1572	2086	2596	2817	2862	2928	2981	3020	3068	-1	-1	-1	-1	-1	-1	-1	-1	-1	-1	-1	-1	-1	-1	-1	-1	-1	-1	-1	-1	-1
XMTQzNDAwNTcwMA==	-1	-1	-1	-1	-1	-1	-1	-1	-1	-1	-1	-1	-1	-1	-1	-1	-1	-1	-1	-1	-1	-1	-1	-1	-1	-1	-1	-1	-1	-1
XMTQzNDkzMTIwMA==	19	22	23	25	25	25	25	25	26	27	28	28	31	31	31	31	32	32	32	32	32	32	32	-1	-1	-1	-1	-1	-1	-1
XMTQzNDg3MDk0OA==	250	408	447	446	459	471	482	486	497	499	501	501	501	503	503	503	501	501	501	501	-1	-1	-1	-1	-1	-1	-1	-1	-1	-1
XMTQzNDUyNjEwNA==	24	-1	-1	-1	-1	-1	-1	-1	-1	-1	-1	-1	-1	-1	-1	-1	-1	-1	-1	-1	-1	-1	-1	-1	-1	-1	-1	-1	-1	-1
XMTQzNDk1MTcyMA==	1	2	2	1	1	1	1	1	3	6	7	7	11	12	14	14	14	14	15	21	21	21	22	-1	-1	-1	-1	-1	-1	-1
XMTQzNDAwMzE3Ng==	-1	-1	-1	-1	-1	-1	-1	-1	-1	-1	-1	-1	-1	-1	-1	-1	-1	-1	-1	-1	-1	-1	-1	-1	-1	-1	-1	-1	-1	-1
XMTQzMzUyMzA4NA==	11	11	9	9	9	9	9	9	-1	-1	-1	-1	-1	-1	-1	-1	-1	-1	-1	-1	-1	-1	-1	-1	-1	-1	-1	-1	-1	-1
XMTQzNDIwMzc4OA==	348	414	466	489	505	525	534	543	549	550	556	566	567	573	587	594	595	599	602	603	604	607	610	613	613	613	615	617	-1	-1
XMTQzNDM3MTc2MA==	45	51	51	50	50	50	-1	-1	-1	-1	-1	-1	-1	-1	-1	-1	-1	-1	-1	-1	-1	-1	-1	-1	-1	-1	-1	-1	-1	-1
XMTQzNDY0MTE3Mg==	5486	5491	5498	17	17	17	17	-1	-1	-1	-1	-1	-1	-1	-1	-1	-1	-1	-1	-1	-1	-1	-1	-1	-1	-1	-1	-1	-1	-1
XMTQzMzU1NzU0MA==	423	466	484	505	524	530	540	545	552	560	574	-1	-1	-1	-1	-1	-1	-1	-1	-1	-1	-1	-1	-1	-1	-1	-1	-1	-1	-1
XMTQzNDQ2MzU0MA==	7	-1	-1	-1	-1	-1	-1	-1	-1	-1	-1	-1	-1	-1	-1	-1	-1	-1	-1	-1	-1	-1	-1	-1	-1	-1	-1	-1	-1	-1
XMTQzNTA2ODIzMg==	54545	285062	285062	-1	-1	-1	-1	-1	-1	-1	-1	-1	-1	-1	-1	-1	-1	-1	-1	-1	-1	-1	-1	-1	-1	-1	-1	-1	-1	-1
XMTQzNDI3MzU2MA==	106	112	114	114	118	121	124	126	127	129	131	132	145	147	171	206	207	-1	-1	-1	-1	-1	-1	-1	-1	-1	-1	-1	-1	-1
XMTQzMzg0NjgzNg==	60	75	91	91	92	-1	-1	-1	-1	-1	-1	-1	-1	-1	-1	-1	-1	-1	-1	-1	-1	-1	-1	-1	-1	-1	-1	-1	-1	-1
XMTQzNDc0NDM2NA==	13	14	14	15	15	15	-1	-1	-1	-1	-1	-1	-1	-1	-1	-1	-1	-1	-1	-1	-1	-1	-1	-1	-1	-1	-1	-1	-1	-1
XMTQzMzUyMjI5Ng==	63	65	65	66	66	68	-1	-1	-1	-1	-1	-1	-1	-1	-1	-1	-1	-1	-1	-1	-1	-1	-1	-1	-1	-1	-1	-1	-1	-1
XMTQzNTE3MDg1Mg==	2	-1	-1	-1	-1	-1	-1	-1	-1	-1	-1	-1	-1	-1	-1	-1	-1	-1	-1	-1	-1	-1	-1	-1	-1	-1	-1	-1	-1	-1
XMTQzNDE1MTQwNA==	295	310	320	318	321	333	342	349	354	356	360	362	365	366	365	365	365	368	373	375	376	376	-1	-1	-1	-1	-1	-1	-1	-1
XMTQzMzM3NDAwNA==	223	235	229	231	234	238	252	255	257	258	266	268	273	279	283	284	292	296	302	-1	-1	-1	-1	-1	-1	-1	-1	-1	-1	-1
XMTQzMzcxNDA0NA==	1456	1519	1465	-1	-1	-1	-1	-1	-1	-1	-1	-1	-1	-1	-1	-1	-1	-1	-1	-1	-1	-1	-1	-1	-1	-1	-1	-1	-1	-1
XMTQzNDM4NDMyNA==	-1	-1	-1	-1	-1	-1	-1	-1	-1	-1	-1	-1	-1	-1	-1	-1	-1	-1	-1	-1	-1	-1	-1	-1	-1	-1	-1	-1	-1	-1
XMTQzNDQ0MjE1Mg==	6	6	6	7	8	8	8	9	-1	-1	-1	-1	-1	-1	-1	-1	-1	-1	-1	-1	-1	-1	-1	-1	-1	-1	-1	-1	-1	-1
XMTQzNDQ2MzcxMg==	6	7	7	7	7	9	9	9	-1	-1	-1	-1	-1	-1	-1	-1	-1	-1	-1	-1	-1	-1	-1	-1	-1	-1	-1	-1	-1	-1
XMTQzMzUyMDEyOA==	171	214	238	249	251	250	250	250	250	250	251	-1	-1	-1	-1	-1	-1	-1	-1	-1	-1	-1	-1	-1	-1	-1	-1	-1	-1	-1
XMTQzMzg1MzgyNA==	13	-1	-1	-1	-1	-1	-1	-1	-1	-1	-1	-1	-1	-1	-1	-1	-1	-1	-1	-1	-1	-1	-1	-1	-1	-1	-1	-1	-1	-1
XMTQzMzY2MzkwMA==	69	69	68	-1	-1	-1	-1	-1	-1	-1	-1	-1	-1	-1	-1	-1	-1	-1	-1	-1	-1	-1	-1	-1	-1	-1	-1	-1	-1	-1
XMTQzNDk1MTIwNA==	49848	193178	-1	-1	-1	-1	-1	-1	-1	-1	-1	-1	-1	-1	-1	-1	-1	-1	-1	-1	-1	-1	-1	-1	-1	-1	-1	-1	-1	-1
XMTQzNDg3NzUzNg==	5	5	-1	-1	-1	-1	-1	-1	-1	-1	-1	-1	-1	-1	-1	-1	-1	-1	-1	-1	-1	-1	-1	-1	-1	-1	-1	-1	-1	-1
XMTQzMzcwODc3Mg==	2252	2411	2450	2517	2556	2646	2770	2838	2858	-1	-1	-1	-1	-1	-1	-1	-1	-1	-1	-1	-1	-1	-1	-1	-1	-1	-1	-1	-1	-1
XMTQzNDI1OTMwNA==	88	96	124	-1	-1	-1	-1	-1	-1	-1	-1	-1	-1	-1	-1	-1	-1	-1	-1	-1	-1	-1	-1	-1	-1	-1	-1	-1	-1	-1
XMTQzNDE5NTcwOA==	11	13	11	11	10	10	10	10	-1	-1	-1	-1	-1	-1	-1	-1	-1	-1	-1	-1	-1	-1	-1	-1	-1	-1	-1	-1	-1	-1
XMTQzNDQ3ODg5Mg==	99	132	143	142	151	157	-1	-1	-1	-1	-1	-1	-1	-1	-1	-1	-1	-1	-1	-1	-1	-1	-1	-1	-1	-1	-1	-1	-1	-1
XMTQzNDQ4Njk2MA==	72	100	-1	-1	-1	-1	-1	-1	-1	-1	-1	-1	-1	-1	-1	-1	-1	-1	-1	-1	-1	-1	-1	-1	-1	-1	-1	-1	-1	-1
XMTQzMzg0NTIzMg==	25	-1	-1	-1	-1	-1	-1	-1	-1	-1	-1	-1	-1	-1	-1	-1	-1	-1	-1	-1	-1	-1	-1	-1	-1	-1	-1	-1	-1	-1
XMTQzMzcwNzEwNA==	4213	4521	4885	5025	5085	5153	5202	5245	-1	-1	-1	-1	-1	-1	-1	-1	-1	-1	-1	-1	-1	-1	-1	-1	-1	-1	-1	-1	-1	-1
XMTQzNDU1Mzk0MA==	11	17	26	27	29	30	30	30	30	30	30	30	30	30	30	30	30	30	30	30	30	30	30	30	30	30	30	30	-1	-1
XMTQzNDQwOTQ3Mg==	7324	11851	14191	14192	14190	14190	14190	14191	14191	14191	14191	-1	-1	-1	-1	-1	-1	-1	-1	-1	-1	-1	-1	-1	-1	-1	-1	-1	-1	-1
XMTQzMzY3MzE0MA==	315	325	310	313	319	326	331	334	335	335	-1	-1	-1	-1	-1	-1	-1	-1	-1	-1	-1	-1	-1	-1	-1	-1	-1	-1	-1	-1
XMTQzNTEyMTE3Mg==	1164	-1	-1	-1	-1	-1	-1	-1	-1	-1	-1	-1	-1	-1	-1	-1	-1	-1	-1	-1	-1	-1	-1	-1	-1	-1	-1	-1	-1	-1
XMTQzMzcxODExNg==	1686	1917	1990	2065	2156	2273	2360	2432	2478	2508	2573	2632	2725	3263	5355	7835	9446	12475	16607	22510	29465	36633	43571	48343	54158	61659	-1	-1	-1	-1
XMTQzNDc1Mjk4MA==	92	262	322	321	316	318	320	324	-1	-1	-1	-1	-1	-1	-1	-1	-1	-1	-1	-1	-1	-1	-1	-1	-1	-1	-1	-1	-1	-1
XMTQzNDQ0NzEwNA==	7	7	7	6	6	7	7	9	-1	-1	-1	-1	-1	-1	-1	-1	-1	-1	-1	-1	-1	-1	-1	-1	-1	-1	-1	-1	-1	-1
XMTQzNDQ4NTI2NA==	10	-1	-1	-1	-1	-1	-1	-1	-1	-1	-1	-1	-1	-1	-1	-1	-1	-1	-1	-1	-1	-1	-1	-1	-1	-1	-1	-1	-1	-1
XMTQzMzkwNzkzMg==	117	119	116	115	115	114	114	114	-1	-1	-1	-1	-1	-1	-1	-1	-1	-1	-1	-1	-1	-1	-1	-1	-1	-1	-1	-1	-1	-1
XMTQzNTE5MDk0OA==	-1	-1	-1	-1	-1	-1	-1	-1	-1	-1	-1	-1	-1	-1	-1	-1	-1	-1	-1	-1	-1	-1	-1	-1	-1	-1	-1	-1	-1	-1
XMTQzNDMzMzcxMg==	-1	-1	-1	-1	-1	-1	-1	-1	-1	-1	-1	-1	-1	-1	-1	-1	-1	-1	-1	-1	-1	-1	-1	-1	-1	-1	-1	-1	-1	-1
XMTQzMzUyNDYzMg==	9	10	9	9	9	9	9	9	-1	-1	-1	-1	-1	-1	-1	-1	-1	-1	-1	-1	-1	-1	-1	-1	-1	-1	-1	-1	-1	-1
XMTQzNDQyMzk4OA==	8	8	19	25	26	26	-1	-1	-1	-1	-1	-1	-1	-1	-1	-1	-1	-1	-1	-1	-1	-1	-1	-1	-1	-1	-1	-1	-1	-1
XMTQzNDQ0OTc4NA==	14	14	288	-1	-1	-1	-1	-1	-1	-1	-1	-1	-1	-1	-1	-1	-1	-1	-1	-1	-1	-1	-1	-1	-1	-1	-1	-1	-1	-1
XMTQzNDE3MDkwNA==	78	102	129	150	175	197	219	222	228	246	256	271	286	306	314	-1	-1	-1	-1	-1	-1	-1	-1	-1	-1	-1	-1	-1	-1	-1
XMTQzMTUwNzM0NA==	4	6	11	10	10	10	13	14	14	15	15	17	17	18	19	19	22	-1	-1	-1	-1	-1	-1	-1	-1	-1	-1	-1	-1	-1
XMTQzMzgwODkxNg==	216	229	227	232	236	241	251	257	258	258	265	266	270	274	279	282	292	300	305	-1	-1	-1	-1	-1	-1	-1	-1	-1	-1	-1
XMTQzNDQ2NTYwOA==	249	280	302	-1	-1	-1	-1	-1	-1	-1	-1	-1	-1	-1	-1	-1	-1	-1	-1	-1	-1	-1	-1	-1	-1	-1	-1	-1	-1	-1
XMTQzNTE5OTY4MA==	5	-1	-1	-1	-1	-1	-1	-1	-1	-1	-1	-1	-1	-1	-1	-1	-1	-1	-1	-1	-1	-1	-1	-1	-1	-1	-1	-1	-1	-1
XMTQzNDE3OTY0MA==	152	209	271	355	352	354	-1	-1	-1	-1	-1	-1	-1	-1	-1	-1	-1	-1	-1	-1	-1	-1	-1	-1	-1	-1	-1	-1	-1	-1
XMTQzNDEzMzYyNA==	8	8	16	19	20	28	28	30	31	32	34	34	34	34	-1	-1	-1	-1	-1	-1	-1	-1	-1	-1	-1	-1	-1	-1	-1	-1
XMTQzNDkyMDQ5Ng==	11	16	16	15	16	18	18	21	29	31	31	30	35	35	36	36	36	37	38	43	43	43	43	-1	-1	-1	-1	-1	-1	-1
XMTQzNTA0OTMxMg==	4	-1	-1	-1	-1	-1	-1	-1	-1	-1	-1	-1	-1	-1	-1	-1	-1	-1	-1	-1	-1	-1	-1	-1	-1	-1	-1	-1	-1	-1
XMTQzNDIwOTcxNg==	286	308	313	314	315	316	317	318	-1	-1	-1	-1	-1	-1	-1	-1	-1	-1	-1	-1	-1	-1	-1	-1	-1	-1	-1	-1	-1	-1
XMTQzNDc2NTk4MA==	23	45	53	50	48	48	48	49	50	51	52	-1	-1	-1	-1	-1	-1	-1	-1	-1	-1	-1	-1	-1	-1	-1	-1	-1	-1	-1
XMTQzNDYwNDIyNA==	236	292	327	321	319	325	327	329	329	330	333	336	336	337	340	343	344	-1	-1	-1	-1	-1	-1	-1	-1	-1	-1	-1	-1	-1
XMTQzMzY4MzM0NA==	13	-1	-1	-1	-1	-1	-1	-1	-1	-1	-1	-1	-1	-1	-1	-1	-1	-1	-1	-1	-1	-1	-1	-1	-1	-1	-1	-1	-1	-1
XMTQzNDI0OTUzNg==	68	94	-1	-1	-1	-1	-1	-1	-1	-1	-1	-1	-1	-1	-1	-1	-1	-1	-1	-1	-1	-1	-1	-1	-1	-1	-1	-1	-1	-1
XMTQzNTExNTAyNA==	10614	87740	168562	157625	105719	25425	27622	28147	28505	28888	29289	29668	30240	30704	30978	31255	31664	32171	32703	33125	33566	33945	-1	-1	-1	-1	-1	-1	-1	-1
XMTQzNDA2MTMzNg==	174	197	208	209	210	214	213	216	217	218	219	219	222	222	222	222	223	223	223	224	224	225	225	225	225	226	226	227	227	-1
XMTQzNDUwMzIxNg==	11	46	70	68	73	73	73	-1	-1	-1	-1	-1	-1	-1	-1	-1	-1	-1	-1	-1	-1	-1	-1	-1	-1	-1	-1	-1	-1	-1
XMTQzNDExNjM3Ng==	312	426	498	565	622	670	698	735	765	803	844	-1	-1	-1	-1	-1	-1	-1	-1	-1	-1	-1	-1	-1	-1	-1	-1	-1	-1	-1
XMTQzNDQxOTU1Ng==	3	4	4	4	4	4	4	6	-1	-1	-1	-1	-1	-1	-1	-1	-1	-1	-1	-1	-1	-1	-1	-1	-1	-1	-1	-1	-1	-1
XMTQzNTAwODMwNA==	7712	-1	-1	-1	-1	-1	-1	-1	-1	-1	-1	-1	-1	-1	-1	-1	-1	-1	-1	-1	-1	-1	-1	-1	-1	-1	-1	-1	-1	-1
XMTQzMzYzNDYwMA==	243	360	472	600	691	836	944	1039	1091	1093	1101	-1	-1	-1	-1	-1	-1	-1	-1	-1	-1	-1	-1	-1	-1	-1	-1	-1	-1	-1
XMTQzMzk4MzQ2OA==	191	239	263	273	280	-1	-1	-1	-1	-1	-1	-1	-1	-1	-1	-1	-1	-1	-1	-1	-1	-1	-1	-1	-1	-1	-1	-1	-1	-1
XMTQzNDc2MzY4NA==	8	17	18	17	17	17	17	-1	-1	-1	-1	-1	-1	-1	-1	-1	-1	-1	-1	-1	-1	-1	-1	-1	-1	-1	-1	-1	-1	-1
XMTQzNDM4ODM5Mg==	17	17	19	21	22	24	25	25	25	25	25	25	25	26	26	26	26	26	26	26	26	26	26	26	26	26	-1	-1	-1	-1
XMTQzNDc4OTY4MA==	10	17	19	20	20	20	20	20	20	22	23	24	25	25	26	26	27	27	30	30	30	30	30	30	-1	-1	-1	-1	-1	-1
XMTQzNDc4OTUyNA==	-1	-1	-1	-1	-1	-1	-1	-1	-1	-1	-1	-1	-1	-1	-1	-1	-1	-1	-1	-1	-1	-1	-1	-1	-1	-1	-1	-1	-1	-1
XMTQzNDQ0OTQ4MA==	159	225	237	235	233	237	239	247	250	250	251	251	252	256	258	261	262	262	262	263	264	264	266	266	266	-1	-1	-1	-1	-1
XMTQzNDQwMTcyNA==	4	4	4	4	5	5	5	6	-1	-1	-1	-1	-1	-1	-1	-1	-1	-1	-1	-1	-1	-1	-1	-1	-1	-1	-1	-1	-1	-1
XMTQzNTExNDY2NA==	127325	-1	-1	-1	-1	-1	-1	-1	-1	-1	-1	-1	-1	-1	-1	-1	-1	-1	-1	-1	-1	-1	-1	-1	-1	-1	-1	-1	-1	-1
XMTQzNTIzMTk4NA==	136	-1	-1	-1	-1	-1	-1	-1	-1	-1	-1	-1	-1	-1	-1	-1	-1	-1	-1	-1	-1	-1	-1	-1	-1	-1	-1	-1	-1	-1
XMTQzNDEyMTI4MA==	233	250	267	275	283	297	304	310	310	315	322	331	334	341	350	357	358	367	385	393	395	395	-1	-1	-1	-1	-1	-1	-1	-1
XMTQzNDU3MDg4NA==	44	65	69	74	78	78	78	80	82	85	89	94	98	100	101	105	108	110	116	121	124	123	126	126	129	-1	-1	-1	-1	-1
XMTQzMzUwMjQyOA==	12	13	-1	-1	-1	-1	-1	-1	-1	-1	-1	-1	-1	-1	-1	-1	-1	-1	-1	-1	-1	-1	-1	-1	-1	-1	-1	-1	-1	-1
XMTQzNTA3ODY1Ng==	3	4	4	4	4	4	4	4	4	4	4	4	-1	-1	-1	-1	-1	-1	-1	-1	-1	-1	-1	-1	-1	-1	-1	-1	-1	-1
XMTQzNDA4Mzc5Ng==	-1	-1	-1	-1	-1	-1	-1	-1	-1	-1	-1	-1	-1	-1	-1	-1	-1	-1	-1	-1	-1	-1	-1	-1	-1	-1	-1	-1	-1	-1
XMTQzMzg2ODA3Mg==	609	721	761	790	810	830	842	853	862	877	-1	-1	-1	-1	-1	-1	-1	-1	-1	-1	-1	-1	-1	-1	-1	-1	-1	-1	-1	-1
XMTQzNDUwMzA2MA==	35	90	117	119	119	121	124	126	126	126	128	129	130	131	132	134	134	136	136	136	136	137	138	138	138	-1	-1	-1	-1	-1
XMTQzMzU4NzI5Ng==	146	183	-1	-1	-1	-1	-1	-1	-1	-1	-1	-1	-1	-1	-1	-1	-1	-1	-1	-1	-1	-1	-1	-1	-1	-1	-1	-1	-1	-1
XMTQzNTA0NzkwMA==	173760	1020982	-1	-1	-1	-1	-1	-1	-1	-1	-1	-1	-1	-1	-1	-1	-1	-1	-1	-1	-1	-1	-1	-1	-1	-1	-1	-1	-1	-1
XMTQzNDI2MDkwMA==	18	21	25	-1	-1	-1	-1	-1	-1	-1	-1	-1	-1	-1	-1	-1	-1	-1	-1	-1	-1	-1	-1	-1	-1	-1	-1	-1	-1	-1
XMTQzNDEyODY3Mg==	355	380	407	447	458	469	480	484	486	495	518	544	564	569	572	581	584	588	609	625	642	632	632	656	653	669	673	668	-1	-1
XMTQzNDEwNzc3Ng==	69	99	-1	-1	-1	-1	-1	-1	-1	-1	-1	-1	-1	-1	-1	-1	-1	-1	-1	-1	-1	-1	-1	-1	-1	-1	-1	-1	-1	-1
XMTQzNDQxODY3Ng==	29	42	66	73	74	74	76	76	77	80	80	83	85	86	86	86	86	86	87	87	88	88	88	89	89	90	91	93	-1	-1
XMTQzNDUwNjU4OA==	28	28	28	-1	-1	-1	-1	-1	-1	-1	-1	-1	-1	-1	-1	-1	-1	-1	-1	-1	-1	-1	-1	-1	-1	-1	-1	-1	-1	-1
XMTQzNDAzMTM0NA==	59	59	59	62	-1	-1	-1	-1	-1	-1	-1	-1	-1	-1	-1	-1	-1	-1	-1	-1	-1	-1	-1	-1	-1	-1	-1	-1	-1	-1
XMTQzNDY5MTgzMg==	13	15	-1	-1	-1	-1	-1	-1	-1	-1	-1	-1	-1	-1	-1	-1	-1	-1	-1	-1	-1	-1	-1	-1	-1	-1	-1	-1	-1	-1
XMTQzNTA2ODA0NA==	55012	327218	327219	-1	-1	-1	-1	-1	-1	-1	-1	-1	-1	-1	-1	-1	-1	-1	-1	-1	-1	-1	-1	-1	-1	-1	-1	-1	-1	-1
XMTQzMzk5NTY4OA==	43	47	50	57	57	57	57	58	58	58	-1	-1	-1	-1	-1	-1	-1	-1	-1	-1	-1	-1	-1	-1	-1	-1	-1	-1	-1	-1
XMTQzNDM3MjI1Mg==	37	43	43	45	45	50	50	50	50	50	50	51	-1	-1	-1	-1	-1	-1	-1	-1	-1	-1	-1	-1	-1	-1	-1	-1	-1	-1
XMTQzMzc4NzAyMA==	103	108	-1	-1	-1	-1	-1	-1	-1	-1	-1	-1	-1	-1	-1	-1	-1	-1	-1	-1	-1	-1	-1	-1	-1	-1	-1	-1	-1	-1
XMTQzNDk2NjA4NA==	5	16	-1	-1	-1	-1	-1	-1	-1	-1	-1	-1	-1	-1	-1	-1	-1	-1	-1	-1	-1	-1	-1	-1	-1	-1	-1	-1	-1	-1
XMTQzMzkzNTgyNA==	6	-1	-1	-1	-1	-1	-1	-1	-1	-1	-1	-1	-1	-1	-1	-1	-1	-1	-1	-1	-1	-1	-1	-1	-1	-1	-1	-1	-1	-1
XMTQzNDIyNDE1Ng==	574	626	648	-1	-1	-1	-1	-1	-1	-1	-1	-1	-1	-1	-1	-1	-1	-1	-1	-1	-1	-1	-1	-1	-1	-1	-1	-1	-1	-1
XMTQzNDQ5ODA4NA==	56	136	185	196	201	199	204	209	212	214	216	217	217	223	224	224	224	224	224	224	224	225	227	227	227	-1	-1	-1	-1	-1
XMTQzNDY4Mjk0MA==	8	13	-1	-1	-1	-1	-1	-1	-1	-1	-1	-1	-1	-1	-1	-1	-1	-1	-1	-1	-1	-1	-1	-1	-1	-1	-1	-1	-1	-1
XMTQzNDE5NTg3Mg==	0	0	-1	-1	-1	-1	-1	-1	-1	-1	-1	-1	-1	-1	-1	-1	-1	-1	-1	-1	-1	-1	-1	-1	-1	-1	-1	-1	-1	-1
XMTQzNDA0NDgxNg==	2426	7463	12213	19331	21709	-1	-1	-1	-1	-1	-1	-1	-1	-1	-1	-1	-1	-1	-1	-1	-1	-1	-1	-1	-1	-1	-1	-1	-1	-1
XMTQzNDc5MDgxMg==	4	5	6	5	5	5	5	-1	-1	-1	-1	-1	-1	-1	-1	-1	-1	-1	-1	-1	-1	-1	-1	-1	-1	-1	-1	-1	-1	-1
XMTQzNTA1MzIwNA==	170436	1024026	-1	-1	-1	-1	-1	-1	-1	-1	-1	-1	-1	-1	-1	-1	-1	-1	-1	-1	-1	-1	-1	-1	-1	-1	-1	-1	-1	-1
XMTQzNDEzOTI5Ng==	256	297	314	319	325	334	348	353	360	360	364	366	-1	-1	-1	-1	-1	-1	-1	-1	-1	-1	-1	-1	-1	-1	-1	-1	-1	-1
XMTQzNDUwNDE4MA==	104	182	208	216	229	237	241	242	244	244	244	244	246	251	253	254	257	261	262	263	265	269	271	271	274	-1	-1	-1	-1	-1
XMTQzNDUzMTQ3Ng==	21	67	94	101	103	104	107	108	109	110	112	112	112	116	118	120	120	120	120	122	122	122	122	122	122	-1	-1	-1	-1	-1
XMTQzMzcxMzM3Mg==	525	574	597	607	623	652	706	726	737	-1	-1	-1	-1	-1	-1	-1	-1	-1	-1	-1	-1	-1	-1	-1	-1	-1	-1	-1	-1	-1
XMTQzNDQ2ODUzMg==	4	4	5	5	5	5	5	6	-1	-1	-1	-1	-1	-1	-1	-1	-1	-1	-1	-1	-1	-1	-1	-1	-1	-1	-1	-1	-1	-1
XMTQzNDE4MzQ1Ng==	160	194	212	230	232	239	240	-1	-1	-1	-1	-1	-1	-1	-1	-1	-1	-1	-1	-1	-1	-1	-1	-1	-1	-1	-1	-1	-1	-1
XMTQzMzU0NzkwNA==	6	6	5	5	5	5	5	5	5	6	6	7	7	7	7	-1	-1	-1	-1	-1	-1	-1	-1	-1	-1	-1	-1	-1	-1	-1
XMTQzNDkyMTY2MA==	762	-1	-1	-1	-1	-1	-1	-1	-1	-1	-1	-1	-1	-1	-1	-1	-1	-1	-1	-1	-1	-1	-1	-1	-1	-1	-1	-1	-1	-1
XMTQzNDA1OTkyMA==	5	6	5	5	5	5	5	5	5	5	5	5	5	5	5	5	5	5	5	5	5	5	5	5	5	5	5	5	5	-1
XMTQzNDI4NzkxNg==	3	-1	-1	-1	-1	-1	-1	-1	-1	-1	-1	-1	-1	-1	-1	-1	-1	-1	-1	-1	-1	-1	-1	-1	-1	-1	-1	-1	-1	-1
XMTQzNDA5NjQ4MA==	206	228	260	279	297	306	-1	-1	-1	-1	-1	-1	-1	-1	-1	-1	-1	-1	-1	-1	-1	-1	-1	-1	-1	-1	-1	-1	-1	-1
XMTQzNDI2MzE4NA==	3	-1	-1	-1	-1	-1	-1	-1	-1	-1	-1	-1	-1	-1	-1	-1	-1	-1	-1	-1	-1	-1	-1	-1	-1	-1	-1	-1	-1	-1
XMTQzNDIzNDQ4MA==	105	112	116	120	120	120	125	125	125	125	125	125	125	125	125	125	126	126	-1	-1	-1	-1	-1	-1	-1	-1	-1	-1	-1	-1
XMTQzNTI0NDA0NA==	115845	-1	-1	-1	-1	-1	-1	-1	-1	-1	-1	-1	-1	-1	-1	-1	-1	-1	-1	-1	-1	-1	-1	-1	-1	-1	-1	-1	-1	-1
XMTQzMzc3NzM2OA==	683	748	-1	-1	-1	-1	-1	-1	-1	-1	-1	-1	-1	-1	-1	-1	-1	-1	-1	-1	-1	-1	-1	-1	-1	-1	-1	-1	-1	-1
XMTQzMzcxNjA2OA==	519	-1	-1	-1	-1	-1	-1	-1	-1	-1	-1	-1	-1	-1	-1	-1	-1	-1	-1	-1	-1	-1	-1	-1	-1	-1	-1	-1	-1	-1
XMTQzNDM1NTA5Ng==	203	-1	-1	-1	-1	-1	-1	-1	-1	-1	-1	-1	-1	-1	-1	-1	-1	-1	-1	-1	-1	-1	-1	-1	-1	-1	-1	-1	-1	-1
XMTQzMzY3NzE2MA==	494	524	-1	-1	-1	-1	-1	-1	-1	-1	-1	-1	-1	-1	-1	-1	-1	-1	-1	-1	-1	-1	-1	-1	-1	-1	-1	-1	-1	-1
XMTQzNDM4ODIwOA==	2	3	3	3	3	3	3	3	3	3	3	3	3	3	3	3	3	3	-1	-1	-1	-1	-1	-1	-1	-1	-1	-1	-1	-1
XMTQzMzg4MDE5Mg==	10	10	6	5	5	-1	-1	-1	-1	-1	-1	-1	-1	-1	-1	-1	-1	-1	-1	-1	-1	-1	-1	-1	-1	-1	-1	-1	-1	-1
XMTQzMzY1NzAxMg==	1626	2064	2495	2922	3229	3569	3900	4000	4019	4017	4033	4052	4071	4076	4092	4106	-1	-1	-1	-1	-1	-1	-1	-1	-1	-1	-1	-1	-1	-1
XMTQzNDIwNTQyMA==	162	201	217	-1	-1	-1	-1	-1	-1	-1	-1	-1	-1	-1	-1	-1	-1	-1	-1	-1	-1	-1	-1	-1	-1	-1	-1	-1	-1	-1
XMTQzNDAxNDY5Ng==	9	12	13	-1	-1	-1	-1	-1	-1	-1	-1	-1	-1	-1	-1	-1	-1	-1	-1	-1	-1	-1	-1	-1	-1	-1	-1	-1	-1	-1
XMTQzMzg2ODYyNA==	4	8	-1	-1	-1	-1	-1	-1	-1	-1	-1	-1	-1	-1	-1	-1	-1	-1	-1	-1	-1	-1	-1	-1	-1	-1	-1	-1	-1	-1
XMTQzMzg1NDc1Mg==	134	247	301	340	380	406	428	458	478	497	515	530	540	548	555	569	580	592	614	636	649	660	678	708	731	-1	-1	-1	-1	-1
XMTQzNDUwNzI0MA==	254	-1	-1	-1	-1	-1	-1	-1	-1	-1	-1	-1	-1	-1	-1	-1	-1	-1	-1	-1	-1	-1	-1	-1	-1	-1	-1	-1	-1	-1
XMTQzNDA5MjU2OA==	44	44	-1	-1	-1	-1	-1	-1	-1	-1	-1	-1	-1	-1	-1	-1	-1	-1	-1	-1	-1	-1	-1	-1	-1	-1	-1	-1	-1	-1
XMTQzNDkwMTE5Mg==	11	23	31	37	37	37	38	39	41	44	52	58	59	59	59	59	59	64	64	69	71	74	75	-1	-1	-1	-1	-1	-1	-1
XMTQzNDM4OTU0OA==	1	2	2	2	2	2	2	2	2	2	2	2	2	2	2	2	2	2	-1	-1	-1	-1	-1	-1	-1	-1	-1	-1	-1	-1
