1	2	3	4	5	6	7	8	9	10	11	12	13	14	15	16	17	18	19	20	21	22	23	24	
1	2	3	5	8	6	4	7	11	10	9	12	13	17	14	15	16	19	20	18	22	23	21	24	
1	2	3	5	9	7	4	6	10	11	8	13	12	15	14	19	16	17	20	18	22	23	21	24	
1	2	3	5	10	6	4	7	9	12	8	13	11	16	15	18	14	17	20	19	22	23	21	24	
1	2	3	4	9	6	5	7	11	10	8	13	12	16	14	17	15	18	20	19	22	23	21	24	
1	2	3	4	10	7	6	5	9	12	11	14	13	8	16	17	15	18	20	19	22	23	21	24	
1	2	3	4	8	7	5	6	9	11	10	13	12	14	17	18	16	19	20	15	22	23	21	24	
1	4	3	5	6	2	7	8	12	10	9	11	13	16	14	19	15	17	20	18	22	21	23	24	
1	2	3	4	8	7	5	6	9	11	10	12	13	16	14	20	15	17	18	21	23	19	22	24	
1	2	3	4	9	7	6	5	8	12	10	13	11	16	15	18	14	17	19	21	22	23	20	24	
1	3	2	5	9	6	8	7	4	12	10	13	11	14	16	17	15	18	19	21	22	23	20	24	
1	2	3	4	9	7	5	6	8	12	10	14	13	11	15	17	16	19	21	18	22	23	20	24	
2	3	4	5	10	9	6	7	1	12	8	13	11	17	15	16	14	19	20	18	22	23	21	24	
1	2	3	4	9	8	5	6	7	12	10	11	13	16	15	14	18	19	20	17	22	23	21	24	
1	3	2	5	6	7	4	8	11	12	10	13	14	9	16	15	18	19	20	17	22	21	23	24	
1	2	3	5	6	7	4	8	11	10	9	12	13	16	14	15	17	19	20	18	23	21	22	24	
1	2	3	5	10	6	4	7	8	12	9	14	13	11	15	17	16	18	20	19	23	22	21	24	
1	2	3	5	10	6	4	8	7	11	9	13	12	16	15	17	14	19	20	18	22	23	21	24	
1	2	3	5	9	8	6	7	4	11	10	13	12	14	16	17	15	19	21	18	22	23	20	24	
1	2	3	4	7	5	6	8	10	13	11	14	12	9	15	17	16	18	19	23	22	21	20	24	
1	5	3	4	10	7	9	2	8	11	12	14	13	15	6	16	19	18	17	24	23	21	22	20	
1	6	3	2	4	5	7	9	8	10	12	11	13	19	18	17	16	15	14	24	21	22	20	23	
1	6	3	2	4	5	7	12	9	10	11	13	15	8	20	19	16	17	14	24	22	18	21	23	
1	3	5	2	4	6	8	7	10	9	11	12	15	14	19	18	17	16	13	24	21	23	20	22	
1	4	3	2	6	5	8	7	10	11	12	13	16	9	19	18	17	15	14	24	21	23	20	22	
1	5	3	2	7	4	11	10	8	9	12	13	16	6	18	17	19	15	14	24	21	22	20	23	
1	7	3	2	4	6	11	10	8	9	13	12	16	5	18	17	20	15	14	19	21	23	24	22	
1	9	2	5	3	4	11	10	6	8	12	13	15	7	18	16	19	17	14	24	20	21	22	23	
1	6	2	4	7	5	10	8	3	9	11	13	15	12	19	16	18	17	14	24	20	22	21	23	
