XMTQyMTc5MTQzNg==	5	-1	-1	-1	-1	-1	-1	-1	-1	-1	-1	-1	-1	-1	-1	-1	-1	-1	-1	-1	-1	-1	-1	-1	-1	-1	-1	-1	-1	-1
XMTQyMTc5NzEyNA==	11	12	12	13	14	14	14	14	15	15	14	14	14	14	14	14	14	14	14	14	14	14	14	15	15	15	-1	-1	-1	-1
XMTQyMTM5NDM4MA==	9	-1	-1	-1	-1	-1	-1	-1	-1	-1	-1	-1	-1	-1	-1	-1	-1	-1	-1	-1	-1	-1	-1	-1	-1	-1	-1	-1	-1	-1
XMTQyMTU3NzUyOA==	14	14	14	15	16	16	17	17	17	17	17	17	-1	-1	-1	-1	-1	-1	-1	-1	-1	-1	-1	-1	-1	-1	-1	-1	-1	-1
XMTQyMTk0MDg1Ng==	13	12	12	12	12	12	12	-1	-1	-1	-1	-1	-1	-1	-1	-1	-1	-1	-1	-1	-1	-1	-1	-1	-1	-1	-1	-1	-1	-1
XMTQyMjI2OTM5Ng==	10	-1	-1	-1	-1	-1	-1	-1	-1	-1	-1	-1	-1	-1	-1	-1	-1	-1	-1	-1	-1	-1	-1	-1	-1	-1	-1	-1	-1	-1
XMTQyMTAwMDg4OA==	6	6	6	6	7	7	7	7	8	8	8	8	8	8	8	8	8	8	8	9	9	9	9	-1	-1	-1	-1	-1	-1	-1
XMTQyMTYyMjcyOA==	1120	1521	1599	1705	-1	-1	-1	-1	-1	-1	-1	-1	-1	-1	-1	-1	-1	-1	-1	-1	-1	-1	-1	-1	-1	-1	-1	-1	-1	-1
XMTQyMjAxNzc0OA==	301	846	1113	1435	-1	-1	-1	-1	-1	-1	-1	-1	-1	-1	-1	-1	-1	-1	-1	-1	-1	-1	-1	-1	-1	-1	-1	-1	-1	-1
XMTQyMTU1NjQ1Ng==	18	-1	-1	-1	-1	-1	-1	-1	-1	-1	-1	-1	-1	-1	-1	-1	-1	-1	-1	-1	-1	-1	-1	-1	-1	-1	-1	-1	-1	-1
XMTQyMjE1MDM0OA==	11	16	16	16	16	17	22	22	22	22	22	22	23	23	-1	-1	-1	-1	-1	-1	-1	-1	-1	-1	-1	-1	-1	-1	-1	-1
XMTQyMjY4MTk1Ng==	7	15	15	14	14	15	15	15	15	15	15	15	15	15	15	15	16	16	16	17	-1	-1	-1	-1	-1	-1	-1	-1	-1	-1
XMTQyMTY0NjM4OA==	11	23	23	24	31	36	37	37	37	39	-1	-1	-1	-1	-1	-1	-1	-1	-1	-1	-1	-1	-1	-1	-1	-1	-1	-1	-1	-1
XMTQyMjAzMjQxMg==	74	265	473	706	-1	-1	-1	-1	-1	-1	-1	-1	-1	-1	-1	-1	-1	-1	-1	-1	-1	-1	-1	-1	-1	-1	-1	-1	-1	-1
XMTQyMjEwMDQwNA==	154	237	241	253	257	266	270	271	277	278	279	279	279	279	279	279	279	279	279	279	279	279	279	279	279	279	279	279	-1	-1
XMTQyMTk4MzE3Mg==	12	14	14	14	14	14	14	14	14	14	14	14	14	-1	-1	-1	-1	-1	-1	-1	-1	-1	-1	-1	-1	-1	-1	-1	-1	-1
XMTQyMTg0MzA4OA==	298	378	389	405	415	418	423	426	435	444	450	452	458	459	461	470	474	475	479	484	-1	-1	-1	-1	-1	-1	-1	-1	-1	-1
XMTQyMjA5NDc3Ng==	25	29	29	33	33	-1	-1	-1	-1	-1	-1	-1	-1	-1	-1	-1	-1	-1	-1	-1	-1	-1	-1	-1	-1	-1	-1	-1	-1	-1
XMTQyMTYwNjgxMg==	563	1140	1176	1268	-1	-1	-1	-1	-1	-1	-1	-1	-1	-1	-1	-1	-1	-1	-1	-1	-1	-1	-1	-1	-1	-1	-1	-1	-1	-1
XMTQyMTU3ODc2OA==	72	111	117	-1	-1	-1	-1	-1	-1	-1	-1	-1	-1	-1	-1	-1	-1	-1	-1	-1	-1	-1	-1	-1	-1	-1	-1	-1	-1	-1
XMTQyMTM5MTk2MA==	43	62	81	101	285	291	303	298	318	333	359	373	387	400	398	400	400	400	401	401	401	401	401	402	-1	-1	-1	-1	-1	-1
XMTQyMTg0MzI2MA==	440	519	544	587	591	595	594	596	605	606	608	608	609	609	611	612	614	616	617	619	-1	-1	-1	-1	-1	-1	-1	-1	-1	-1
XMTQyMTk5MDE4MA==	7	11	19	-1	-1	-1	-1	-1	-1	-1	-1	-1	-1	-1	-1	-1	-1	-1	-1	-1	-1	-1	-1	-1	-1	-1	-1	-1	-1	-1
XMTQyMTg1NDcyOA==	1805	2157	2272	2438	2465	2483	2493	2511	2546	2591	2634	2638	2648	2650	2653	2660	2675	2693	2694	2707	-1	-1	-1	-1	-1	-1	-1	-1	-1	-1
XMTQyMTcyMjgyOA==	20	25	26	26	26	27	-1	-1	-1	-1	-1	-1	-1	-1	-1	-1	-1	-1	-1	-1	-1	-1	-1	-1	-1	-1	-1	-1	-1	-1
XMTQyMjIxMjE4NA==	803	2457	3693	6594	8537	10174	11336	12281	13156	14246	15483	16681	17728	18710	19899	21157	22362	23549	24756	25689	26609	29458	30761	31957	33386	34776	35762	36647	-1	-1
XMTQyMjAxNjI3Mg==	2	-1	-1	-1	-1	-1	-1	-1	-1	-1	-1	-1	-1	-1	-1	-1	-1	-1	-1	-1	-1	-1	-1	-1	-1	-1	-1	-1	-1	-1
XMTQyMTg1MTA2OA==	82	86	88	-1	-1	-1	-1	-1	-1	-1	-1	-1	-1	-1	-1	-1	-1	-1	-1	-1	-1	-1	-1	-1	-1	-1	-1	-1	-1	-1
XMTQyMjA5NzU2OA==	24	25	25	25	25	25	25	25	25	25	26	26	27	27	27	27	27	28	28	28	28	28	29	29	29	29	-1	-1	-1	-1
XMTQyMTEyMzI0NA==	675	930	993	1097	-1	-1	-1	-1	-1	-1	-1	-1	-1	-1	-1	-1	-1	-1	-1	-1	-1	-1	-1	-1	-1	-1	-1	-1	-1	-1
XMTQyMTY0MDE5Ng==	11	-1	-1	-1	-1	-1	-1	-1	-1	-1	-1	-1	-1	-1	-1	-1	-1	-1	-1	-1	-1	-1	-1	-1	-1	-1	-1	-1	-1	-1
XMTQyMTc5NTc4NA==	2398	-1	-1	-1	-1	-1	-1	-1	-1	-1	-1	-1	-1	-1	-1	-1	-1	-1	-1	-1	-1	-1	-1	-1	-1	-1	-1	-1	-1	-1
XMTQyMjM4OTI3Ng==	1139	-1	-1	-1	-1	-1	-1	-1	-1	-1	-1	-1	-1	-1	-1	-1	-1	-1	-1	-1	-1	-1	-1	-1	-1	-1	-1	-1	-1	-1
XMTQyMjI5NzQ4MA==	169	224	257	264	268	270	285	288	297	302	303	305	306	325	326	326	-1	-1	-1	-1	-1	-1	-1	-1	-1	-1	-1	-1	-1	-1
XMTQyMTYwODc1Mg==	9	9	9	9	9	9	9	9	9	11	11	11	11	11	11	11	11	11	11	11	11	11	11	11	-1	-1	-1	-1	-1	-1
XMTQyMTI3Mzg3Mg==	346	-1	-1	-1	-1	-1	-1	-1	-1	-1	-1	-1	-1	-1	-1	-1	-1	-1	-1	-1	-1	-1	-1	-1	-1	-1	-1	-1	-1	-1
XMTQyMTM3Njk3Mg==	21	48	72	112	112	111	111	113	113	114	115	115	115	115	116	121	128	131	-1	-1	-1	-1	-1	-1	-1	-1	-1	-1	-1	-1
XMTQyMTMxMDE3Mg==	39	37	37	37	37	37	37	37	37	37	37	38	38	38	38	38	38	38	38	38	38	38	38	38	38	38	38	38	38	-1
XMTQyMTYzOTY4OA==	34	56	241	-1	-1	-1	-1	-1	-1	-1	-1	-1	-1	-1	-1	-1	-1	-1	-1	-1	-1	-1	-1	-1	-1	-1	-1	-1	-1	-1
XMTQyMTc2MTE2OA==	10	11	12	13	13	14	14	14	15	15	15	-1	-1	-1	-1	-1	-1	-1	-1	-1	-1	-1	-1	-1	-1	-1	-1	-1	-1	-1
XMTQyMjU1MzkwNA==	120	319	320	327	-1	-1	-1	-1	-1	-1	-1	-1	-1	-1	-1	-1	-1	-1	-1	-1	-1	-1	-1	-1	-1	-1	-1	-1	-1	-1
XMTQyMTg1NzQyOA==	1200	1706	1891	2131	2208	2270	2324	2405	2528	2652	2907	2933	2951	2991	3005	3027	3082	3124	3130	3149	-1	-1	-1	-1	-1	-1	-1	-1	-1	-1
XMTQyMTM2Mjk0OA==	14	-1	-1	-1	-1	-1	-1	-1	-1	-1	-1	-1	-1	-1	-1	-1	-1	-1	-1	-1	-1	-1	-1	-1	-1	-1	-1	-1	-1	-1
XMTQyMTU4Mjg4MA==	16	9	9	8	8	8	7	7	7	7	7	-1	-1	-1	-1	-1	-1	-1	-1	-1	-1	-1	-1	-1	-1	-1	-1	-1	-1	-1
XMTQyMjI2NjkzMg==	8	-1	-1	-1	-1	-1	-1	-1	-1	-1	-1	-1	-1	-1	-1	-1	-1	-1	-1	-1	-1	-1	-1	-1	-1	-1	-1	-1	-1	-1
XMTQyMjAxNTY0NA==	10	21	21	21	21	21	22	22	22	22	22	22	23	23	23	23	23	25	-1	-1	-1	-1	-1	-1	-1	-1	-1	-1	-1	-1
XMTQyMTM5Nzg1Ng==	15	-1	-1	-1	-1	-1	-1	-1	-1	-1	-1	-1	-1	-1	-1	-1	-1	-1	-1	-1	-1	-1	-1	-1	-1	-1	-1	-1	-1	-1
XMTQyMjI4OTY3Ng==	4	4	4	3	3	3	3	3	3	3	3	3	3	3	3	3	3	3	-1	-1	-1	-1	-1	-1	-1	-1	-1	-1	-1	-1
XMTQyMjEyODIxMg==	6	12	14	11	12	12	15	15	15	16	16	16	-1	-1	-1	-1	-1	-1	-1	-1	-1	-1	-1	-1	-1	-1	-1	-1	-1	-1
XMTQyMTExNzEzMg==	469	504	522	-1	-1	-1	-1	-1	-1	-1	-1	-1	-1	-1	-1	-1	-1	-1	-1	-1	-1	-1	-1	-1	-1	-1	-1	-1	-1	-1
XMTQyMTk0MzgwNA==	-1	-1	-1	-1	-1	-1	-1	-1	-1	-1	-1	-1	-1	-1	-1	-1	-1	-1	-1	-1	-1	-1	-1	-1	-1	-1	-1	-1	-1	-1
XMTQyMTYwOTg0NA==	371	649	-1	-1	-1	-1	-1	-1	-1	-1	-1	-1	-1	-1	-1	-1	-1	-1	-1	-1	-1	-1	-1	-1	-1	-1	-1	-1	-1	-1
XMTQyMjc4NDIzMg==	7	16	16	16	-1	-1	-1	-1	-1	-1	-1	-1	-1	-1	-1	-1	-1	-1	-1	-1	-1	-1	-1	-1	-1	-1	-1	-1	-1	-1
XMTQyMjYwNzYwOA==	5	8	8	9	11	11	11	-1	-1	-1	-1	-1	-1	-1	-1	-1	-1	-1	-1	-1	-1	-1	-1	-1	-1	-1	-1	-1	-1	-1
XMTQyMTg1MzA0OA==	5	5	5	5	6	-1	-1	-1	-1	-1	-1	-1	-1	-1	-1	-1	-1	-1	-1	-1	-1	-1	-1	-1	-1	-1	-1	-1	-1	-1
XMTQyMTM4ODk4OA==	3	2	2	2	2	2	2	2	2	2	2	2	2	-1	-1	-1	-1	-1	-1	-1	-1	-1	-1	-1	-1	-1	-1	-1	-1	-1
XMTQyMTc2MTI2MA==	23	22	24	24	24	24	24	24	24	24	24	-1	-1	-1	-1	-1	-1	-1	-1	-1	-1	-1	-1	-1	-1	-1	-1	-1	-1	-1
XMTQyMjMyMDg4NA==	6	10	10	8	8	14	22	30	30	30	33	58	75	81	87	93	93	105	110	112	-1	-1	-1	-1	-1	-1	-1	-1	-1	-1
XMTQyMTkyMTM4NA==	17	19	21	21	-1	-1	-1	-1	-1	-1	-1	-1	-1	-1	-1	-1	-1	-1	-1	-1	-1	-1	-1	-1	-1	-1	-1	-1	-1	-1
XMTQyMjIwMjI0MA==	147	322	332	350	353	348	349	352	352	355	357	358	359	365	366	367	369	369	369	369	369	371	372	372	372	372	-1	-1	-1	-1
XMTQyMTM1NjIxMg==	25	25	25	26	-1	-1	-1	-1	-1	-1	-1	-1	-1	-1	-1	-1	-1	-1	-1	-1	-1	-1	-1	-1	-1	-1	-1	-1	-1	-1
XMTQyMTE4ODIzMg==	48	85	92	106	120	138	-1	-1	-1	-1	-1	-1	-1	-1	-1	-1	-1	-1	-1	-1	-1	-1	-1	-1	-1	-1	-1	-1	-1	-1
XMTQyMTQ0NjgyMA==	74	160	190	238	287	332	369	418	475	521	561	592	618	635	-1	-1	-1	-1	-1	-1	-1	-1	-1	-1	-1	-1	-1	-1	-1	-1
XMTQyMTMwMTkwOA==	10	10	10	10	10	10	10	10	10	10	10	10	10	10	10	10	10	10	10	10	10	10	10	10	-1	-1	-1	-1	-1	-1
XMTQyMTIyMjUxNg==	72	72	76	82	83	85	85	86	86	86	87	87	87	88	88	88	88	88	88	88	88	88	88	89	91	-1	-1	-1	-1	-1
XMTQyMjM4Njk4MA==	197	-1	-1	-1	-1	-1	-1	-1	-1	-1	-1	-1	-1	-1	-1	-1	-1	-1	-1	-1	-1	-1	-1	-1	-1	-1	-1	-1	-1	-1
XMTQyMTY1MjE4MA==	6	-1	-1	-1	-1	-1	-1	-1	-1	-1	-1	-1	-1	-1	-1	-1	-1	-1	-1	-1	-1	-1	-1	-1	-1	-1	-1	-1	-1	-1
XMTQyMjY1OTkyOA==	5	12	128	538	805	807	773	770	773	773	776	774	775	776	778	778	778	779	779	779	-1	-1	-1	-1	-1	-1	-1	-1	-1	-1
XMTQyMTQ4MjIwMA==	216	-1	-1	-1	-1	-1	-1	-1	-1	-1	-1	-1	-1	-1	-1	-1	-1	-1	-1	-1	-1	-1	-1	-1	-1	-1	-1	-1	-1	-1
XMTQyMjMyNzIwNA==	61	-1	-1	-1	-1	-1	-1	-1	-1	-1	-1	-1	-1	-1	-1	-1	-1	-1	-1	-1	-1	-1	-1	-1	-1	-1	-1	-1	-1	-1
XMTQyMjIyOTcyNA==	691	1145	1337	1603	1798	2056	2217	2384	2560	2636	2637	-1	-1	-1	-1	-1	-1	-1	-1	-1	-1	-1	-1	-1	-1	-1	-1	-1	-1	-1
XMTQyMTk0NzEwNA==	63	79	79	86	104	108	112	113	114	114	115	115	115	115	115	115	115	115	115	-1	-1	-1	-1	-1	-1	-1	-1	-1	-1	-1
XMTQyMTIzODQ0MA==	113	160	163	180	-1	-1	-1	-1	-1	-1	-1	-1	-1	-1	-1	-1	-1	-1	-1	-1	-1	-1	-1	-1	-1	-1	-1	-1	-1	-1
XMTQyMTU2MTE4MA==	18	18	19	19	20	20	23	23	23	25	25	25	26	26	26	26	26	-1	-1	-1	-1	-1	-1	-1	-1	-1	-1	-1	-1	-1
XMTQyMTUzNTI2OA==	14	16	17	19	20	20	18	18	18	18	20	20	20	20	-1	-1	-1	-1	-1	-1	-1	-1	-1	-1	-1	-1	-1	-1	-1	-1
XMTQyMjgzODEwMA==	6	12	12	15	-1	-1	-1	-1	-1	-1	-1	-1	-1	-1	-1	-1	-1	-1	-1	-1	-1	-1	-1	-1	-1	-1	-1	-1	-1	-1
XMTQyMTUyMTcxMg==	335	335	364	387	390	390	392	395	-1	-1	-1	-1	-1	-1	-1	-1	-1	-1	-1	-1	-1	-1	-1	-1	-1	-1	-1	-1	-1	-1
XMTQyMTY0NTA3Ng==	80	80	81	-1	-1	-1	-1	-1	-1	-1	-1	-1	-1	-1	-1	-1	-1	-1	-1	-1	-1	-1	-1	-1	-1	-1	-1	-1	-1	-1
XMTQyMTk3OTU4OA==	12	-1	-1	-1	-1	-1	-1	-1	-1	-1	-1	-1	-1	-1	-1	-1	-1	-1	-1	-1	-1	-1	-1	-1	-1	-1	-1	-1	-1	-1
XMTQyMjQ0MzI1Ng==	6482	11928	17539	34822	34823	34829	34832	34832	-1	-1	-1	-1	-1	-1	-1	-1	-1	-1	-1	-1	-1	-1	-1	-1	-1	-1	-1	-1	-1	-1
XMTQyMTg5MTI3Ng==	12	19	22	25	-1	-1	-1	-1	-1	-1	-1	-1	-1	-1	-1	-1	-1	-1	-1	-1	-1	-1	-1	-1	-1	-1	-1	-1	-1	-1
XMTQyMTIxODUwOA==	28	31	32	32	32	32	32	-1	-1	-1	-1	-1	-1	-1	-1	-1	-1	-1	-1	-1	-1	-1	-1	-1	-1	-1	-1	-1	-1	-1
XMTQyMTk5NjMwOA==	22	-1	-1	-1	-1	-1	-1	-1	-1	-1	-1	-1	-1	-1	-1	-1	-1	-1	-1	-1	-1	-1	-1	-1	-1	-1	-1	-1	-1	-1
XMTQyMTE5NDQzMg==	22	-1	-1	-1	-1	-1	-1	-1	-1	-1	-1	-1	-1	-1	-1	-1	-1	-1	-1	-1	-1	-1	-1	-1	-1	-1	-1	-1	-1	-1
XMTQyMTM0OTMyNA==	202	216	219	226	244	-1	-1	-1	-1	-1	-1	-1	-1	-1	-1	-1	-1	-1	-1	-1	-1	-1	-1	-1	-1	-1	-1	-1	-1	-1
XMTQyMTUwMjk2NA==	97	130	132	-1	-1	-1	-1	-1	-1	-1	-1	-1	-1	-1	-1	-1	-1	-1	-1	-1	-1	-1	-1	-1	-1	-1	-1	-1	-1	-1
XMTQyMjE5MzMxMg==	256	360	362	344	340	-1	-1	-1	-1	-1	-1	-1	-1	-1	-1	-1	-1	-1	-1	-1	-1	-1	-1	-1	-1	-1	-1	-1	-1	-1
XMTQyMTM4NzcwMA==	21	23	23	25	25	-1	-1	-1	-1	-1	-1	-1	-1	-1	-1	-1	-1	-1	-1	-1	-1	-1	-1	-1	-1	-1	-1	-1	-1	-1
XMTQyMjY2MDM4NA==	1	-1	-1	-1	-1	-1	-1	-1	-1	-1	-1	-1	-1	-1	-1	-1	-1	-1	-1	-1	-1	-1	-1	-1	-1	-1	-1	-1	-1	-1
XMTQyMjY2NzgxNg==	6	-1	-1	-1	-1	-1	-1	-1	-1	-1	-1	-1	-1	-1	-1	-1	-1	-1	-1	-1	-1	-1	-1	-1	-1	-1	-1	-1	-1	-1
XMTQyMTM4OTcyOA==	146	-1	-1	-1	-1	-1	-1	-1	-1	-1	-1	-1	-1	-1	-1	-1	-1	-1	-1	-1	-1	-1	-1	-1	-1	-1	-1	-1	-1	-1
XMTQyMTc3ODUwMA==	27	25	27	-1	-1	-1	-1	-1	-1	-1	-1	-1	-1	-1	-1	-1	-1	-1	-1	-1	-1	-1	-1	-1	-1	-1	-1	-1	-1	-1
XMTQyMTg3NDI1Mg==	4	-1	-1	-1	-1	-1	-1	-1	-1	-1	-1	-1	-1	-1	-1	-1	-1	-1	-1	-1	-1	-1	-1	-1	-1	-1	-1	-1	-1	-1
XMTQyMTkyMDI0NA==	11	-1	-1	-1	-1	-1	-1	-1	-1	-1	-1	-1	-1	-1	-1	-1	-1	-1	-1	-1	-1	-1	-1	-1	-1	-1	-1	-1	-1	-1
XMTQyMDg3MzEyMA==	3	3	-1	-1	-1	-1	-1	-1	-1	-1	-1	-1	-1	-1	-1	-1	-1	-1	-1	-1	-1	-1	-1	-1	-1	-1	-1	-1	-1	-1
XMTQyMjg4Mzk5Mg==	2	-1	-1	-1	-1	-1	-1	-1	-1	-1	-1	-1	-1	-1	-1	-1	-1	-1	-1	-1	-1	-1	-1	-1	-1	-1	-1	-1	-1	-1
XMTQyMjEzNTIzNg==	111	-1	-1	-1	-1	-1	-1	-1	-1	-1	-1	-1	-1	-1	-1	-1	-1	-1	-1	-1	-1	-1	-1	-1	-1	-1	-1	-1	-1	-1
XMTQyMTQ0OTIxMg==	54	67	67	69	72	72	72	73	76	80	-1	-1	-1	-1	-1	-1	-1	-1	-1	-1	-1	-1	-1	-1	-1	-1	-1	-1	-1	-1
XMTQyMTU5MzA3Ng==	41	53	54	54	54	55	57	57	57	57	57	57	57	57	57	57	57	57	57	57	57	59	59	59	59	59	-1	-1	-1	-1
XMTQyMjA5MzkyMA==	-1	-1	-1	-1	-1	-1	-1	-1	-1	-1	-1	-1	-1	-1	-1	-1	-1	-1	-1	-1	-1	-1	-1	-1	-1	-1	-1	-1	-1	-1
XMTQyMDg1ODc4NA==	112	125	125	124	128	134	136	136	136	136	136	138	138	138	-1	-1	-1	-1	-1	-1	-1	-1	-1	-1	-1	-1	-1	-1	-1	-1
XMTQyMTU0NDkwOA==	24	29	29	29	29	30	-1	-1	-1	-1	-1	-1	-1	-1	-1	-1	-1	-1	-1	-1	-1	-1	-1	-1	-1	-1	-1	-1	-1	-1
XMTQyMjA4ODI4MA==	57	-1	-1	-1	-1	-1	-1	-1	-1	-1	-1	-1	-1	-1	-1	-1	-1	-1	-1	-1	-1	-1	-1	-1	-1	-1	-1	-1	-1	-1
XMTQyMjg0OTM0MA==	2	8	9	8	8	-1	-1	-1	-1	-1	-1	-1	-1	-1	-1	-1	-1	-1	-1	-1	-1	-1	-1	-1	-1	-1	-1	-1	-1	-1
XMTQyMjI5NTQyOA==	15	22	22	-1	-1	-1	-1	-1	-1	-1	-1	-1	-1	-1	-1	-1	-1	-1	-1	-1	-1	-1	-1	-1	-1	-1	-1	-1	-1	-1
XMTQyMTQwNjI0OA==	3	3	3	3	3	3	3	3	3	3	3	3	3	-1	-1	-1	-1	-1	-1	-1	-1	-1	-1	-1	-1	-1	-1	-1	-1	-1
XMTQyMjEyNjQxMg==	9	-1	-1	-1	-1	-1	-1	-1	-1	-1	-1	-1	-1	-1	-1	-1	-1	-1	-1	-1	-1	-1	-1	-1	-1	-1	-1	-1	-1	-1
XMTQyMjAyMDg0MA==	10	10	-1	-1	-1	-1	-1	-1	-1	-1	-1	-1	-1	-1	-1	-1	-1	-1	-1	-1	-1	-1	-1	-1	-1	-1	-1	-1	-1	-1
XMTQyMTgyNTY5Ng==	139	147	149	150	152	152	152	153	153	-1	-1	-1	-1	-1	-1	-1	-1	-1	-1	-1	-1	-1	-1	-1	-1	-1	-1	-1	-1	-1
XMTQyMjE5MjI4NA==	2473	7014	7753	9144	10374	11025	11415	11815	12170	12547	12904	13253	13634	13900	14112	14334	14481	14642	14786	14926	15103	-1	-1	-1	-1	-1	-1	-1	-1	-1
XMTQyMTk2NDAzMg==	18881	25201	26233	27969	28941	29872	30831	33243	34263	35033	35602	-1	-1	-1	-1	-1	-1	-1	-1	-1	-1	-1	-1	-1	-1	-1	-1	-1	-1	-1
XMTQyMTk2NDA1Mg==	-1	-1	-1	-1	-1	-1	-1	-1	-1	-1	-1	-1	-1	-1	-1	-1	-1	-1	-1	-1	-1	-1	-1	-1	-1	-1	-1	-1	-1	-1
XMTQyMjM0ODY1Mg==	108844	450362	491135	483135	353538	-1	-1	-1	-1	-1	-1	-1	-1	-1	-1	-1	-1	-1	-1	-1	-1	-1	-1	-1	-1	-1	-1	-1	-1	-1
XMTQyMTY1NjgyNA==	144	219	254	310	328	337	341	-1	-1	-1	-1	-1	-1	-1	-1	-1	-1	-1	-1	-1	-1	-1	-1	-1	-1	-1	-1	-1	-1	-1
XMTQyMTQ1MzY5Ng==	5	8	8	8	9	9	9	9	9	9	9	9	9	9	9	9	-1	-1	-1	-1	-1	-1	-1	-1	-1	-1	-1	-1	-1	-1
XMTQyMTczMzk2NA==	15	15	15	15	16	16	-1	-1	-1	-1	-1	-1	-1	-1	-1	-1	-1	-1	-1	-1	-1	-1	-1	-1	-1	-1	-1	-1	-1	-1
XMTQyMTY0MDMzMg==	4	3	3	3	3	3	3	3	4	-1	-1	-1	-1	-1	-1	-1	-1	-1	-1	-1	-1	-1	-1	-1	-1	-1	-1	-1	-1	-1
XMTQyMTY1Mjg0NA==	12	11	-1	-1	-1	-1	-1	-1	-1	-1	-1	-1	-1	-1	-1	-1	-1	-1	-1	-1	-1	-1	-1	-1	-1	-1	-1	-1	-1	-1
XMTQyMjc0NTg2MA==	2	9	22	42	43	44	43	43	43	43	45	45	45	45	45	45	47	49	49	49	48	48	49	49	49	49	49	50	-1	-1
XMTQyMjc2NzYxNg==	2	-1	-1	-1	-1	-1	-1	-1	-1	-1	-1	-1	-1	-1	-1	-1	-1	-1	-1	-1	-1	-1	-1	-1	-1	-1	-1	-1	-1	-1
XMTQyMjA3MzE0MA==	12	-1	-1	-1	-1	-1	-1	-1	-1	-1	-1	-1	-1	-1	-1	-1	-1	-1	-1	-1	-1	-1	-1	-1	-1	-1	-1	-1	-1	-1
XMTQyMTgxMjU4MA==	343	-1	-1	-1	-1	-1	-1	-1	-1	-1	-1	-1	-1	-1	-1	-1	-1	-1	-1	-1	-1	-1	-1	-1	-1	-1	-1	-1	-1	-1
XMTQyMTc5NTk1Mg==	39	-1	-1	-1	-1	-1	-1	-1	-1	-1	-1	-1	-1	-1	-1	-1	-1	-1	-1	-1	-1	-1	-1	-1	-1	-1	-1	-1	-1	-1
XMTQyMTM3OTQ4MA==	66	79	88	98	109	114	117	118	120	120	120	121	121	-1	-1	-1	-1	-1	-1	-1	-1	-1	-1	-1	-1	-1	-1	-1	-1	-1
XMTQyMTIyNjAyOA==	95	99	101	106	107	-1	-1	-1	-1	-1	-1	-1	-1	-1	-1	-1	-1	-1	-1	-1	-1	-1	-1	-1	-1	-1	-1	-1	-1	-1
XMTQyMTM0NzkxMg==	9	10	10	10	10	10	10	11	11	11	-1	-1	-1	-1	-1	-1	-1	-1	-1	-1	-1	-1	-1	-1	-1	-1	-1	-1	-1	-1
XMTQyMTQ0NzUwMA==	509	637	709	737	890	943	947	-1	-1	-1	-1	-1	-1	-1	-1	-1	-1	-1	-1	-1	-1	-1	-1	-1	-1	-1	-1	-1	-1	-1
XMTQyMjA0NTc5Mg==	36	200	269	420	-1	-1	-1	-1	-1	-1	-1	-1	-1	-1	-1	-1	-1	-1	-1	-1	-1	-1	-1	-1	-1	-1	-1	-1	-1	-1
XMTQyMTg1MzgyOA==	314	348	361	368	371	375	380	386	390	396	406	407	409	409	412	412	413	416	416	419	-1	-1	-1	-1	-1	-1	-1	-1	-1	-1
XMTQyMTk3ODMyMA==	46	58	62	66	68	70	71	74	75	78	78	80	-1	-1	-1	-1	-1	-1	-1	-1	-1	-1	-1	-1	-1	-1	-1	-1	-1	-1
XMTQyMTk1Njc3Ng==	14	18	18	20	22	22	22	25	26	28	29	29	29	30	33	33	36	37	38	38	38	38	39	40	40	40	41	42	-1	-1
XMTQyMTc4NDkyOA==	543	613	621	647	667	677	693	750	777	807	821	826	837	854	863	882	897	905	919	-1	-1	-1	-1	-1	-1	-1	-1	-1	-1	-1
XMTQyMTYwMzk5Ng==	56	64	67	68	-1	-1	-1	-1	-1	-1	-1	-1	-1	-1	-1	-1	-1	-1	-1	-1	-1	-1	-1	-1	-1	-1	-1	-1	-1	-1
XMTQyMTg2MDMyOA==	16	-1	-1	-1	-1	-1	-1	-1	-1	-1	-1	-1	-1	-1	-1	-1	-1	-1	-1	-1	-1	-1	-1	-1	-1	-1	-1	-1	-1	-1
XMTQyMjY4NjgyNA==	26	79	-1	-1	-1	-1	-1	-1	-1	-1	-1	-1	-1	-1	-1	-1	-1	-1	-1	-1	-1	-1	-1	-1	-1	-1	-1	-1	-1	-1
XMTQyMTUyODI5Ng==	564	1163	1338	1727	-1	-1	-1	-1	-1	-1	-1	-1	-1	-1	-1	-1	-1	-1	-1	-1	-1	-1	-1	-1	-1	-1	-1	-1	-1	-1
XMTQyMTYxNjc0OA==	77	155	188	225	235	238	267	275	277	277	281	-1	-1	-1	-1	-1	-1	-1	-1	-1	-1	-1	-1	-1	-1	-1	-1	-1	-1	-1
XMTQyMjU5NTM0OA==	7	11	11	10	10	10	10	16	16	16	16	16	16	16	16	16	16	-1	-1	-1	-1	-1	-1	-1	-1	-1	-1	-1	-1	-1
XMTQyMjM1ODQ0NA==	4	4	4	3	3	-1	-1	-1	-1	-1	-1	-1	-1	-1	-1	-1	-1	-1	-1	-1	-1	-1	-1	-1	-1	-1	-1	-1	-1	-1
XMTQyMTQ3MTI0OA==	13	12	12	12	20	20	20	20	-1	-1	-1	-1	-1	-1	-1	-1	-1	-1	-1	-1	-1	-1	-1	-1	-1	-1	-1	-1	-1	-1
XMTQyMTU3Nzk1Ng==	11	11	11	13	13	14	14	15	15	19	21	21	-1	-1	-1	-1	-1	-1	-1	-1	-1	-1	-1	-1	-1	-1	-1	-1	-1	-1
XMTQyMjE2NTQ1Mg==	9	27	28	27	26	26	26	26	27	27	27	-1	-1	-1	-1	-1	-1	-1	-1	-1	-1	-1	-1	-1	-1	-1	-1	-1	-1	-1
XMTQyMjE3OTgyMA==	14	1055	1854	4320	6667	8573	8723	8764	8701	8740	8767	8789	8807	8820	8834	8841	8853	8867	-1	-1	-1	-1	-1	-1	-1	-1	-1	-1	-1	-1
XMTQyMTczNDYyNA==	4	4	4	4	7	7	8	9	9	9	9	9	10	10	10	12	12	12	-1	-1	-1	-1	-1	-1	-1	-1	-1	-1	-1	-1
XMTQyMTQ0MDk0OA==	5	5	5	5	5	5	5	5	5	5	5	5	5	5	5	5	5	5	-1	-1	-1	-1	-1	-1	-1	-1	-1	-1	-1	-1
XMTQyMjQxOTM2OA==	11	-1	-1	-1	-1	-1	-1	-1	-1	-1	-1	-1	-1	-1	-1	-1	-1	-1	-1	-1	-1	-1	-1	-1	-1	-1	-1	-1	-1	-1
XMTQyMTUzNjkzNg==	100	96	98	97	-1	-1	-1	-1	-1	-1	-1	-1	-1	-1	-1	-1	-1	-1	-1	-1	-1	-1	-1	-1	-1	-1	-1	-1	-1	-1
XMTQyMTU1MjQ1Mg==	23	23	24	26	29	35	-1	-1	-1	-1	-1	-1	-1	-1	-1	-1	-1	-1	-1	-1	-1	-1	-1	-1	-1	-1	-1	-1	-1	-1
XMTQyMTc5NzMwNA==	66	102	105	120	137	138	145	151	159	160	166	166	167	169	170	172	-1	-1	-1	-1	-1	-1	-1	-1	-1	-1	-1	-1	-1	-1
XMTQyMTc5Mzg2MA==	1	1	1	1	1	1	1	1	-1	-1	-1	-1	-1	-1	-1	-1	-1	-1	-1	-1	-1	-1	-1	-1	-1	-1	-1	-1	-1	-1
XMTQyMTQxOTc3Ng==	10	-1	-1	-1	-1	-1	-1	-1	-1	-1	-1	-1	-1	-1	-1	-1	-1	-1	-1	-1	-1	-1	-1	-1	-1	-1	-1	-1	-1	-1
XMTQyMTQ0NjU2NA==	428	632	744	886	953	1055	1109	1236	1416	-1	-1	-1	-1	-1	-1	-1	-1	-1	-1	-1	-1	-1	-1	-1	-1	-1	-1	-1	-1	-1
XMTQyMTczODQyMA==	306	310	313	313	316	317	320	320	321	321	321	-1	-1	-1	-1	-1	-1	-1	-1	-1	-1	-1	-1	-1	-1	-1	-1	-1	-1	-1
XMTQyMTg0NTc0NA==	254	-1	-1	-1	-1	-1	-1	-1	-1	-1	-1	-1	-1	-1	-1	-1	-1	-1	-1	-1	-1	-1	-1	-1	-1	-1	-1	-1	-1	-1
XMTQyMjI1MDEwMA==	1092	2065	2207	2446	2565	2663	2724	2796	2851	2899	2936	3027	3074	-1	-1	-1	-1	-1	-1	-1	-1	-1	-1	-1	-1	-1	-1	-1	-1	-1
XMTQyMTk0ODg4MA==	154	200	212	236	242	249	251	251	250	250	250	250	250	250	250	250	250	250	250	-1	-1	-1	-1	-1	-1	-1	-1	-1	-1	-1
XMTQyMjE0MzY5Ng==	10	17	17	16	15	15	15	15	16	16	-1	-1	-1	-1	-1	-1	-1	-1	-1	-1	-1	-1	-1	-1	-1	-1	-1	-1	-1	-1
XMTQyMjM5MzI0OA==	966	-1	-1	-1	-1	-1	-1	-1	-1	-1	-1	-1	-1	-1	-1	-1	-1	-1	-1	-1	-1	-1	-1	-1	-1	-1	-1	-1	-1	-1
XMTQyMTk4MTA0NA==	80	104	105	106	-1	-1	-1	-1	-1	-1	-1	-1	-1	-1	-1	-1	-1	-1	-1	-1	-1	-1	-1	-1	-1	-1	-1	-1	-1	-1
XMTQyMjcxODg4OA==	148	604	931	1427	1670	1873	2043	2201	2388	2588	2831	3075	3501	3867	4370	5147	6580	8792	11158	15773	20975	27330	42967	65345	107591	176659	248618	252472	-1	-1
XMTQyMTg2NTAwNA==	589	-1	-1	-1	-1	-1	-1	-1	-1	-1	-1	-1	-1	-1	-1	-1	-1	-1	-1	-1	-1	-1	-1	-1	-1	-1	-1	-1	-1	-1
XMTQyMTU0NzI3Mg==	475	521	527	547	553	559	566	566	568	571	572	575	576	579	579	579	579	582	582	-1	-1	-1	-1	-1	-1	-1	-1	-1	-1	-1
XMTQyMTgxNzYwNA==	171	184	193	206	219	233	239	261	285	303	319	341	364	374	380	394	423	440	-1	-1	-1	-1	-1	-1	-1	-1	-1	-1	-1	-1
XMTQyMDAzNjU1Mg==	118	119	121	338	536	576	602	620	649	688	704	720	730	-1	-1	-1	-1	-1	-1	-1	-1	-1	-1	-1	-1	-1	-1	-1	-1	-1
XMTQyMjEwNDY5Ng==	131	-1	-1	-1	-1	-1	-1	-1	-1	-1	-1	-1	-1	-1	-1	-1	-1	-1	-1	-1	-1	-1	-1	-1	-1	-1	-1	-1	-1	-1
XMTQyMTM2MjY0OA==	36	33	34	35	-1	-1	-1	-1	-1	-1	-1	-1	-1	-1	-1	-1	-1	-1	-1	-1	-1	-1	-1	-1	-1	-1	-1	-1	-1	-1
XMTQyMTc1ODQzMg==	27	25	25	-1	-1	-1	-1	-1	-1	-1	-1	-1	-1	-1	-1	-1	-1	-1	-1	-1	-1	-1	-1	-1	-1	-1	-1	-1	-1	-1
XMTQyMTQ2ODg4MA==	5	8	9	9	9	9	9	10	10	10	11	11	11	11	11	11	11	11	11	11	-1	-1	-1	-1	-1	-1	-1	-1	-1	-1
XMTQyMTQzNDUwNA==	20	21	22	22	22	23	23	23	24	24	25	25	26	26	27	37	50	54	54	54	52	52	55	55	56	57	58	-1	-1	-1
XMTQyMjE4OTQzMg==	17	-1	-1	-1	-1	-1	-1	-1	-1	-1	-1	-1	-1	-1	-1	-1	-1	-1	-1	-1	-1	-1	-1	-1	-1	-1	-1	-1	-1	-1
XMTQyMjA0OTAxNg==	4	-1	-1	-1	-1	-1	-1	-1	-1	-1	-1	-1	-1	-1	-1	-1	-1	-1	-1	-1	-1	-1	-1	-1	-1	-1	-1	-1	-1	-1
XMTQyMjQ1MjAwOA==	4	-1	-1	-1	-1	-1	-1	-1	-1	-1	-1	-1	-1	-1	-1	-1	-1	-1	-1	-1	-1	-1	-1	-1	-1	-1	-1	-1	-1	-1
XMTQyMTc3ODk0MA==	16	16	16	15	15	15	15	15	15	15	15	15	15	15	15	15	15	15	15	-1	-1	-1	-1	-1	-1	-1	-1	-1	-1	-1
XMTQyMjI2OTI0NA==	5	-1	-1	-1	-1	-1	-1	-1	-1	-1	-1	-1	-1	-1	-1	-1	-1	-1	-1	-1	-1	-1	-1	-1	-1	-1	-1	-1	-1	-1
XMTQyMTIxOTA3Ng==	134	176	176	177	177	177	178	180	180	180	180	180	180	180	180	180	180	180	180	180	180	180	180	180	180	180	180	-1	-1	-1
XMTQyMTY0MTkyMA==	16	16	19	25	25	25	28	28	28	29	29	29	30	30	30	30	30	30	30	30	30	31	31	32	-1	-1	-1	-1	-1	-1
XMTQyMTYyNDgwMA==	1587	2033	2126	2353	-1	-1	-1	-1	-1	-1	-1	-1	-1	-1	-1	-1	-1	-1	-1	-1	-1	-1	-1	-1	-1	-1	-1	-1	-1	-1
XMTQyMjQ0MTQzMg==	8	-1	-1	-1	-1	-1	-1	-1	-1	-1	-1	-1	-1	-1	-1	-1	-1	-1	-1	-1	-1	-1	-1	-1	-1	-1	-1	-1	-1	-1
XMTQyMjE4NTIyOA==	334	489	490	474	468	-1	-1	-1	-1	-1	-1	-1	-1	-1	-1	-1	-1	-1	-1	-1	-1	-1	-1	-1	-1	-1	-1	-1	-1	-1
XMTQyMTYyNjA0OA==	75	81	82	91	109	118	120	142	142	145	146	-1	-1	-1	-1	-1	-1	-1	-1	-1	-1	-1	-1	-1	-1	-1	-1	-1	-1	-1
XMTQyMTU2NzU4NA==	6	7	7	15	19	21	-1	-1	-1	-1	-1	-1	-1	-1	-1	-1	-1	-1	-1	-1	-1	-1	-1	-1	-1	-1	-1	-1	-1	-1
XMTQyMTQ4NjMwMA==	24	-1	-1	-1	-1	-1	-1	-1	-1	-1	-1	-1	-1	-1	-1	-1	-1	-1	-1	-1	-1	-1	-1	-1	-1	-1	-1	-1	-1	-1
XMTQyMjA5NjU0NA==	423	-1	-1	-1	-1	-1	-1	-1	-1	-1	-1	-1	-1	-1	-1	-1	-1	-1	-1	-1	-1	-1	-1	-1	-1	-1	-1	-1	-1	-1
XMTQyMTE2NzI5Mg==	16	14	14	16	16	16	16	16	17	17	17	17	17	17	-1	-1	-1	-1	-1	-1	-1	-1	-1	-1	-1	-1	-1	-1	-1	-1
XMTQyMTAxNDQ2OA==	-1	-1	-1	-1	-1	-1	-1	-1	-1	-1	-1	-1	-1	-1	-1	-1	-1	-1	-1	-1	-1	-1	-1	-1	-1	-1	-1	-1	-1	-1
XMTQyMTU5NzM4MA==	69	75	75	73	74	74	74	77	78	79	79	80	81	81	81	81	81	82	-1	-1	-1	-1	-1	-1	-1	-1	-1	-1	-1	-1
XMTQyMTQ4MjkxMg==	47	80	83	89	-1	-1	-1	-1	-1	-1	-1	-1	-1	-1	-1	-1	-1	-1	-1	-1	-1	-1	-1	-1	-1	-1	-1	-1	-1	-1
XMTQyMjIxNjc3Ng==	13	14	14	12	12	12	12	12	12	12	12	12	12	12	12	12	12	12	12	12	12	-1	-1	-1	-1	-1	-1	-1	-1	-1
XMTQyMjE2ODI0MA==	79	151	153	172	183	-1	-1	-1	-1	-1	-1	-1	-1	-1	-1	-1	-1	-1	-1	-1	-1	-1	-1	-1	-1	-1	-1	-1	-1	-1
XMTQyMTg0NjYwMA==	11	10	10	10	10	10	10	10	11	-1	-1	-1	-1	-1	-1	-1	-1	-1	-1	-1	-1	-1	-1	-1	-1	-1	-1	-1	-1	-1
XMTQyMTU1OTE2NA==	2	2	2	2	2	2	2	2	2	2	2	2	2	2	2	2	2	2	2	2	2	2	-1	-1	-1	-1	-1	-1	-1	-1
XMTQyMTg5Mjg4NA==	7	-1	-1	-1	-1	-1	-1	-1	-1	-1	-1	-1	-1	-1	-1	-1	-1	-1	-1	-1	-1	-1	-1	-1	-1	-1	-1	-1	-1	-1
XMTQyMTc5MTY1Mg==	2702	-1	-1	-1	-1	-1	-1	-1	-1	-1	-1	-1	-1	-1	-1	-1	-1	-1	-1	-1	-1	-1	-1	-1	-1	-1	-1	-1	-1	-1
XMTQyMTIxNjQ2NA==	9	9	9	9	9	9	9	9	-1	-1	-1	-1	-1	-1	-1	-1	-1	-1	-1	-1	-1	-1	-1	-1	-1	-1	-1	-1	-1	-1
XMTQyMTU5ODg2NA==	48	113	137	161	-1	-1	-1	-1	-1	-1	-1	-1	-1	-1	-1	-1	-1	-1	-1	-1	-1	-1	-1	-1	-1	-1	-1	-1	-1	-1
XMTQyMTk2NTU5Mg==	229	-1	-1	-1	-1	-1	-1	-1	-1	-1	-1	-1	-1	-1	-1	-1	-1	-1	-1	-1	-1	-1	-1	-1	-1	-1	-1	-1	-1	-1
XMTQyMTk0MTQwMA==	43	-1	-1	-1	-1	-1	-1	-1	-1	-1	-1	-1	-1	-1	-1	-1	-1	-1	-1	-1	-1	-1	-1	-1	-1	-1	-1	-1	-1	-1
XMTQyMjE0NzEyMA==	81	93	93	92	92	92	92	92	92	92	93	93	93	93	93	93	93	93	93	-1	-1	-1	-1	-1	-1	-1	-1	-1	-1	-1
XMTQyMTQzNDc0MA==	10	-1	-1	-1	-1	-1	-1	-1	-1	-1	-1	-1	-1	-1	-1	-1	-1	-1	-1	-1	-1	-1	-1	-1	-1	-1	-1	-1	-1	-1
XMTQyMjIxNTE0NA==	12	-1	-1	-1	-1	-1	-1	-1	-1	-1	-1	-1	-1	-1	-1	-1	-1	-1	-1	-1	-1	-1	-1	-1	-1	-1	-1	-1	-1	-1
XMTQyMTk4MzkwMA==	45	61	61	61	61	61	61	61	61	61	61	61	61	-1	-1	-1	-1	-1	-1	-1	-1	-1	-1	-1	-1	-1	-1	-1	-1	-1
XMTQyMjE5MjA0NA==	5	6	6	6	6	6	6	6	6	6	6	6	6	6	6	-1	-1	-1	-1	-1	-1	-1	-1	-1	-1	-1	-1	-1	-1	-1
XMTQyMTY2MTI2OA==	38	40	40	42	41	41	41	43	44	46	46	46	47	47	48	48	49	49	49	49	51	-1	-1	-1	-1	-1	-1	-1	-1	-1
XMTQyMTYyMDMyMA==	5	5	5	5	5	5	5	5	5	5	5	5	-1	-1	-1	-1	-1	-1	-1	-1	-1	-1	-1	-1	-1	-1	-1	-1	-1	-1
XMTQyMTk0Nzk2OA==	6	-1	-1	-1	-1	-1	-1	-1	-1	-1	-1	-1	-1	-1	-1	-1	-1	-1	-1	-1	-1	-1	-1	-1	-1	-1	-1	-1	-1	-1
XMTQyMTc5MDU4OA==	10	31	32	32	33	-1	-1	-1	-1	-1	-1	-1	-1	-1	-1	-1	-1	-1	-1	-1	-1	-1	-1	-1	-1	-1	-1	-1	-1	-1
XMTQyMjg1MjgwOA==	1	6	6	6	6	-1	-1	-1	-1	-1	-1	-1	-1	-1	-1	-1	-1	-1	-1	-1	-1	-1	-1	-1	-1	-1	-1	-1	-1	-1
XMTQyMTQ2OTQzMg==	51	50	50	49	49	54	54	55	56	56	57	59	59	59	59	59	60	61	62	63	-1	-1	-1	-1	-1	-1	-1	-1	-1	-1
XMTQyMjE2ODc4NA==	7	8	8	6	6	6	6	6	6	6	6	6	-1	-1	-1	-1	-1	-1	-1	-1	-1	-1	-1	-1	-1	-1	-1	-1	-1	-1
XMTQyMTQwMjMxMg==	415	470	482	490	-1	-1	-1	-1	-1	-1	-1	-1	-1	-1	-1	-1	-1	-1	-1	-1	-1	-1	-1	-1	-1	-1	-1	-1	-1	-1
XMTQyMTU5MDA1Ng==	19	19	19	19	19	-1	-1	-1	-1	-1	-1	-1	-1	-1	-1	-1	-1	-1	-1	-1	-1	-1	-1	-1	-1	-1	-1	-1	-1	-1
XMTQyMTI5ODQxNg==	341	349	358	354	358	363	365	369	-1	-1	-1	-1	-1	-1	-1	-1	-1	-1	-1	-1	-1	-1	-1	-1	-1	-1	-1	-1	-1	-1
XMTQyMTQ5NjY4OA==	16	15	15	15	15	15	16	16	16	16	16	16	16	16	16	16	16	16	16	16	16	16	-1	-1	-1	-1	-1	-1	-1	-1
XMTQyMTUyOTE0MA==	557	1328	1482	1787	-1	-1	-1	-1	-1	-1	-1	-1	-1	-1	-1	-1	-1	-1	-1	-1	-1	-1	-1	-1	-1	-1	-1	-1	-1	-1
XMTQyMTgzODA4OA==	11	-1	-1	-1	-1	-1	-1	-1	-1	-1	-1	-1	-1	-1	-1	-1	-1	-1	-1	-1	-1	-1	-1	-1	-1	-1	-1	-1	-1	-1
XMTQyMTM3MzI1Ng==	9	8	8	-1	-1	-1	-1	-1	-1	-1	-1	-1	-1	-1	-1	-1	-1	-1	-1	-1	-1	-1	-1	-1	-1	-1	-1	-1	-1	-1
XMTQyMTMzODY3Mg==	46	159	163	194	202	-1	-1	-1	-1	-1	-1	-1	-1	-1	-1	-1	-1	-1	-1	-1	-1	-1	-1	-1	-1	-1	-1	-1	-1	-1
XMTQyMjI4OTY4MA==	291	556	615	682	751	-1	-1	-1	-1	-1	-1	-1	-1	-1	-1	-1	-1	-1	-1	-1	-1	-1	-1	-1	-1	-1	-1	-1	-1	-1
XMTQyMjMyOTAwNA==	111	-1	-1	-1	-1	-1	-1	-1	-1	-1	-1	-1	-1	-1	-1	-1	-1	-1	-1	-1	-1	-1	-1	-1	-1	-1	-1	-1	-1	-1
XMTQyMjUzOTc2OA==	8	-1	-1	-1	-1	-1	-1	-1	-1	-1	-1	-1	-1	-1	-1	-1	-1	-1	-1	-1	-1	-1	-1	-1	-1	-1	-1	-1	-1	-1
XMTQyMTgxMTc1Ng==	7	7	7	7	7	7	7	7	7	7	7	7	-1	-1	-1	-1	-1	-1	-1	-1	-1	-1	-1	-1	-1	-1	-1	-1	-1	-1
XMTQyMTg2Mzg2MA==	5	-1	-1	-1	-1	-1	-1	-1	-1	-1	-1	-1	-1	-1	-1	-1	-1	-1	-1	-1	-1	-1	-1	-1	-1	-1	-1	-1	-1	-1
XMTQyMTU2MjQ0NA==	196	245	245	234	-1	-1	-1	-1	-1	-1	-1	-1	-1	-1	-1	-1	-1	-1	-1	-1	-1	-1	-1	-1	-1	-1	-1	-1	-1	-1
XMTQyMTc4NDgyOA==	12	-1	-1	-1	-1	-1	-1	-1	-1	-1	-1	-1	-1	-1	-1	-1	-1	-1	-1	-1	-1	-1	-1	-1	-1	-1	-1	-1	-1	-1
XMTQyMTMxNjU3Ng==	562	-1	-1	-1	-1	-1	-1	-1	-1	-1	-1	-1	-1	-1	-1	-1	-1	-1	-1	-1	-1	-1	-1	-1	-1	-1	-1	-1	-1	-1
XMTQyMTc5MTY3Ng==	2129	-1	-1	-1	-1	-1	-1	-1	-1	-1	-1	-1	-1	-1	-1	-1	-1	-1	-1	-1	-1	-1	-1	-1	-1	-1	-1	-1	-1	-1
XMTQyMTYyMzk5Mg==	954	1248	1271	1302	-1	-1	-1	-1	-1	-1	-1	-1	-1	-1	-1	-1	-1	-1	-1	-1	-1	-1	-1	-1	-1	-1	-1	-1	-1	-1
XMTQyMjAxOTE5Mg==	6	6	6	6	6	6	6	-1	-1	-1	-1	-1	-1	-1	-1	-1	-1	-1	-1	-1	-1	-1	-1	-1	-1	-1	-1	-1	-1	-1
XMTQyMTIyODgyNA==	42	54	58	75	81	82	95	98	100	108	109	111	-1	-1	-1	-1	-1	-1	-1	-1	-1	-1	-1	-1	-1	-1	-1	-1	-1	-1
XMTQyMTg4MTEyMA==	47	50	51	51	52	54	55	56	56	57	57	58	58	59	59	59	59	60	60	61	61	-1	-1	-1	-1	-1	-1	-1	-1	-1
XMTQyMTU4NTY4MA==	50	-1	-1	-1	-1	-1	-1	-1	-1	-1	-1	-1	-1	-1	-1	-1	-1	-1	-1	-1	-1	-1	-1	-1	-1	-1	-1	-1	-1	-1
XMTQyMTQxMTUzMg==	22	22	22	22	23	24	25	25	25	25	25	25	25	25	25	25	25	25	25	-1	-1	-1	-1	-1	-1	-1	-1	-1	-1	-1
XMTQyMTE2ODY3Mg==	9	6	6	7	7	7	7	8	10	11	11	11	11	11	11	11	11	11	11	11	11	11	12	12	12	12	-1	-1	-1	-1
XMTQyMjIxMjMzMg==	11	-1	-1	-1	-1	-1	-1	-1	-1	-1	-1	-1	-1	-1	-1	-1	-1	-1	-1	-1	-1	-1	-1	-1	-1	-1	-1	-1	-1	-1
XMTQyMjY2NjQyMA==	6	-1	-1	-1	-1	-1	-1	-1	-1	-1	-1	-1	-1	-1	-1	-1	-1	-1	-1	-1	-1	-1	-1	-1	-1	-1	-1	-1	-1	-1
XMTQyMTkyMDkyOA==	16	17	17	-1	-1	-1	-1	-1	-1	-1	-1	-1	-1	-1	-1	-1	-1	-1	-1	-1	-1	-1	-1	-1	-1	-1	-1	-1	-1	-1
XMTQyMTU4MDk5Mg==	84	121	124	-1	-1	-1	-1	-1	-1	-1	-1	-1	-1	-1	-1	-1	-1	-1	-1	-1	-1	-1	-1	-1	-1	-1	-1	-1	-1	-1
XMTQyMTkyNDk3Mg==	12	15	15	15	15	14	14	14	14	14	14	14	14	14	-1	-1	-1	-1	-1	-1	-1	-1	-1	-1	-1	-1	-1	-1	-1	-1
XMTQyMTIxMDU1Mg==	11	9	9	10	10	10	10	10	10	10	10	10	10	10	10	11	11	11	11	11	11	11	11	11	11	11	-1	-1	-1	-1
XMTQyMjI5NTA3Ng==	4	6	6	7	8	10	10	10	10	11	11	11	11	11	11	12	14	15	15	16	17	18	19	19	19	20	21	21	-1	-1
XMTQyMjc0NzA1Ng==	5	5	5	3	-1	-1	-1	-1	-1	-1	-1	-1	-1	-1	-1	-1	-1	-1	-1	-1	-1	-1	-1	-1	-1	-1	-1	-1	-1	-1
XMTQyMTc4NjAwNA==	-1	-1	-1	-1	-1	-1	-1	-1	-1	-1	-1	-1	-1	-1	-1	-1	-1	-1	-1	-1	-1	-1	-1	-1	-1	-1	-1	-1	-1	-1
XMTQyMTU4OTYyNA==	43	44	45	46	46	-1	-1	-1	-1	-1	-1	-1	-1	-1	-1	-1	-1	-1	-1	-1	-1	-1	-1	-1	-1	-1	-1	-1	-1	-1
XMTQyMTg1ODY0OA==	5	4	4	-1	-1	-1	-1	-1	-1	-1	-1	-1	-1	-1	-1	-1	-1	-1	-1	-1	-1	-1	-1	-1	-1	-1	-1	-1	-1	-1
XMTQyMTg0NjM4MA==	34	34	38	40	41	43	44	45	47	50	51	51	51	51	51	52	53	53	53	54	54	54	54	54	54	54	54	56	-1	-1
XMTQyMjM4OTMzMg==	912	-1	-1	-1	-1	-1	-1	-1	-1	-1	-1	-1	-1	-1	-1	-1	-1	-1	-1	-1	-1	-1	-1	-1	-1	-1	-1	-1	-1	-1
XMTQyMTUyODA1Mg==	470	1068	1195	1560	-1	-1	-1	-1	-1	-1	-1	-1	-1	-1	-1	-1	-1	-1	-1	-1	-1	-1	-1	-1	-1	-1	-1	-1	-1	-1
XMTQyMjQ2NTMwNA==	3	16	16	16	16	16	16	16	16	16	16	16	17	17	17	17	17	20	21	21	21	21	21	20	20	20	-1	-1	-1	-1
XMTQyMTQ4MzI0MA==	196	-1	-1	-1	-1	-1	-1	-1	-1	-1	-1	-1	-1	-1	-1	-1	-1	-1	-1	-1	-1	-1	-1	-1	-1	-1	-1	-1	-1	-1
XMTQyMjI0NDMzMg==	6	-1	-1	-1	-1	-1	-1	-1	-1	-1	-1	-1	-1	-1	-1	-1	-1	-1	-1	-1	-1	-1	-1	-1	-1	-1	-1	-1	-1	-1
XMTQyMTM5MzcxNg==	14	-1	-1	-1	-1	-1	-1	-1	-1	-1	-1	-1	-1	-1	-1	-1	-1	-1	-1	-1	-1	-1	-1	-1	-1	-1	-1	-1	-1	-1
XMTQyMTUyMjAyMA==	16	16	17	18	24	26	-1	-1	-1	-1	-1	-1	-1	-1	-1	-1	-1	-1	-1	-1	-1	-1	-1	-1	-1	-1	-1	-1	-1	-1
XMTQyMTU3NTk1Ng==	7	6	-1	-1	-1	-1	-1	-1	-1	-1	-1	-1	-1	-1	-1	-1	-1	-1	-1	-1	-1	-1	-1	-1	-1	-1	-1	-1	-1	-1
XMTQyMTQ1ODA0OA==	251	580	676	919	1155	1400	1622	1839	2150	2414	2738	3069	3405	3809	4232	4649	5101	5492	5923	6318	6699	-1	-1	-1	-1	-1	-1	-1	-1	-1
XMTQyMTk0NzQxMg==	85	93	94	94	-1	-1	-1	-1	-1	-1	-1	-1	-1	-1	-1	-1	-1	-1	-1	-1	-1	-1	-1	-1	-1	-1	-1	-1	-1	-1
XMTQyMjQ2MTQ5Mg==	16	47	48	60	65	66	71	78	79	81	83	83	86	87	89	-1	-1	-1	-1	-1	-1	-1	-1	-1	-1	-1	-1	-1	-1	-1
XMTQyMjA1OTQwOA==	116	-1	-1	-1	-1	-1	-1	-1	-1	-1	-1	-1	-1	-1	-1	-1	-1	-1	-1	-1	-1	-1	-1	-1	-1	-1	-1	-1	-1	-1
XMTQyMTc2Mjc2OA==	8	8	8	9	9	9	9	9	9	9	9	9	9	9	9	9	9	9	9	9	9	9	9	-1	-1	-1	-1	-1	-1	-1
XMTQxMDU4MzI5Ng==	7	8	8	9	11	12	-1	-1	-1	-1	-1	-1	-1	-1	-1	-1	-1	-1	-1	-1	-1	-1	-1	-1	-1	-1	-1	-1	-1	-1
XMTQyMjM5MzE5Mg==	655	-1	-1	-1	-1	-1	-1	-1	-1	-1	-1	-1	-1	-1	-1	-1	-1	-1	-1	-1	-1	-1	-1	-1	-1	-1	-1	-1	-1	-1
XMTQyMjM5NjE5Ng==	3392	3523	3546	360	369	-1	-1	-1	-1	-1	-1	-1	-1	-1	-1	-1	-1	-1	-1	-1	-1	-1	-1	-1	-1	-1	-1	-1	-1	-1
XMTQyMTQzMjA0MA==	169	191	213	227	259	306	331	372	402	452	489	522	547	560	-1	-1	-1	-1	-1	-1	-1	-1	-1	-1	-1	-1	-1	-1	-1	-1
XMTQyMTMxNzI0OA==	26	-1	-1	-1	-1	-1	-1	-1	-1	-1	-1	-1	-1	-1	-1	-1	-1	-1	-1	-1	-1	-1	-1	-1	-1	-1	-1	-1	-1	-1
XMTQyMTkxNjc0MA==	145	165	170	174	176	176	176	176	176	176	176	176	176	176	177	177	177	177	177	177	177	177	177	177	-1	-1	-1	-1	-1	-1
XMTQyMTU3OTY2OA==	804	1478	-1	-1	-1	-1	-1	-1	-1	-1	-1	-1	-1	-1	-1	-1	-1	-1	-1	-1	-1	-1	-1	-1	-1	-1	-1	-1	-1	-1
XMTQyMjQ3OTAyNA==	-1	-1	-1	-1	-1	-1	-1	-1	-1	-1	-1	-1	-1	-1	-1	-1	-1	-1	-1	-1	-1	-1	-1	-1	-1	-1	-1	-1	-1	-1
XMTQyMTcwNDA2NA==	5	5	5	-1	-1	-1	-1	-1	-1	-1	-1	-1	-1	-1	-1	-1	-1	-1	-1	-1	-1	-1	-1	-1	-1	-1	-1	-1	-1	-1
XMTQyMTIzODAyOA==	144	186	207	230	245	670	975	990	996	1029	1097	1135	1166	1189	1205	1222	1241	1253	1293	-1	-1	-1	-1	-1	-1	-1	-1	-1	-1	-1
XMTQyMjM4OTI2NA==	1156	-1	-1	-1	-1	-1	-1	-1	-1	-1	-1	-1	-1	-1	-1	-1	-1	-1	-1	-1	-1	-1	-1	-1	-1	-1	-1	-1	-1	-1
XMTQyMTc4Njc2MA==	141	-1	-1	-1	-1	-1	-1	-1	-1	-1	-1	-1	-1	-1	-1	-1	-1	-1	-1	-1	-1	-1	-1	-1	-1	-1	-1	-1	-1	-1
XMTQyMTY2NTAyNA==	15	15	18	19	-1	-1	-1	-1	-1	-1	-1	-1	-1	-1	-1	-1	-1	-1	-1	-1	-1	-1	-1	-1	-1	-1	-1	-1	-1	-1
XMTQyMTYyNTAyNA==	9	9	9	9	-1	-1	-1	-1	-1	-1	-1	-1	-1	-1	-1	-1	-1	-1	-1	-1	-1	-1	-1	-1	-1	-1	-1	-1	-1	-1
XMTQyMjQ5ODY3Mg==	28	34	34	34	34	35	36	36	36	36	36	38	39	39	39	40	40	40	40	41	-1	-1	-1	-1	-1	-1	-1	-1	-1	-1
XMTQyMTczNjA0MA==	95	136	137	138	141	150	155	160	162	162	164	169	170	-1	-1	-1	-1	-1	-1	-1	-1	-1	-1	-1	-1	-1	-1	-1	-1	-1
XMTQyMTkzNDExMg==	52	70	73	77	78	81	83	85	-1	-1	-1	-1	-1	88	88	93	94	94	-1	-1	-1	-1	-1	-1	-1	-1	-1	-1	-1	-1
XMTQyMTYwNTE2OA==	3	3	3	-1	-1	-1	-1	-1	-1	-1	-1	-1	-1	-1	-1	-1	-1	-1	-1	-1	-1	-1	-1	-1	-1	-1	-1	-1	-1	-1
XMTQyMTY0NzY5Mg==	5	-1	-1	-1	-1	-1	-1	-1	-1	-1	-1	-1	-1	-1	-1	-1	-1	-1	-1	-1	-1	-1	-1	-1	-1	-1	-1	-1	-1	-1
XMTQyMTQ2ODg4NA==	3	3	3	3	3	3	3	3	3	3	3	3	3	4	4	4	4	4	4	4	-1	-1	-1	-1	-1	-1	-1	-1	-1	-1
XMTQyMTc0MDM1Mg==	19	19	19	19	19	20	20	20	20	20	21	22	22	22	23	24	25	26	26	26	27	27	27	27	27	27	-1	-1	-1	-1
XMTQyMTk0NzMyNA==	67	108	111	118	128	132	132	132	132	132	132	132	132	132	132	132	132	132	132	-1	-1	-1	-1	-1	-1	-1	-1	-1	-1	-1
XMTQyMTU2ODY3Mg==	3	-1	-1	-1	-1	-1	-1	-1	-1	-1	-1	-1	-1	-1	-1	-1	-1	-1	-1	-1	-1	-1	-1	-1	-1	-1	-1	-1	-1	-1
XMTQyMjgwMDI0MA==	915	2019	2199	2492	2552	2573	2569	2602	2677	2729	2779	2792	2804	2805	2808	2818	2847	2870	2873	2890	-1	-1	-1	-1	-1	-1	-1	-1	-1	-1
XMTQyMTIyOTMwMA==	466	506	509	524	531	536	542	546	552	557	564	567	568	568	-1	-1	-1	-1	-1	-1	-1	-1	-1	-1	-1	-1	-1	-1	-1	-1
XMTQyMTQ0OTQ1Mg==	17	-1	-1	-1	-1	-1	-1	-1	-1	-1	-1	-1	-1	-1	-1	-1	-1	-1	-1	-1	-1	-1	-1	-1	-1	-1	-1	-1	-1	-1
XMTQyMTgyNzMwMA==	128	127	127	126	126	-1	-1	-1	-1	-1	-1	-1	-1	-1	-1	-1	-1	-1	-1	-1	-1	-1	-1	-1	-1	-1	-1	-1	-1	-1
XMTQyMjA2MTAxNg==	100	198	231	282	304	-1	-1	-1	-1	-1	-1	-1	-1	-1	-1	-1	-1	-1	-1	-1	-1	-1	-1	-1	-1	-1	-1	-1	-1	-1
XMTQyMjQ2NDc0MA==	2	2	4	4	4	4	-1	-1	-1	-1	-1	-1	-1	-1	-1	-1	-1	-1	-1	-1	-1	-1	-1	-1	-1	-1	-1	-1	-1	-1
XMTQyMjA0OTY0MA==	198	785	1094	1727	2073	2611	2989	3560	4692	6103	7661	8288	9096	9933	11122	12462	15328	17333	18294	-1	-1	-1	-1	-1	-1	-1	-1	-1	-1	-1
XMTQyMTYyNjI3Mg==	8	11	11	11	11	11	12	12	-1	-1	-1	-1	-1	-1	-1	-1	-1	-1	-1	-1	-1	-1	-1	-1	-1	-1	-1	-1	-1	-1
XMTQyMjE4OTA4NA==	12	12	12	12	12	12	12	12	12	12	12	12	12	12	12	12	12	12	12	13	13	14	14	14	14	14	14	-1	-1	-1
XMTQyMTYyNjcwOA==	68	101	106	106	-1	-1	-1	-1	-1	-1	-1	-1	-1	-1	-1	-1	-1	-1	-1	-1	-1	-1	-1	-1	-1	-1	-1	-1	-1	-1
XMTQyMTU1NjU3Ng==	-1	-1	-1	-1	-1	-1	-1	-1	-1	-1	-1	-1	-1	-1	-1	-1	-1	-1	-1	-1	-1	-1	-1	-1	-1	-1	-1	-1	-1	-1
XMTQyMTg3Mzg4MA==	37	45	50	56	58	61	62	62	62	62	63	63	64	65	-1	-1	-1	-1	-1	-1	-1	-1	-1	-1	-1	-1	-1	-1	-1	-1
XMTQyMTM3MDA0MA==	856	979	1019	1022	1046	1060	1066	-1	-1	-1	-1	-1	-1	-1	-1	-1	-1	-1	-1	-1	-1	-1	-1	-1	-1	-1	-1	-1	-1	-1
XMTQyMTMyNzAwOA==	8	8	8	8	8	-1	-1	-1	-1	-1	-1	-1	-1	-1	-1	-1	-1	-1	-1	-1	-1	-1	-1	-1	-1	-1	-1	-1	-1	-1
XMTQyMjI3MDA4MA==	6	-1	-1	-1	-1	-1	-1	-1	-1	-1	-1	-1	-1	-1	-1	-1	-1	-1	-1	-1	-1	-1	-1	-1	-1	-1	-1	-1	-1	-1
XMTQyMTU1MTY0NA==	121	124	125	124	125	126	127	-1	-1	-1	-1	-1	-1	-1	-1	-1	-1	-1	-1	-1	-1	-1	-1	-1	-1	-1	-1	-1	-1	-1
XMTQyMjc4NTQ2MA==	3	-1	-1	-1	-1	-1	-1	-1	-1	-1	-1	-1	-1	-1	-1	-1	-1	-1	-1	-1	-1	-1	-1	-1	-1	-1	-1	-1	-1	-1
XMTQyMTgyOTY1Ng==	504	994	1023	1188	1238	1275	1302	1366	1435	1511	1555	1582	1618	1658	-1	-1	-1	-1	-1	-1	-1	-1	-1	-1	-1	-1	-1	-1	-1	-1
XMTQyMTU0MDI0OA==	853	6051	8171	13474	16228	-1	-1	-1	-1	-1	-1	-1	-1	-1	-1	-1	-1	-1	-1	-1	-1	-1	-1	-1	-1	-1	-1	-1	-1	-1
XMTQyMjAwNjE0NA==	8	-1	-1	-1	-1	-1	-1	-1	-1	-1	-1	-1	-1	-1	-1	-1	-1	-1	-1	-1	-1	-1	-1	-1	-1	-1	-1	-1	-1	-1
XMTQyMTU0OTA4MA==	18	19	19	18	-1	-1	-1	-1	-1	-1	-1	-1	-1	-1	-1	-1	-1	-1	-1	-1	-1	-1	-1	-1	-1	-1	-1	-1	-1	-1
XMTQyMTM4NzI0NA==	6	3	3	3	4	4	4	4	4	4	4	4	4	-1	-1	-1	-1	-1	-1	-1	-1	-1	-1	-1	-1	-1	-1	-1	-1	-1
XMTQyMjU0MDg1Ng==	14	35	38	39	41	44	55	59	62	72	78	86	94	98	103	112	114	117	119	122	-1	-1	-1	-1	-1	-1	-1	-1	-1	-1
XMTQyMTY3MDMzNg==	4	-1	-1	-1	-1	-1	-1	-1	-1	-1	-1	-1	-1	-1	-1	-1	-1	-1	-1	-1	-1	-1	-1	-1	-1	-1	-1	-1	-1	-1
XMTQyMTcwMjczMg==	26	-1	-1	-1	-1	-1	-1	-1	-1	-1	-1	-1	-1	-1	-1	-1	-1	-1	-1	-1	-1	-1	-1	-1	-1	-1	-1	-1	-1	-1
XMTQyMjExMDQ2NA==	-1	-1	-1	-1	-1	-1	-1	-1	-1	-1	-1	-1	-1	-1	-1	-1	-1	-1	-1	-1	-1	-1	-1	-1	-1	-1	-1	-1	-1	-1
XMTQyMTIzMDM2NA==	21	21	22	-1	-1	-1	-1	-1	-1	-1	-1	-1	-1	-1	-1	-1	-1	-1	-1	-1	-1	-1	-1	-1	-1	-1	-1	-1	-1	-1
XMTQyMTc1NTkxNg==	71	96	101	104	107	107	108	109	120	127	129	129	129	129	131	131	132	134	135	135	135	135	135	135	135	135	135	135	-1	-1
XMTQyMTU3MjkwOA==	23	43	46	50	50	55	57	66	68	69	71	77	83	91	-1	-1	-1	-1	-1	-1	-1	-1	-1	-1	-1	-1	-1	-1	-1	-1
XMTQyMTYyNzg4OA==	18	22	24	24	-1	-1	-1	-1	-1	-1	-1	-1	-1	-1	-1	-1	-1	-1	-1	-1	-1	-1	-1	-1	-1	-1	-1	-1	-1	-1
XMTQyMjY5NTQ4OA==	7	16	16	20	-1	-1	-1	-1	-1	-1	-1	-1	-1	-1	-1	-1	-1	-1	-1	-1	-1	-1	-1	-1	-1	-1	-1	-1	-1	-1
XMTQyMjcwODYyNA==	19	54	-1	-1	-1	-1	-1	-1	-1	-1	-1	-1	-1	-1	-1	-1	-1	-1	-1	-1	-1	-1	-1	-1	-1	-1	-1	-1	-1	-1
XMTQyMjQxNzU4OA==	5	-1	-1	-1	-1	-1	-1	-1	-1	-1	-1	-1	-1	-1	-1	-1	-1	-1	-1	-1	-1	-1	-1	-1	-1	-1	-1	-1	-1	-1
XMTQyMTY1NTc4MA==	294	482	560	616	653	671	683	-1	-1	-1	-1	-1	-1	-1	-1	-1	-1	-1	-1	-1	-1	-1	-1	-1	-1	-1	-1	-1	-1	-1
XMTQyMjI4ODkzMg==	288	513	552	600	620	-1	-1	-1	-1	-1	-1	-1	-1	-1	-1	-1	-1	-1	-1	-1	-1	-1	-1	-1	-1	-1	-1	-1	-1	-1
XMTQyMjIwNjk4NA==	8	-1	-1	-1	-1	-1	-1	-1	-1	-1	-1	-1	-1	-1	-1	-1	-1	-1	-1	-1	-1	-1	-1	-1	-1	-1	-1	-1	-1	-1
XMTQyMjM3MTY0NA==	192	-1	-1	-1	-1	-1	-1	-1	-1	-1	-1	-1	-1	-1	-1	-1	-1	-1	-1	-1	-1	-1	-1	-1	-1	-1	-1	-1	-1	-1
XMTQyMTQwMTU5Mg==	13	86	90	-1	-1	-1	-1	-1	-1	-1	-1	-1	-1	-1	-1	-1	-1	-1	-1	-1	-1	-1	-1	-1	-1	-1	-1	-1	-1	-1
XMTQyMTc5ODQwOA==	100	105	106	106	106	107	107	107	110	110	111	111	111	-1	-1	-1	-1	-1	-1	-1	-1	-1	-1	-1	-1	-1	-1	-1	-1	-1
XMTQyMjA0MzQwOA==	-1	-1	-1	-1	-1	-1	-1	-1	-1	-1	-1	-1	-1	-1	-1	-1	-1	-1	-1	-1	-1	-1	-1	-1	-1	-1	-1	-1	-1	-1
XMTQyMTc1NDg3Mg==	18	24	24	24	24	25	26	32	32	41	43	43	42	494	515	515	456	457	457	-1	-1	-1	-1	-1	-1	-1	-1	-1	-1	-1
XMTQyMTc2MDAwMA==	5	6	6	5	5	16	17	21	21	22	22	22	22	23	-1	-1	-1	-1	-1	-1	-1	-1	-1	-1	-1	-1	-1	-1	-1	-1
XMTQyMTYzODY5Mg==	3	2	2	2	-1	-1	-1	-1	-1	-1	-1	-1	-1	-1	-1	-1	-1	-1	-1	-1	-1	-1	-1	-1	-1	-1	-1	-1	-1	-1
XMTQyMTE5ODI3Ng==	15	17	18	18	18	18	18	18	18	18	18	18	18	18	18	18	18	18	18	18	18	19	19	19	19	19	-1	-1	-1	-1
XMTQyMjQ2NTgxNg==	36	-1	-1	-1	-1	-1	-1	-1	-1	-1	-1	-1	-1	-1	-1	-1	-1	-1	-1	-1	-1	-1	-1	-1	-1	-1	-1	-1	-1	-1
XMTQyMTg1MDM1Mg==	96	-1	-1	-1	-1	-1	-1	-1	-1	-1	-1	-1	-1	-1	-1	-1	-1	-1	-1	-1	-1	-1	-1	-1	-1	-1	-1	-1	-1	-1
XMTQyMTM5OTY4NA==	9	9	9	9	9	9	9	10	11	-1	-1	-1	-1	-1	-1	-1	-1	-1	-1	-1	-1	-1	-1	-1	-1	-1	-1	-1	-1	-1
XMTQyMjA0ODEzNg==	62	-1	-1	-1	-1	-1	-1	-1	-1	-1	-1	-1	-1	-1	-1	-1	-1	-1	-1	-1	-1	-1	-1	-1	-1	-1	-1	-1	-1	-1
XMTQyMTM4MjQ4MA==	7	8	10	13	14	16	18	18	20	20	20	-1	-1	-1	-1	-1	-1	-1	-1	-1	-1	-1	-1	-1	-1	-1	-1	-1	-1	-1
XMTQyMTE5NzQxMg==	12	12	12	12	12	12	12	12	12	12	12	12	12	12	12	12	12	12	12	12	12	12	12	12	12	12	12	-1	-1	-1
XMTQyMjE3NTA3Mg==	12	1660	2546	4935	7082	8002	8151	8223	8237	8276	8310	8339	8369	8395	8411	8426	8440	8456	-1	-1	-1	-1	-1	-1	-1	-1	-1	-1	-1	-1
XMTQyMTg5OTYyOA==	159	167	167	170	178	-1	-1	-1	-1	-1	-1	-1	-1	-1	-1	-1	-1	-1	-1	-1	-1	-1	-1	-1	-1	-1	-1	-1	-1	-1
XMTQyMjg0MDE4MA==	2	8	12	19	19	19	24	25	26	27	27	-1	-1	-1	-1	-1	-1	-1	-1	-1	-1	-1	-1	-1	-1	-1	-1	-1	-1	-1
XMTQyMjA1MjYyMA==	513	-1	-1	-1	-1	-1	-1	-1	-1	-1	-1	-1	-1	-1	-1	-1	-1	-1	-1	-1	-1	-1	-1	-1	-1	-1	-1	-1	-1	-1
XMTQyMjg3OTkwMA==	2	-1	-1	-1	-1	-1	-1	-1	-1	-1	-1	-1	-1	-1	-1	-1	-1	-1	-1	-1	-1	-1	-1	-1	-1	-1	-1	-1	-1	-1
XMTQyMTM5MDI2MA==	135	198	207	226	222	228	222	226	234	236	236	237	239	-1	-1	-1	-1	-1	-1	-1	-1	-1	-1	-1	-1	-1	-1	-1	-1	-1
XMTQyMTg5MTUwMA==	5	-1	-1	-1	-1	-1	-1	-1	-1	-1	-1	-1	-1	-1	-1	-1	-1	-1	-1	-1	-1	-1	-1	-1	-1	-1	-1	-1	-1	-1
XMTQyMTg1ODA3Ng==	571	702	740	819	847	862	877	896	940	949	956	957	963	968	976	983	994	1004	1007	1029	-1	-1	-1	-1	-1	-1	-1	-1	-1	-1
XMTQyMTUzNjk4OA==	-1	-1	-1	-1	-1	-1	-1	-1	-1	-1	-1	-1	-1	-1	-1	-1	-1	-1	-1	-1	-1	-1	-1	-1	-1	-1	-1	-1	-1	-1
XMTQyMjA1MzE0NA==	17	21	21	21	21	21	21	21	21	-1	-1	-1	-1	-1	-1	-1	-1	-1	-1	-1	-1	-1	-1	-1	-1	-1	-1	-1	-1	-1
XMTQyMTU0NDcwMA==	63	63	64	65	67	67	-1	-1	-1	-1	-1	-1	-1	-1	-1	-1	-1	-1	-1	-1	-1	-1	-1	-1	-1	-1	-1	-1	-1	-1
XMTQyMTgwNDU0MA==	27	28	28	28	28	28	30	34	35	35	37	38	-1	-1	-1	-1	-1	-1	-1	-1	-1	-1	-1	-1	-1	-1	-1	-1	-1	-1
XMTQyMjc0NjU5Mg==	5	-1	-1	-1	-1	-1	-1	-1	-1	-1	-1	-1	-1	-1	-1	-1	-1	-1	-1	-1	-1	-1	-1	-1	-1	-1	-1	-1	-1	-1
XMTQyMjQ4ODMyOA==	2	2	2	2	-1	-1	-1	-1	-1	-1	-1	-1	-1	-1	-1	-1	-1	-1	-1	-1	-1	-1	-1	-1	-1	-1	-1	-1	-1	-1
XMTQyMjE4MDQ0NA==	12	19	21	23	-1	-1	-1	-1	-1	-1	-1	-1	-1	-1	-1	-1	-1	-1	-1	-1	-1	-1	-1	-1	-1	-1	-1	-1	-1	-1
XMTQyMjAyMzY4OA==	1	3	3	3	3	3	3	4	4	5	6	6	6	7	10	11	13	13	-1	-1	-1	-1	-1	-1	-1	-1	-1	-1	-1	-1
XMTQyMTQwMjk0NA==	7	8	8	8	8	8	8	8	8	8	8	8	8	8	10	11	11	11	11	11	11	11	11	12	12	12	13	-1	-1	-1
XMTQyMjA4MjgyNA==	366	1625	1668	1732	1761	1796	1814	1819	1831	-1	-1	-1	-1	-1	-1	-1	-1	-1	-1	-1	-1	-1	-1	-1	-1	-1	-1	-1	-1	-1
XMTQyMjc5MzAxMg==	8	20	21	24	25	29	-1	-1	-1	-1	-1	-1	-1	-1	-1	-1	-1	-1	-1	-1	-1	-1	-1	-1	-1	-1	-1	-1	-1	-1
XMTQyMjA1NjA5Ng==	20	26	27	30	30	30	31	31	31	32	33	-1	-1	-1	-1	-1	-1	-1	-1	-1	-1	-1	-1	-1	-1	-1	-1	-1	-1	-1
XMTQyMTg1NDA4OA==	18	-1	-1	-1	-1	-1	-1	-1	-1	-1	-1	-1	-1	-1	-1	-1	-1	-1	-1	-1	-1	-1	-1	-1	-1	-1	-1	-1	-1	-1
XMTQyMTM1ODY4OA==	36	42	47	51	54	-1	-1	-1	-1	-1	-1	-1	-1	-1	-1	-1	-1	-1	-1	-1	-1	-1	-1	-1	-1	-1	-1	-1	-1	-1
XMTQyMjAyODg4NA==	199	614	804	1196	1495	1987	2351	2893	3927	5533	7099	7637	8361	9152	10174	11227	13307	15371	16381	-1	-1	-1	-1	-1	-1	-1	-1	-1	-1	-1
XMTQyMjgwNTk2MA==	2	2	2	-1	-1	-1	-1	-1	-1	-1	-1	-1	-1	-1	-1	-1	-1	-1	-1	-1	-1	-1	-1	-1	-1	-1	-1	-1	-1	-1
XMTQyMTg0NTU3Ng==	13	14	14	15	14	14	14	14	-1	-1	-1	-1	-1	-1	-1	-1	-1	-1	-1	-1	-1	-1	-1	-1	-1	-1	-1	-1	-1	-1
XMTQyMjMzNzczNg==	156	-1	-1	-1	-1	-1	-1	-1	-1	-1	-1	-1	-1	-1	-1	-1	-1	-1	-1	-1	-1	-1	-1	-1	-1	-1	-1	-1	-1	-1
XMTQyMTQwMTgxNg==	2	2	2	2	2	2	2	2	2	2	2	2	2	-1	-1	-1	-1	-1	-1	-1	-1	-1	-1	-1	-1	-1	-1	-1	-1	-1
XMTQyMjI4MjU5Ng==	15	-1	-1	-1	-1	-1	-1	-1	-1	-1	-1	-1	-1	-1	-1	-1	-1	-1	-1	-1	-1	-1	-1	-1	-1	-1	-1	-1	-1	-1
XMTQyMTc4MTM2NA==	11	11	11	9	9	9	9	9	9	-1	-1	-1	-1	-1	-1	-1	-1	-1	-1	-1	-1	-1	-1	-1	-1	-1	-1	-1	-1	-1
XMTQyMTYwNzc1Mg==	4	5	5	5	5	5	5	5	5	5	5	5	5	-1	-1	-1	-1	-1	-1	-1	-1	-1	-1	-1	-1	-1	-1	-1	-1	-1
XMTQyMjY4NDU4NA==	4	9	10	10	10	10	10	10	10	10	10	-1	-1	-1	-1	-1	-1	-1	-1	-1	-1	-1	-1	-1	-1	-1	-1	-1	-1	-1
XMTQyMTY5Mjk2MA==	24	-1	-1	-1	-1	-1	-1	-1	-1	-1	-1	-1	-1	-1	-1	-1	-1	-1	-1	-1	-1	-1	-1	-1	-1	-1	-1	-1	-1	-1
XMTQyMTU4MDkyNA==	14	13	13	14	14	14	14	14	15	18	18	18	-1	-1	-1	-1	-1	-1	-1	-1	-1	-1	-1	-1	-1	-1	-1	-1	-1	-1
XMTQyMTQ0NTkyOA==	130	213	282	362	464	564	657	-1	-1	-1	-1	-1	-1	-1	-1	-1	-1	-1	-1	-1	-1	-1	-1	-1	-1	-1	-1	-1	-1	-1
XMTQyMTQ3MjcwNA==	4	-1	-1	-1	-1	-1	-1	-1	-1	-1	-1	-1	-1	-1	-1	-1	-1	-1	-1	-1	-1	-1	-1	-1	-1	-1	-1	-1	-1	-1
XMTQyMTc5NjI4NA==	20	-1	-1	-1	-1	-1	-1	-1	-1	-1	-1	-1	-1	-1	-1	-1	-1	-1	-1	-1	-1	-1	-1	-1	-1	-1	-1	-1	-1	-1
XMTQyMjE0OTMzNg==	19	26	26	26	-1	-1	-1	-1	-1	-1	-1	-1	-1	-1	-1	-1	-1	-1	-1	-1	-1	-1	-1	-1	-1	-1	-1	-1	-1	-1
XMTQyMTMwMTc4NA==	65	-1	-1	-1	-1	-1	-1	-1	-1	-1	-1	-1	-1	-1	-1	-1	-1	-1	-1	-1	-1	-1	-1	-1	-1	-1	-1	-1	-1	-1
XMTQyMTg5MTI1Mg==	3	3	3	3	3	3	3	3	3	-1	-1	-1	-1	-1	-1	-1	-1	-1	-1	-1	-1	-1	-1	-1	-1	-1	-1	-1	-1	-1
XMTQyMTc5OTQ3Mg==	240	322	352	380	403	423	435	441	454	468	475	473	483	495	499	500	-1	-1	-1	-1	-1	-1	-1	-1	-1	-1	-1	-1	-1	-1
XMTQyMjM5MTQ0NA==	17	23	24	24	24	24	26	26	28	29	30	36	43	43	79	-1	-1	-1	-1	-1	-1	-1	-1	-1	-1	-1	-1	-1	-1	-1
XMTQyMTYzNzY4NA==	25	25	28	30	31	31	30	30	31	32	34	35	35	35	35	35	36	37	37	37	38	-1	-1	-1	-1	-1	-1	-1	-1	-1
XMTQyMTkyNzkwMA==	-1	-1	-1	-1	-1	-1	-1	-1	-1	-1	-1	-1	-1	-1	-1	-1	-1	-1	-1	-1	-1	-1	-1	-1	-1	-1	-1	-1	-1	-1
XMTQyMTQ0Njk4MA==	7	-1	-1	-1	-1	-1	-1	-1	-1	-1	-1	-1	-1	-1	-1	-1	-1	-1	-1	-1	-1	-1	-1	-1	-1	-1	-1	-1	-1	-1
XMTQyMTg4NzE4NA==	14	17	18	18	21	21	21	23	24	24	24	24	24	24	24	25	27	30	-1	-1	-1	-1	-1	-1	-1	-1	-1	-1	-1	-1
XMTQyMTU0NzQwNA==	18	22	22	22	22	23	23	23	23	23	23	23	23	23	24	24	24	24	-1	-1	-1	-1	-1	-1	-1	-1	-1	-1	-1	-1
XMTQyMjExMjAwOA==	415	453	459	477	596	624	652	672	714	779	803	863	866	868	868	869	869	-1	-1	-1	-1	-1	-1	-1	-1	-1	-1	-1	-1	-1
XMTQyMjI4NDgwNA==	7	10	10	10	10	10	10	-1	-1	-1	-1	-1	-1	-1	-1	-1	-1	-1	-1	-1	-1	-1	-1	-1	-1	-1	-1	-1	-1	-1
XMTQyMjEyNTYxNg==	312	-1	-1	-1	-1	-1	-1	-1	-1	-1	-1	-1	-1	-1	-1	-1	-1	-1	-1	-1	-1	-1	-1	-1	-1	-1	-1	-1	-1	-1
XMTQyMTcwOTU1Ng==	5	-1	-1	-1	-1	-1	-1	-1	-1	-1	-1	-1	-1	-1	-1	-1	-1	-1	-1	-1	-1	-1	-1	-1	-1	-1	-1	-1	-1	-1
XMTQyMTU2NDMzNg==	9	14	17	20	24	31	32	44	49	66	70	79	85	88	95	103	111	112	123	125	139	154	170	212	253	-1	-1	-1	-1	-1
XMTQyMTUzNTgyNA==	77	82	82	87	87	-1	-1	-1	-1	-1	-1	-1	-1	-1	-1	-1	-1	-1	-1	-1	-1	-1	-1	-1	-1	-1	-1	-1	-1	-1
XMTQyMjAyNDYxMg==	44	53	53	54	55	58	58	59	59	62	62	62	62	75	75	78	79	79	79	79	79	-1	-1	-1	-1	-1	-1	-1	-1	-1
XMTQyMjMxNjcwNA==	157	-1	-1	-1	-1	-1	-1	-1	-1	-1	-1	-1	-1	-1	-1	-1	-1	-1	-1	-1	-1	-1	-1	-1	-1	-1	-1	-1	-1	-1
XMTQyMjMyMzQ2NA==	511	-1	-1	-1	-1	-1	-1	-1	-1	-1	-1	-1	-1	-1	-1	-1	-1	-1	-1	-1	-1	-1	-1	-1	-1	-1	-1	-1	-1	-1
XMTQyMTM2MDM3Ng==	13	11	11	14	14	14	14	14	14	14	14	14	14	-1	-1	-1	-1	-1	-1	-1	-1	-1	-1	-1	-1	-1	-1	-1	-1	-1
XMTQyMjAwMTg4OA==	8	-1	-1	-1	-1	-1	-1	-1	-1	-1	-1	-1	-1	-1	-1	-1	-1	-1	-1	-1	-1	-1	-1	-1	-1	-1	-1	-1	-1	-1
XMTQyMjA1MDc4OA==	76	-1	-1	-1	-1	-1	-1	-1	-1	-1	-1	-1	-1	-1	-1	-1	-1	-1	-1	-1	-1	-1	-1	-1	-1	-1	-1	-1	-1	-1
XMTQyMjQ3MjI0OA==	2	-1	-1	-1	-1	-1	-1	-1	-1	-1	-1	-1	-1	-1	-1	-1	-1	-1	-1	-1	-1	-1	-1	-1	-1	-1	-1	-1	-1	-1
XMTQyMTg3MjU2MA==	942	-1	-1	-1	-1	-1	-1	-1	-1	-1	-1	-1	-1	-1	-1	-1	-1	-1	-1	-1	-1	-1	-1	-1	-1	-1	-1	-1	-1	-1
XMTQyMTk1MjgzMg==	16	131	132	139	144	144	145	145	145	145	146	-1	-1	-1	-1	-1	-1	-1	-1	-1	-1	-1	-1	-1	-1	-1	-1	-1	-1	-1
XMTQyMjU0NzgwNA==	3	-1	-1	-1	-1	-1	-1	-1	-1	-1	-1	-1	-1	-1	-1	-1	-1	-1	-1	-1	-1	-1	-1	-1	-1	-1	-1	-1	-1	-1
XMTQyMTM2NDE3Ng==	43	45	46	46	50	50	50	50	50	50	50	52	53	-1	-1	-1	-1	-1	-1	-1	-1	-1	-1	-1	-1	-1	-1	-1	-1	-1
XMTQyMjMzMDMyNA==	4	4	4	4	4	4	-1	-1	-1	-1	-1	-1	-1	-1	-1	-1	-1	-1	-1	-1	-1	-1	-1	-1	-1	-1	-1	-1	-1	-1
XMTQyMTQwNzc4MA==	4	4	4	4	4	4	4	4	4	4	4	4	4	-1	-1	-1	-1	-1	-1	-1	-1	-1	-1	-1	-1	-1	-1	-1	-1	-1
XMTQyMTk2MzAzNg==	2	5	7	7	7	7	7	7	7	7	7	7	7	7	7	7	7	7	-1	-1	-1	-1	-1	-1	-1	-1	-1	-1	-1	-1
XMTQyMjEzMzEyNA==	17	33	33	33	-1	-1	-1	-1	-1	-1	-1	-1	-1	-1	-1	-1	-1	-1	-1	-1	-1	-1	-1	-1	-1	-1	-1	-1	-1	-1
XMTQyMTkxOTMyNA==	124	122	126	125	125	126	126	127	127	127	128	129	130	-1	-1	-1	-1	-1	-1	-1	-1	-1	-1	-1	-1	-1	-1	-1	-1	-1
XMTQyMTIwODkxNg==	42	70	78	93	103	106	110	117	119	121	121	123	124	124	125	128	132	135	-1	-1	-1	-1	-1	-1	-1	-1	-1	-1	-1	-1
XMTQyMjI4MjI3Mg==	8	8	-1	-1	-1	-1	-1	-1	-1	-1	-1	-1	-1	-1	-1	-1	-1	-1	-1	-1	-1	-1	-1	-1	-1	-1	-1	-1	-1	-1
XMTQyMTU2OTI1Ng==	181	233	233	216	-1	-1	-1	-1	-1	-1	-1	-1	-1	-1	-1	-1	-1	-1	-1	-1	-1	-1	-1	-1	-1	-1	-1	-1	-1	-1
XMTQyMTI2MDA0MA==	28	30	30	32	32	33	33	33	33	33	33	33	33	33	33	33	33	33	33	33	33	34	34	34	34	34	-1	-1	-1	-1
XMTQyMTk0MTMwMA==	-1	-1	-1	-1	-1	-1	-1	-1	-1	-1	-1	-1	-1	-1	-1	-1	-1	-1	-1	-1	-1	-1	-1	-1	-1	-1	-1	-1	-1	-1
XMTQyMTIyNDQ0OA==	554	586	586	597	602	604	607	607	608	612	614	617	616	616	-1	-1	-1	-1	-1	-1	-1	-1	-1	-1	-1	-1	-1	-1	-1	-1
XMTQyMjA1NzkwMA==	4	4	4	4	4	4	4	4	4	4	4	4	4	4	4	4	4	4	-1	-1	-1	-1	-1	-1	-1	-1	-1	-1	-1	-1
XMTQyMjAyNzQ0MA==	1136	3124	3475	4034	4148	4226	4288	4353	4489	4581	4640	4672	4688	4702	4729	4760	4844	4919	4944	4973	5009	5036	5068	5125	5194	5245	5300	5359	5427	-1
XMTQyMTM1MTQ0OA==	4	3	3	3	-1	-1	-1	-1	-1	-1	-1	-1	-1	-1	-1	-1	-1	-1	-1	-1	-1	-1	-1	-1	-1	-1	-1	-1	-1	-1
XMTQyMTQ4NzcwOA==	253	283	290	313	344	363	398	415	424	-1	-1	-1	-1	-1	-1	-1	-1	-1	-1	-1	-1	-1	-1	-1	-1	-1	-1	-1	-1	-1
XMTQyMTk3OTA4MA==	6	-1	-1	-1	-1	-1	-1	-1	-1	-1	-1	-1	-1	-1	-1	-1	-1	-1	-1	-1	-1	-1	-1	-1	-1	-1	-1	-1	-1	-1
XMTQyMTk2NzE0OA==	13	20	20	21	22	23	23	24	26	28	28	28	28	28	28	28	28	28	28	28	28	28	28	28	28	-1	-1	-1	-1	-1
XMTQyMTg4ODUzMg==	10	-1	-1	-1	-1	-1	-1	-1	-1	-1	-1	-1	-1	-1	-1	-1	-1	-1	-1	-1	-1	-1	-1	-1	-1	-1	-1	-1	-1	-1
XMTQyMjAwNDM4OA==	7	5	5	5	5	6	6	6	6	6	6	6	6	6	6	6	6	6	6	6	6	6	6	6	6	6	6	-1	-1	-1
XMTQyMTQ2MTU5Mg==	165	-1	-1	-1	-1	-1	-1	-1	-1	-1	-1	-1	-1	-1	-1	-1	-1	-1	-1	-1	-1	-1	-1	-1	-1	-1	-1	-1	-1	-1
XMTQyMTE2NzcyMA==	113	134	135	136	-1	-1	-1	-1	-1	-1	-1	-1	-1	-1	-1	-1	-1	-1	-1	-1	-1	-1	-1	-1	-1	-1	-1	-1	-1	-1
XMTQyMTc2MTE3Mg==	62	72	73	79	79	81	81	81	83	84	85	-1	-1	-1	-1	-1	-1	-1	-1	-1	-1	-1	-1	-1	-1	-1	-1	-1	-1	-1
XMTQyMTg2NjQ1Ng==	119	140	147	149	151	153	165	165	165	170	170	170	-1	-1	-1	-1	-1	-1	-1	-1	-1	-1	-1	-1	-1	-1	-1	-1	-1	-1
XMTQyMTUyMDcyOA==	337	417	-1	-1	-1	-1	-1	-1	-1	-1	-1	-1	-1	-1	-1	-1	-1	-1	-1	-1	-1	-1	-1	-1	-1	-1	-1	-1	-1	-1
XMTQyMTUwMjI4MA==	23	78	103	125	131	138	144	144	146	148	149	150	151	151	152	154	-1	-1	-1	-1	-1	-1	-1	-1	-1	-1	-1	-1	-1	-1
XMTQyMTA5Nzg5Ng==	10	10	11	13	-1	-1	-1	-1	-1	-1	-1	-1	-1	-1	-1	-1	-1	-1	-1	-1	-1	-1	-1	-1	-1	-1	-1	-1	-1	-1
XMTQyMjExMTMxNg==	-1	-1	-1	-1	-1	-1	-1	-1	-1	-1	-1	-1	-1	-1	-1	-1	-1	-1	-1	-1	-1	-1	-1	-1	-1	-1	-1	-1	-1	-1
XMTQyMTYzMDc4NA==	101	185	215	282	334	363	380	411	430	453	474	477	488	493	500	508	519	527	-1	-1	-1	-1	-1	-1	-1	-1	-1	-1	-1	-1
XMTQyMjE4MDA0NA==	-1	-1	-1	-1	-1	-1	-1	-1	-1	-1	-1	-1	-1	-1	-1	-1	-1	-1	-1	-1	-1	-1	-1	-1	-1	-1	-1	-1	-1	-1
XMTQyMTU3MDEyMA==	310	372	380	369	-1	-1	-1	-1	-1	-1	-1	-1	-1	-1	-1	-1	-1	-1	-1	-1	-1	-1	-1	-1	-1	-1	-1	-1	-1	-1
XMTQyMTIyNjk0OA==	28	31	37	37	37	37	38	39	39	39	39	39	39	39	39	39	39	-1	-1	-1	-1	-1	-1	-1	-1	-1	-1	-1	-1	-1
XMTQyMTUwODQ0MA==	63	82	83	84	93	98	104	108	108	110	-1	-1	-1	-1	-1	-1	-1	-1	-1	-1	-1	-1	-1	-1	-1	-1	-1	-1	-1	-1
XMTQyMjAyMTg1Ng==	20	17	17	16	17	17	-1	-1	-1	-1	-1	-1	-1	-1	-1	-1	-1	-1	-1	-1	-1	-1	-1	-1	-1	-1	-1	-1	-1	-1
XMTQyMTQyNzQ3Ng==	1	-1	-1	-1	-1	-1	-1	-1	-1	-1	-1	-1	-1	-1	-1	-1	-1	-1	-1	-1	-1	-1	-1	-1	-1	-1	-1	-1	-1	-1
XMTQyMTg1MTg5Ng==	363	375	382	382	384	387	388	391	396	396	405	405	405	405	405	406	406	406	406	409	-1	-1	-1	-1	-1	-1	-1	-1	-1	-1
XMTQyMjU2MzQ4MA==	2	-1	-1	-1	-1	-1	-1	-1	-1	-1	-1	-1	-1	-1	-1	-1	-1	-1	-1	-1	-1	-1	-1	-1	-1	-1	-1	-1	-1	-1
XMTQyMTY3MjMyOA==	227	420	443	411	419	359	381	389	398	407	413	430	481	494	507	556	563	566	501	507	512	513	515	518	521	555	-1	-1	-1	-1
XMTQyMTQyMzE0NA==	12	12	12	16	18	21	27	27	30	32	34	33	34	34	35	36	38	43	57	78	93	-1	-1	-1	-1	-1	-1	-1	-1	-1
XMTQyMTc3NjU0NA==	176	212	218	221	327	363	402	444	448	452	454	456	458	463	473	476	476	476	477	478	479	481	484	485	487	490	-1	-1	-1	-1
XMTQyMTMyNDAxMg==	56	57	58	-1	-1	-1	-1	-1	-1	-1	-1	-1	-1	-1	-1	-1	-1	-1	-1	-1	-1	-1	-1	-1	-1	-1	-1	-1	-1	-1
XMTQyMjA5NzYxNg==	14	-1	-1	-1	-1	-1	-1	-1	-1	-1	-1	-1	-1	-1	-1	-1	-1	-1	-1	-1	-1	-1	-1	-1	-1	-1	-1	-1	-1	-1
XMTQyMjEwOTY3Ng==	18	-1	-1	-1	-1	-1	-1	-1	-1	-1	-1	-1	-1	-1	-1	-1	-1	-1	-1	-1	-1	-1	-1	-1	-1	-1	-1	-1	-1	-1
XMTQyMTgwMTE4OA==	47	51	52	53	63	93	97	101	108	111	115	120	124	124	124	124	-1	-1	-1	-1	-1	-1	-1	-1	-1	-1	-1	-1	-1	-1
XMTQyMTQ2ODE3Mg==	48	81	86	91	95	-1	-1	-1	-1	-1	-1	-1	-1	-1	-1	-1	-1	-1	-1	-1	-1	-1	-1	-1	-1	-1	-1	-1	-1	-1
XMTQyMjM2NzcwOA==	4	4	4	4	4	5	5	5	5	5	5	5	5	-1	-1	-1	-1	-1	-1	-1	-1	-1	-1	-1	-1	-1	-1	-1	-1	-1
XMTQyMTkyNTM0OA==	289	278	280	280	280	280	281	282	281	282	282	282	282	282	282	282	282	282	283	283	-1	-1	-1	-1	-1	-1	-1	-1	-1	-1
XMTQyMTkwNDE1Ng==	7	-1	-1	-1	-1	-1	-1	-1	-1	-1	-1	-1	-1	-1	-1	-1	-1	-1	-1	-1	-1	-1	-1	-1	-1	-1	-1	-1	-1	-1
XMTQyMjU4NDE3Ng==	82	129	131	-1	-1	-1	-1	-1	-1	-1	-1	-1	-1	-1	-1	-1	-1	-1	-1	-1	-1	-1	-1	-1	-1	-1	-1	-1	-1	-1
XMTQyMTQ2OTIyOA==	12	13	13	12	12	13	13	13	14	14	14	14	14	14	14	14	14	16	17	17	-1	-1	-1	-1	-1	-1	-1	-1	-1	-1
XMTQyMjA3NTQwNA==	24	27	30	38	-1	-1	-1	-1	-1	-1	-1	-1	-1	-1	-1	-1	-1	-1	-1	-1	-1	-1	-1	-1	-1	-1	-1	-1	-1	-1
XMTQyMjE4MDg2MA==	17	37	-1	-1	-1	-1	-1	-1	-1	-1	-1	-1	-1	-1	-1	-1	-1	-1	-1	-1	-1	-1	-1	-1	-1	-1	-1	-1	-1	-1
XMTQyMTE5Nzk2OA==	35	43	46	50	60	65	-1	-1	-1	-1	-1	-1	-1	-1	-1	-1	-1	-1	-1	-1	-1	-1	-1	-1	-1	-1	-1	-1	-1	-1
XMTQyMTg2MTAyOA==	12	13	14	14	14	14	14	14	14	14	14	14	14	14	14	14	14	14	14	14	14	-1	-1	-1	-1	-1	-1	-1	-1	-1
XMTQyMTM2NjI5Ng==	4	4	4	4	4	4	-1	-1	-1	-1	-1	-1	-1	-1	-1	-1	-1	-1	-1	-1	-1	-1	-1	-1	-1	-1	-1	-1	-1	-1
XMTQyMjQzNjY4MA==	5	-1	-1	-1	-1	-1	-1	-1	-1	-1	-1	-1	-1	-1	-1	-1	-1	-1	-1	-1	-1	-1	-1	-1	-1	-1	-1	-1	-1	-1
XMTQyMTIwMDY5Mg==	8	8	8	8	8	8	8	8	8	8	8	8	8	8	8	8	8	8	8	8	-1	-1	-1	-1	-1	-1	-1	-1	-1	-1
XMTQyMTQ5OTYwOA==	237	254	255	262	265	267	268	270	271	274	274	275	281	284	284	288	288	290	-1	-1	-1	-1	-1	-1	-1	-1	-1	-1	-1	-1
XMTQyMTIwMjY2MA==	27	27	27	27	27	28	28	28	28	28	28	28	28	28	28	28	-1	-1	-1	-1	-1	-1	-1	-1	-1	-1	-1	-1	-1	-1
XMTQyMjQwMjg1Ng==	12	18	20	18	18	18	18	18	18	18	-1	-1	-1	-1	-1	-1	-1	-1	-1	-1	-1	-1	-1	-1	-1	-1	-1	-1	-1	-1
XMTQyMTU2NTE3Ng==	8	8	8	8	9	10	10	11	16	18	18	18	-1	-1	-1	-1	-1	-1	-1	-1	-1	-1	-1	-1	-1	-1	-1	-1	-1	-1
XMTQyMTYyNTkyOA==	61	65	66	63	-1	-1	-1	-1	-1	-1	-1	-1	-1	-1	-1	-1	-1	-1	-1	-1	-1	-1	-1	-1	-1	-1	-1	-1	-1	-1
XMTQyMjA4MDMxNg==	14	22	23	25	25	25	27	31	31	31	30	30	30	30	30	30	30	30	30	31	-1	-1	-1	-1	-1	-1	-1	-1	-1	-1
XMTQyMTg2NTg3Mg==	36	39	40	41	41	41	41	41	41	41	42	42	42	42	42	42	42	42	42	42	42	42	42	42	42	42	-1	-1	-1	-1
XMTQyMTQ3NjUzMg==	92	117	119	125	129	139	148	150	151	151	153	153	154	154	156	157	160	161	163	170	174	176	179	180	178	177	180	184	185	-1
XMTQyMTkxNTc0OA==	51	55	60	65	67	67	68	68	69	70	71	71	77	79	81	-1	-1	-1	-1	-1	-1	-1	-1	-1	-1	-1	-1	-1	-1	-1
XMTQyMTc2MzE0MA==	207	-1	-1	-1	-1	-1	-1	-1	-1	-1	-1	-1	-1	-1	-1	-1	-1	-1	-1	-1	-1	-1	-1	-1	-1	-1	-1	-1	-1	-1
XMTQyMTYwMzI4MA==	35	43	43	43	42	42	42	42	-1	-1	-1	-1	-1	-1	-1	-1	-1	-1	-1	-1	-1	-1	-1	-1	-1	-1	-1	-1	-1	-1
XMTQyMTYwNDM5Mg==	1	-1	-1	-1	-1	-1	-1	-1	-1	-1	-1	-1	-1	-1	-1	-1	-1	-1	-1	-1	-1	-1	-1	-1	-1	-1	-1	-1	-1	-1
XMTQyMTcwMjQ2NA==	21	22	22	22	22	26	38	77	83	83	84	84	84	-1	-1	-1	-1	-1	-1	-1	-1	-1	-1	-1	-1	-1	-1	-1	-1	-1
XMTQyMjE1MTgyOA==	161	-1	-1	-1	-1	-1	-1	-1	-1	-1	-1	-1	-1	-1	-1	-1	-1	-1	-1	-1	-1	-1	-1	-1	-1	-1	-1	-1	-1	-1
XMTQyMTkyODMxMg==	34	38	41	46	48	52	53	54	52	53	54	54	-1	-1	-1	-1	-1	-1	-1	-1	-1	-1	-1	-1	-1	-1	-1	-1	-1	-1
XMTQyMTkwNDA4OA==	7	-1	-1	-1	-1	-1	-1	-1	-1	-1	-1	-1	-1	-1	-1	-1	-1	-1	-1	-1	-1	-1	-1	-1	-1	-1	-1	-1	-1	-1
XMTQyMTg1MDM4OA==	-1	-1	-1	-1	-1	-1	-1	-1	-1	-1	-1	-1	-1	-1	-1	-1	-1	-1	-1	-1	-1	-1	-1	-1	-1	-1	-1	-1	-1	-1
XMTQyMjAwOTQ1Mg==	19	23	23	60	84	86	87	89	91	92	93	96	98	99	102	105	106	109	111	116	114	112	111	111	111	-1	-1	-1	-1	-1
XMTQyMjE5NTYwNA==	21	-1	-1	-1	-1	-1	-1	-1	-1	-1	-1	-1	-1	-1	-1	-1	-1	-1	-1	-1	-1	-1	-1	-1	-1	-1	-1	-1	-1	-1
XMTQyMjc3MzI5Mg==	7	11	11	23	62	62	-1	-1	-1	-1	-1	-1	-1	-1	-1	-1	-1	-1	-1	-1	-1	-1	-1	-1	-1	-1	-1	-1	-1	-1
XMTQyMTk5MjA2NA==	43	-1	-1	-1	-1	-1	-1	-1	-1	-1	-1	-1	-1	-1	-1	-1	-1	-1	-1	-1	-1	-1	-1	-1	-1	-1	-1	-1	-1	-1
XMTQyMTc5MDEwNA==	313	337	354	357	367	371	371	386	388	389	392	392	392	397	412	413	414	415	417	417	417	417	417	418	418	-1	-1	-1	-1	-1
XMTQyMTgwNTAzNg==	112	116	116	115	115	-1	-1	-1	-1	-1	-1	-1	-1	-1	-1	-1	-1	-1	-1	-1	-1	-1	-1	-1	-1	-1	-1	-1	-1	-1
XMTQyMTg0MzExNg==	23	-1	-1	-1	-1	-1	-1	-1	-1	-1	-1	-1	-1	-1	-1	-1	-1	-1	-1	-1	-1	-1	-1	-1	-1	-1	-1	-1	-1	-1
XMTQyMTIwMTcyNA==	63	-1	-1	-1	-1	-1	-1	-1	-1	-1	-1	-1	-1	-1	-1	-1	-1	-1	-1	-1	-1	-1	-1	-1	-1	-1	-1	-1	-1	-1
XMTQyMTQyMDc5Ng==	8	-1	-1	-1	-1	-1	-1	-1	-1	-1	-1	-1	-1	-1	-1	-1	-1	-1	-1	-1	-1	-1	-1	-1	-1	-1	-1	-1	-1	-1
XMTQyMjA5NTgyMA==	8	9	9	-1	-1	-1	-1	-1	-1	-1	-1	-1	-1	-1	-1	-1	-1	-1	-1	-1	-1	-1	-1	-1	-1	-1	-1	-1	-1	-1
XMTQyMTYyMzU4NA==	10	9	9	9	9	-1	-1	-1	-1	-1	-1	-1	-1	-1	-1	-1	-1	-1	-1	-1	-1	-1	-1	-1	-1	-1	-1	-1	-1	-1
XMTQyMTk2NTI2MA==	3	5	5	7	-1	-1	-1	-1	-1	-1	-1	-1	-1	-1	-1	-1	-1	-1	-1	-1	-1	-1	-1	-1	-1	-1	-1	-1	-1	-1
XMTQyMTU0NjU4NA==	186	-1	-1	-1	-1	-1	-1	-1	-1	-1	-1	-1	-1	-1	-1	-1	-1	-1	-1	-1	-1	-1	-1	-1	-1	-1	-1	-1	-1	-1
XMTQyMjIxMzAzNg==	2	-1	-1	-1	-1	-1	-1	-1	-1	-1	-1	-1	-1	-1	-1	-1	-1	-1	-1	-1	-1	-1	-1	-1	-1	-1	-1	-1	-1	-1
XMTQyMjQ4ODE4OA==	2	2	2	2	2	2	2	2	2	2	2	2	-1	-1	-1	-1	-1	-1	-1	-1	-1	-1	-1	-1	-1	-1	-1	-1	-1	-1
XMTQyMjI3MjUyOA==	4	7	7	6	6	6	6	6	6	6	-1	-1	-1	-1	-1	-1	-1	-1	-1	-1	-1	-1	-1	-1	-1	-1	-1	-1	-1	-1
XMTQyMTkzODEzMg==	18	24	24	25	24	25	26	25	25	25	25	26	26	26	-1	-1	-1	-1	-1	-1	-1	-1	-1	-1	-1	-1	-1	-1	-1	-1
XMTQyMjE2ODA3Mg==	28	28	28	26	26	26	-1	-1	-1	-1	-1	-1	-1	-1	-1	-1	-1	-1	-1	-1	-1	-1	-1	-1	-1	-1	-1	-1	-1	-1
XMTQyMTgzMTY2NA==	12	12	12	12	12	12	12	12	12	12	-1	-1	-1	-1	-1	-1	-1	-1	-1	-1	-1	-1	-1	-1	-1	-1	-1	-1	-1	-1
XMTQyMjA1NTUyOA==	6	6	-1	-1	-1	-1	-1	-1	-1	-1	-1	-1	-1	-1	-1	-1	-1	-1	-1	-1	-1	-1	-1	-1	-1	-1	-1	-1	-1	-1
XMTQyMTM3MTU4OA==	26	32	32	88	2193	-1	-1	-1	-1	-1	-1	-1	-1	-1	-1	-1	-1	-1	-1	-1	-1	-1	-1	-1	-1	-1	-1	-1	-1	-1
XMTQyMTYyNjExMg==	3	-1	-1	-1	-1	-1	-1	-1	-1	-1	-1	-1	-1	-1	-1	-1	-1	-1	-1	-1	-1	-1	-1	-1	-1	-1	-1	-1	-1	-1
XMTQyMjA3NzE0NA==	-1	-1	-1	-1	-1	-1	-1	-1	-1	-1	-1	-1	-1	-1	-1	-1	-1	-1	-1	-1	-1	-1	-1	-1	-1	-1	-1	-1	-1	-1
XMTQyMjA3NDQyMA==	8	-1	-1	-1	-1	-1	-1	-1	-1	-1	-1	-1	-1	-1	-1	-1	-1	-1	-1	-1	-1	-1	-1	-1	-1	-1	-1	-1	-1	-1
XMTQyMTIzMTAwMA==	676	805	810	820	819	823	825	827	829	834	834	834	835	837	-1	-1	-1	-1	-1	-1	-1	-1	-1	-1	-1	-1	-1	-1	-1	-1
XMTQyMTg4NTkzMg==	298	505	539	589	647	708	748	-1	-1	-1	-1	-1	-1	-1	-1	-1	-1	-1	-1	-1	-1	-1	-1	-1	-1	-1	-1	-1	-1	-1
XMTQyMTUzMzg0NA==	129	176	187	201	204	206	211	213	214	217	227	233	238	242	244	249	250	250	257	258	261	262	263	263	265	265	-1	-1	-1	-1
XMTQyMjQ4MTEwMA==	107046	413438	413439	233318	-1	-1	-1	-1	-1	-1	-1	-1	-1	-1	-1	-1	-1	-1	-1	-1	-1	-1	-1	-1	-1	-1	-1	-1	-1	-1
XMTQyMTMyMDk4NA==	4	16	20	24	25	24	24	24	24	24	25	25	25	26	28	32	41	48	-1	-1	-1	-1	-1	-1	-1	-1	-1	-1	-1	-1
XMTQyMjcyMDE0MA==	17	-1	-1	-1	-1	-1	-1	-1	-1	-1	-1	-1	-1	-1	-1	-1	-1	-1	-1	-1	-1	-1	-1	-1	-1	-1	-1	-1	-1	-1
XMTQyMTIzMDI0OA==	63458	79050	84285	94755	98960	103543	106947	108933	109906	110557	111256	111629	112099	112410	112766	113020	113206	113356	113494	113587	113648	113745	113815	113877	113973	114034	114093	114161	-1	-1
XMTQyMTQ1NzQyNA==	74	76	76	80	80	85	95	101	103	105	110	113	113	113	113	114	116	117	118	-1	-1	-1	-1	-1	-1	-1	-1	-1	-1	-1
XMTQyMjA2MjU4OA==	73	635	869	965	1017	-1	-1	-1	-1	-1	-1	-1	-1	-1	-1	-1	-1	-1	-1	-1	-1	-1	-1	-1	-1	-1	-1	-1	-1	-1
XMTQyMTg1NzM1Ng==	11	12	13	-1	-1	-1	-1	-1	-1	-1	-1	-1	-1	-1	-1	-1	-1	-1	-1	-1	-1	-1	-1	-1	-1	-1	-1	-1	-1	-1
XMTQyMjU4NTc0OA==	4	-1	-1	-1	-1	-1	-1	-1	-1	-1	-1	-1	-1	-1	-1	-1	-1	-1	-1	-1	-1	-1	-1	-1	-1	-1	-1	-1	-1	-1
XMTQyMjA3ODUyNA==	15	15	15	15	15	15	15	15	15	15	15	15	-1	-1	-1	-1	-1	-1	-1	-1	-1	-1	-1	-1	-1	-1	-1	-1	-1	-1
XMTQyMjAxMDk1Ng==	5	7	7	8	7	7	7	7	8	8	8	8	8	10	11	13	27	32	-1	-1	-1	-1	-1	-1	-1	-1	-1	-1	-1	-1
XMTQyMjU0Nzk2OA==	6	10	10	10	11	11	11	11	11	11	11	11	11	12	13	14	14	14	14	14	14	14	14	14	14	14	14	14	-1	-1
XMTQyMjA3OTY4OA==	95	-1	-1	-1	-1	-1	-1	-1	-1	-1	-1	-1	-1	-1	-1	-1	-1	-1	-1	-1	-1	-1	-1	-1	-1	-1	-1	-1	-1	-1
XMTQyMTY0MTg5Mg==	581	910	962	1043	1080	1098	1111	1125	1149	1164	1182	1187	1192	1198	1210	1225	1256	1267	1269	1280	1289	1301	-1	-1	-1	-1	-1	-1	-1	-1
XMTQyMTY3ODcwMA==	19	21	23	23	24	27	28	29	29	29	29	29	32	32	32	33	34	34	34	33	33	34	34	34	-1	-1	-1	-1	-1	-1
XMTQyMTQ3MzI2NA==	18	-1	-1	-1	-1	-1	-1	-1	-1	-1	-1	-1	-1	-1	-1	-1	-1	-1	-1	-1	-1	-1	-1	-1	-1	-1	-1	-1	-1	-1
XMTQyMjI2NjgyMA==	1208	1676	1972	2023	2079	2094	2116	-1	-1	-1	-1	-1	-1	-1	-1	-1	-1	-1	-1	-1	-1	-1	-1	-1	-1	-1	-1	-1	-1	-1
XMTQyMTg0Mjc5Ng==	41	46	48	51	51	51	51	51	51	51	53	53	52	51	-1	-1	-1	-1	-1	-1	-1	-1	-1	-1	-1	-1	-1	-1	-1	-1
XMTQyMTYwMjgxMg==	265	615	819	1210	-1	-1	-1	-1	-1	-1	-1	-1	-1	-1	-1	-1	-1	-1	-1	-1	-1	-1	-1	-1	-1	-1	-1	-1	-1	-1
XMTQyMTk3ODA0MA==	369	919	1072	1346	-1	-1	-1	-1	-1	-1	-1	-1	-1	-1	-1	-1	-1	-1	-1	-1	-1	-1	-1	-1	-1	-1	-1	-1	-1	-1
XMTQyMTc2Mjk0OA==	21	25	26	26	26	27	27	27	27	27	28	-1	-1	-1	-1	-1	-1	-1	-1	-1	-1	-1	-1	-1	-1	-1	-1	-1	-1	-1
XMTQyMTIzOTg2OA==	85	76	76	77	80	80	80	80	-1	-1	-1	-1	-1	-1	-1	-1	-1	-1	-1	-1	-1	-1	-1	-1	-1	-1	-1	-1	-1	-1
XMTQyMjUzNzk1Mg==	24	-1	-1	-1	-1	-1	-1	-1	-1	-1	-1	-1	-1	-1	-1	-1	-1	-1	-1	-1	-1	-1	-1	-1	-1	-1	-1	-1	-1	-1
XMTQyMjgwMzE4OA==	1	22	25	27	27	28	28	28	28	28	29	29	29	31	33	-1	-1	-1	-1	-1	-1	-1	-1	-1	-1	-1	-1	-1	-1	-1
XMTQyMTQxNjA0NA==	16559	30483	41761	62754	103086	144210	152123	164578	170248	187458	224026	235649	258902	279797	-1	-1	-1	-1	-1	-1	-1	-1	-1	-1	-1	-1	-1	-1	-1	-1
XMTQyMjA5MjEwOA==	33	34	34	33	34	-1	-1	-1	-1	-1	-1	-1	-1	-1	-1	-1	-1	-1	-1	-1	-1	-1	-1	-1	-1	-1	-1	-1	-1	-1
XMTQyMTE4Mjc4NA==	77	102	104	-1	-1	-1	-1	-1	-1	-1	-1	-1	-1	-1	-1	-1	-1	-1	-1	-1	-1	-1	-1	-1	-1	-1	-1	-1	-1	-1
XMTQyMjQyNTg0OA==	2063015	-1	-1	-1	-1	-1	-1	-1	-1	-1	-1	-1	-1	-1	-1	-1	-1	-1	-1	-1	-1	-1	-1	-1	-1	-1	-1	-1	-1	-1
XMTQyMTU0NDQ1Ng==	63	-1	-1	-1	-1	-1	-1	-1	-1	-1	-1	-1	-1	-1	-1	-1	-1	-1	-1	-1	-1	-1	-1	-1	-1	-1	-1	-1	-1	-1
XMTQyMTI3NjExNg==	8	5	5	5	5	5	5	5	5	-1	-1	-1	-1	-1	-1	-1	-1	-1	-1	-1	-1	-1	-1	-1	-1	-1	-1	-1	-1	-1
XMTQyMjE3MTI4MA==	291	375	375	370	364	-1	-1	-1	-1	-1	-1	-1	-1	-1	-1	-1	-1	-1	-1	-1	-1	-1	-1	-1	-1	-1	-1	-1	-1	-1
XMTQyMTc5NTQzNg==	172	270	303	372	418	482	560	613	634	669	711	724	729	736	748	783	-1	-1	-1	-1	-1	-1	-1	-1	-1	-1	-1	-1	-1	-1
XMTQyMTU0MzIxMg==	15	15	15	15	15	15	15	-1	-1	-1	-1	-1	-1	-1	-1	-1	-1	-1	-1	-1	-1	-1	-1	-1	-1	-1	-1	-1	-1	-1
XMTQyMTMyOTk2MA==	10	13	13	13	13	13	13	13	13	13	-1	-1	-1	-1	-1	-1	-1	-1	-1	-1	-1	-1	-1	-1	-1	-1	-1	-1	-1	-1
XMTQyMTk2MDM0NA==	8	8	8	8	8	-1	-1	-1	-1	-1	-1	-1	-1	-1	-1	-1	-1	-1	-1	-1	-1	-1	-1	-1	-1	-1	-1	-1	-1	-1
XMTQyMjEwNDQ4MA==	36	41	41	-1	-1	-1	-1	-1	-1	-1	-1	-1	-1	-1	-1	-1	-1	-1	-1	-1	-1	-1	-1	-1	-1	-1	-1	-1	-1	-1
XMTQyMjE4NTE2OA==	633	814	821	807	804	-1	-1	-1	-1	-1	-1	-1	-1	-1	-1	-1	-1	-1	-1	-1	-1	-1	-1	-1	-1	-1	-1	-1	-1	-1
XMTQyMTg1OTIwMA==	410	483	496	519	523	523	528	536	547	555	565	568	568	571	570	572	577	581	581	581	-1	-1	-1	-1	-1	-1	-1	-1	-1	-1
XMTQyMTUyNTc1Ng==	28	30	34	34	36	36	-1	-1	-1	-1	-1	-1	-1	-1	-1	-1	-1	-1	-1	-1	-1	-1	-1	-1	-1	-1	-1	-1	-1	-1
XMTQyMjA3Mjc2MA==	13	15	-1	-1	-1	-1	-1	-1	-1	-1	-1	-1	-1	-1	-1	-1	-1	-1	-1	-1	-1	-1	-1	-1	-1	-1	-1	-1	-1	-1
XMTQyMTcxMzQxNg==	463	494	500	546	548	-1	-1	-1	-1	-1	-1	-1	-1	-1	-1	-1	-1	-1	-1	-1	-1	-1	-1	-1	-1	-1	-1	-1	-1	-1
XMTQyMTIyODI0MA==	93	81	82	82	85	85	85	88	90	92	98	99	104	-1	-1	-1	-1	-1	-1	-1	-1	-1	-1	-1	-1	-1	-1	-1	-1	-1
XMTQyMTkwNjg1Ng==	3	2	2	3	3	3	3	3	3	3	4	5	5	6	7	7	13	21	-1	-1	-1	-1	-1	-1	-1	-1	-1	-1	-1	-1
XMTQyMTkyMzgyMA==	41	41	41	41	41	41	41	41	41	41	41	41	41	41	41	41	41	41	41	-1	-1	-1	-1	-1	-1	-1	-1	-1	-1	-1
XMTQyMTMxNjgyOA==	63	70	73	76	86	89	94	95	97	100	-1	-1	-1	-1	-1	-1	-1	-1	-1	-1	-1	-1	-1	-1	-1	-1	-1	-1	-1	-1
XMTQyMTczMTQ3Ng==	5	5	5	5	5	5	6	7	8	9	10	10	10	10	10	16	22	28	-1	-1	-1	-1	-1	-1	-1	-1	-1	-1	-1	-1
XMTQyMTQyMTc5Ng==	7	8	8	8	8	8	8	8	8	8	8	8	8	8	8	8	8	8	8	-1	-1	-1	-1	-1	-1	-1	-1	-1	-1	-1
XMTQyMjQwMzkzMg==	43	77	82	85	87	89	117	122	122	126	127	-1	-1	-1	-1	-1	-1	-1	-1	-1	-1	-1	-1	-1	-1	-1	-1	-1	-1	-1
XMTQyMTUzODQwOA==	134	145	148	149	156	170	-1	-1	-1	-1	-1	-1	-1	-1	-1	-1	-1	-1	-1	-1	-1	-1	-1	-1	-1	-1	-1	-1	-1	-1
XMTQyMTgwMDYyMA==	49	48	49	49	63	86	88	87	88	88	88	88	88	89	89	93	-1	-1	-1	-1	-1	-1	-1	-1	-1	-1	-1	-1	-1	-1
XMTQyMjA1MjY4MA==	7	4	4	3	3	3	3	3	3	-1	-1	-1	-1	-1	-1	-1	-1	-1	-1	-1	-1	-1	-1	-1	-1	-1	-1	-1	-1	-1
XMTQyMTYwOTAyMA==	6	19	23	23	23	23	24	-1	-1	-1	-1	-1	-1	-1	-1	-1	-1	-1	-1	-1	-1	-1	-1	-1	-1	-1	-1	-1	-1	-1
XMTQyMjAyMDQ4MA==	29	28	28	26	26	-1	-1	-1	-1	-1	-1	-1	-1	-1	-1	-1	-1	-1	-1	-1	-1	-1	-1	-1	-1	-1	-1	-1	-1	-1
XMTQyMjE3NTA5Mg==	1296	3559	3836	4155	4271	4322	-1	-1	-1	-1	-1	-1	-1	-1	-1	-1	-1	-1	-1	-1	-1	-1	-1	-1	-1	-1	-1	-1	-1	-1
XMTQyMTM2MjU3Ng==	186	206	211	218	234	240	242	246	252	256	257	259	260	265	266	267	269	271	271	275	275	275	275	275	277	277	277	-1	-1	-1
XMTQyMjI4Mzg0NA==	173	-1	-1	-1	-1	-1	-1	-1	-1	-1	-1	-1	-1	-1	-1	-1	-1	-1	-1	-1	-1	-1	-1	-1	-1	-1	-1	-1	-1	-1
XMTQyMTQzNDc4MA==	-1	-1	-1	-1	-1	-1	-1	-1	-1	-1	-1	-1	-1	-1	-1	-1	-1	-1	-1	-1	-1	-1	-1	-1	-1	-1	-1	-1	-1	-1
XMTQyMTc2MTQwMA==	13	13	13	14	14	14	14	15	15	15	-1	-1	-1	-1	-1	-1	-1	-1	-1	-1	-1	-1	-1	-1	-1	-1	-1	-1	-1	-1
XMTQyMjIwNTkwNA==	45	-1	-1	-1	-1	-1	-1	-1	-1	-1	-1	-1	-1	-1	-1	-1	-1	-1	-1	-1	-1	-1	-1	-1	-1	-1	-1	-1	-1	-1
XMTQyMjI2NTAyNA==	6	-1	-1	-1	-1	-1	-1	-1	-1	-1	-1	-1	-1	-1	-1	-1	-1	-1	-1	-1	-1	-1	-1	-1	-1	-1	-1	-1	-1	-1
XMTQyMTU0OTcyMA==	12	11	-1	-1	-1	-1	-1	-1	-1	-1	-1	-1	-1	-1	-1	-1	-1	-1	-1	-1	-1	-1	-1	-1	-1	-1	-1	-1	-1	-1
XMTQyMTc2MjM2OA==	2	3	5	8	10	15	15	16	19	20	20	20	22	23	23	24	25	26	26	26	26	29	29	29	30	-1	-1	-1	-1	-1
XMTQyMTk0OTQ0NA==	21	23	23	21	21	23	38	47	48	48	48	49	49	51	52	53	-1	-1	-1	-1	-1	-1	-1	-1	-1	-1	-1	-1	-1	-1
XMTQyMjE2NTUxNg==	8	-1	-1	-1	-1	-1	-1	-1	-1	-1	-1	-1	-1	-1	-1	-1	-1	-1	-1	-1	-1	-1	-1	-1	-1	-1	-1	-1	-1	-1
XMTQyMTc4NzE0OA==	7	8	10	13	14	14	14	14	15	15	16	16	16	16	16	16	16	16	16	16	16	-1	-1	-1	-1	-1	-1	-1	-1	-1
XMTQyMTYyMDg0MA==	25	160	161	162	151	146	146	146	-1	-1	-1	-1	-1	-1	-1	-1	-1	-1	-1	-1	-1	-1	-1	-1	-1	-1	-1	-1	-1	-1
XMTQyMTUyMDQ2NA==	39	43	43	44	46	-1	-1	-1	-1	-1	-1	-1	-1	-1	-1	-1	-1	-1	-1	-1	-1	-1	-1	-1	-1	-1	-1	-1	-1	-1
XMTQyMTk1ODE0OA==	-1	-1	-1	-1	-1	-1	-1	-1	-1	-1	-1	-1	-1	-1	-1	-1	-1	-1	-1	-1	-1	-1	-1	-1	-1	-1	-1	-1	-1	-1
XMTQyMTU2MTk4NA==	12	13	13	14	14	15	15	16	16	16	17	17	-1	-1	-1	-1	-1	-1	-1	-1	-1	-1	-1	-1	-1	-1	-1	-1	-1	-1
XMTQyMTUxNzUzMg==	96	91	93	98	102	105	107	115	138	144	207	261	264	271	279	312	315	316	291	293	294	297	304	353	362	365	366	366	375	-1
XMTQyMTg0ODU3Mg==	7	7	7	7	7	7	7	7	7	7	7	7	7	7	-1	-1	-1	-1	-1	-1	-1	-1	-1	-1	-1	-1	-1	-1	-1	-1
XMTQyMjQyNzA4MA==	1	1	1	0	0	0	0	0	0	0	0	0	0	0	0	0	0	0	0	0	0	0	-1	-1	-1	-1	-1	-1	-1	-1
XMTQyMTU2MDMzNg==	-1	-1	-1	-1	-1	-1	-1	-1	-1	-1	-1	-1	-1	-1	-1	-1	-1	-1	-1	-1	-1	-1	-1	-1	-1	-1	-1	-1	-1	-1
XMTQyMTIyNjE0OA==	175	205	207	215	224	227	241	249	257	269	275	283	291	298	-1	-1	-1	-1	-1	-1	-1	-1	-1	-1	-1	-1	-1	-1	-1	-1
XMTQyMjA2MDc0MA==	18	18	18	-1	-1	-1	-1	-1	-1	-1	-1	-1	-1	-1	-1	-1	-1	-1	-1	-1	-1	-1	-1	-1	-1	-1	-1	-1	-1	-1
XMTQyMTAyOTU5Mg==	32	32	33	33	33	33	33	33	33	33	33	33	33	33	33	33	33	33	33	33	33	33	33	33	33	33	33	-1	-1	-1
XMTQyMTgwMjUzNg==	83	88	89	93	200	573	612	596	587	590	598	599	601	604	605	605	-1	-1	-1	-1	-1	-1	-1	-1	-1	-1	-1	-1	-1	-1
XMTQyMTMzMzYwNA==	741	1161	1421	2023	2654	3381	4001	4633	5189	5788	6385	7077	7838	8484	9176	9790	-1	-1	-1	-1	-1	-1	-1	-1	-1	-1	-1	-1	-1	-1
XMTQyMTczNzU0MA==	5	5	5	5	5	7	8	10	10	10	10	10	10	10	10	10	11	11	11	11	11	11	11	11	11	11	11	11	-1	-1
XMTQyMTQ3MDYxMg==	54	61	64	72	79	82	84	87	89	95	98	100	101	101	102	102	102	105	105	105	-1	-1	-1	-1	-1	-1	-1	-1	-1	-1
XMTQyMjE0MjUwMA==	256	511	526	538	-1	-1	-1	-1	-1	-1	-1	-1	-1	-1	-1	-1	-1	-1	-1	-1	-1	-1	-1	-1	-1	-1	-1	-1	-1	-1
XMTQyMjM1ODA2NA==	177	-1	-1	-1	-1	-1	-1	-1	-1	-1	-1	-1	-1	-1	-1	-1	-1	-1	-1	-1	-1	-1	-1	-1	-1	-1	-1	-1	-1	-1
XMTQyMTU3NzY2NA==	7	7	7	8	8	9	10	10	10	10	10	10	-1	-1	-1	-1	-1	-1	-1	-1	-1	-1	-1	-1	-1	-1	-1	-1	-1	-1
XMTQyMTQ3ODI4MA==	230	234	235	240	-1	-1	-1	-1	-1	-1	-1	-1	-1	-1	-1	-1	-1	-1	-1	-1	-1	-1	-1	-1	-1	-1	-1	-1	-1	-1
XMTQyMTc3MzM4MA==	7	10	10	11	12	12	12	12	14	20	23	23	24	27	28	29	31	33	33	33	-1	-1	-1	-1	-1	-1	-1	-1	-1	-1
XMTQyMjIxMDI1Mg==	9	14	14	12	13	13	13	16	16	16	16	-1	-1	-1	-1	-1	-1	-1	-1	-1	-1	-1	-1	-1	-1	-1	-1	-1	-1	-1
XMTQyMjY5OTk5Ng==	75776	535643	535645	330660	-1	-1	-1	-1	-1	-1	-1	-1	-1	-1	-1	-1	-1	-1	-1	-1	-1	-1	-1	-1	-1	-1	-1	-1	-1	-1
XMTQyMjMxMjQ0NA==	3	5	5	5	-1	-1	-1	-1	-1	-1	-1	-1	-1	-1	-1	-1	-1	-1	-1	-1	-1	-1	-1	-1	-1	-1	-1	-1	-1	-1
XMTQyMTk0NTk0OA==	13	14	14	16	16	16	15	15	15	15	15	15	15	-1	-1	-1	-1	-1	-1	-1	-1	-1	-1	-1	-1	-1	-1	-1	-1	-1
XMTQyMTIyMzQwOA==	197	-1	-1	-1	-1	-1	-1	-1	-1	-1	-1	-1	-1	-1	-1	-1	-1	-1	-1	-1	-1	-1	-1	-1	-1	-1	-1	-1	-1	-1
XMTQyMjA3OTgwMA==	152	186	188	194	-1	-1	-1	-1	-1	-1	-1	-1	-1	-1	-1	-1	-1	-1	-1	-1	-1	-1	-1	-1	-1	-1	-1	-1	-1	-1
XMTQyMTU4MDc3Ng==	545	933	944	957	-1	-1	-1	-1	-1	-1	-1	-1	-1	-1	-1	-1	-1	-1	-1	-1	-1	-1	-1	-1	-1	-1	-1	-1	-1	-1
XMTQyMjU0OTg0MA==	-1	-1	-1	-1	-1	-1	-1	-1	-1	-1	-1	-1	-1	-1	-1	-1	-1	-1	-1	-1	-1	-1	-1	-1	-1	-1	-1	-1	-1	-1
XMTQyMTQ0NDUyNA==	133	140	142	147	149	162	165	167	168	168	169	170	172	172	171	171	171	171	171	171	-1	-1	-1	-1	-1	-1	-1	-1	-1	-1
XMTQyMjM5MzEzMg==	657	-1	-1	-1	-1	-1	-1	-1	-1	-1	-1	-1	-1	-1	-1	-1	-1	-1	-1	-1	-1	-1	-1	-1	-1	-1	-1	-1	-1	-1
XMTQyMjAwMTAxNg==	20	111	119	127	142	148	171	179	180	-1	-1	-1	-1	-1	-1	-1	-1	-1	-1	-1	-1	-1	-1	-1	-1	-1	-1	-1	-1	-1
XMTQyMTQ2ODU5Ng==	25	24	24	26	26	29	30	30	31	33	34	34	34	35	38	38	38	38	39	39	-1	-1	-1	-1	-1	-1	-1	-1	-1	-1
XMTQyMTk0NzgzNg==	45	62	79	91	98	107	106	106	109	109	109	109	109	109	109	109	109	109	109	-1	-1	-1	-1	-1	-1	-1	-1	-1	-1	-1
XMTQyMTM5Mzc0OA==	14	15	17	18	20	21	25	25	-1	-1	-1	-1	-1	-1	-1	-1	-1	-1	-1	-1	-1	-1	-1	-1	-1	-1	-1	-1	-1	-1
XMTQyMTc4ODM3Ng==	2729	-1	-1	-1	-1	-1	-1	-1	-1	-1	-1	-1	-1	-1	-1	-1	-1	-1	-1	-1	-1	-1	-1	-1	-1	-1	-1	-1	-1	-1
XMTQyMTY5MTQyNA==	32	-1	-1	-1	-1	-1	-1	-1	-1	-1	-1	-1	-1	-1	-1	-1	-1	-1	-1	-1	-1	-1	-1	-1	-1	-1	-1	-1	-1	-1
XMTQyMTMyNzUxMg==	14	14	14	14	15	19	19	19	20	20	20	20	20	20	-1	-1	-1	-1	-1	-1	-1	-1	-1	-1	-1	-1	-1	-1	-1	-1
XMTQyMjE5MzgxMg==	139	193	195	192	192	197	197	199	200	201	201	204	204	205	205	205	205	207	-1	-1	-1	-1	-1	-1	-1	-1	-1	-1	-1	-1
XMTQyMTg2MjM3Mg==	451	532	542	562	577	586	594	604	616	632	639	649	668	672	-1	-1	-1	-1	-1	-1	-1	-1	-1	-1	-1	-1	-1	-1	-1	-1
XMTQyMTc5MzkzMg==	2295	-1	-1	-1	-1	-1	-1	-1	-1	-1	-1	-1	-1	-1	-1	-1	-1	-1	-1	-1	-1	-1	-1	-1	-1	-1	-1	-1	-1	-1
XMTQyMTE3OTU3Ng==	285	-1	-1	-1	290	294	299	301	307	311	316	320	323	327	329	331	336	336	337	337	338	339	340	340	345	345	350	353	357	357
XMTQyMjE4ODY4MA==	16	18	18	16	16	16	16	16	16	16	16	16	16	16	16	16	16	16	16	16	16	16	16	16	-1	-1	-1	-1	-1	-1
XMTQyMjAyNDY0NA==	30	29	29	27	27	27	-1	-1	-1	-1	-1	-1	-1	-1	-1	-1	-1	-1	-1	-1	-1	-1	-1	-1	-1	-1	-1	-1	-1	-1
XMTQyMTczMzY5Ng==	10	10	10	10	10	-1	-1	-1	-1	-1	-1	-1	-1	-1	-1	-1	-1	-1	-1	-1	-1	-1	-1	-1	-1	-1	-1	-1	-1	-1
XMTQyMTM1OTU5Mg==	11	11	11	12	12	13	13	13	13	13	-1	-1	-1	-1	-1	-1	-1	-1	-1	-1	-1	-1	-1	-1	-1	-1	-1	-1	-1	-1
XMTQyMTQ3MDI1Ng==	81	87	89	94	99	102	107	107	110	113	114	117	119	121	132	134	135	132	135	135	-1	-1	-1	-1	-1	-1	-1	-1	-1	-1
XMTQyMTc5ODU5Ng==	62	63	64	66	76	100	105	104	108	108	108	107	108	110	110	110	-1	-1	-1	-1	-1	-1	-1	-1	-1	-1	-1	-1	-1	-1
XMTQyMjAzNTUxNg==	21	23	23	24	25	27	27	29	29	29	29	29	-1	-1	-1	-1	-1	-1	-1	-1	-1	-1	-1	-1	-1	-1	-1	-1	-1	-1
XMTQyMjA0ODQzNg==	10	188	-1	-1	-1	-1	-1	-1	-1	-1	-1	-1	-1	-1	-1	-1	-1	-1	-1	-1	-1	-1	-1	-1	-1	-1	-1	-1	-1	-1
XMTQyMTIyNzU0OA==	71	114	118	119	-1	-1	-1	-1	-1	-1	-1	-1	-1	-1	-1	-1	-1	-1	-1	-1	-1	-1	-1	-1	-1	-1	-1	-1	-1	-1
XMTQyMDg4NzExNg==	34	112	139	205	239	262	301	363	431	478	512	544	571	-1	-1	-1	-1	-1	-1	-1	-1	-1	-1	-1	-1	-1	-1	-1	-1	-1
XMTQyMjI1NjI3Mg==	27	43	44	-1	-1	-1	-1	-1	-1	-1	-1	-1	-1	-1	-1	-1	-1	-1	-1	-1	-1	-1	-1	-1	-1	-1	-1	-1	-1	-1
XMTQyMTY2NTQ1Ng==	1309	2001	2051	2132	2163	2197	2210	2234	2278	-1	-1	-1	-1	-1	-1	-1	-1	-1	-1	-1	-1	-1	-1	-1	-1	-1	-1	-1	-1	-1
XMTQyMjY2OTI4OA==	7	13	13	11	11	11	-1	-1	-1	-1	-1	-1	-1	-1	-1	-1	-1	-1	-1	-1	-1	-1	-1	-1	-1	-1	-1	-1	-1	-1
XMTQyMTQ3NDA0OA==	3	-1	-1	-1	-1	-1	-1	-1	-1	-1	-1	-1	-1	-1	-1	-1	-1	-1	-1	-1	-1	-1	-1	-1	-1	-1	-1	-1	-1	-1
XMTQyMjY3NzAzMg==	8	-1	-1	-1	-1	-1	-1	-1	-1	-1	-1	-1	-1	-1	-1	-1	-1	-1	-1	-1	-1	-1	-1	-1	-1	-1	-1	-1	-1	-1
XMTQyMTI5NjU1Ng==	367	296	306	304	309	-1	-1	-1	-1	-1	-1	-1	-1	-1	-1	-1	-1	-1	-1	-1	-1	-1	-1	-1	-1	-1	-1	-1	-1	-1
XMTQyMTUyNDIxMg==	108	132	133	137	143	144	144	145	145	149	149	150	150	156	156	156	156	156	157	157	157	157	157	-1	-1	-1	-1	-1	-1	-1
XMTQyMTU5MTI2MA==	27	32	32	39	40	43	-1	-1	-1	-1	-1	-1	-1	-1	-1	-1	-1	-1	-1	-1	-1	-1	-1	-1	-1	-1	-1	-1	-1	-1
XMTQyMjAzNzYxMg==	619	655	656	658	664	-1	-1	-1	-1	-1	-1	-1	-1	-1	-1	-1	-1	-1	-1	-1	-1	-1	-1	-1	-1	-1	-1	-1	-1	-1
XMTQyMTkwMjYwMA==	567	723	738	758	779	788	804	810	816	820	824	833	851	856	860	862	865	866	867	870	872	873	876	877	883	885	887	889	-1	-1
XMTQyMTU0MTk3Mg==	15	16	17	19	19	19	19	19	19	19	19	19	19	20	20	20	20	20	20	20	20	20	20	20	-1	-1	-1	-1	-1	-1
XMTQyMTM0NjM5Mg==	53	55	55	56	57	57	57	57	57	58	58	-1	-1	-1	-1	-1	-1	-1	-1	-1	-1	-1	-1	-1	-1	-1	-1	-1	-1	-1
XMTQyMTI4MjI2MA==	379	-1	-1	-1	383	390	390	399	410	415	425	429	433	437	445	451	458	467	468	478	482	487	493	509	525	534	542	561	579	594
XMTQyMjExNzM1Ng==	14	17	17	23	27	32	33	34	34	34	34	35	37	37	37	37	37	37	38	-1	-1	-1	-1	-1	-1	-1	-1	-1	-1	-1
XMTQyMjA1MjY0NA==	6	11	14	16	17	18	18	18	21	22	22	23	23	24	25	25	26	27	28	28	28	28	29	-1	-1	-1	-1	-1	-1	-1
XMTQyMTIwMDkzNg==	1224	1495	1551	1646	1690	1726	1755	1782	1816	1840	1858	1875	1891	-1	-1	-1	-1	-1	-1	-1	-1	-1	-1	-1	-1	-1	-1	-1	-1	-1
XMTQyMTQwNjAyNA==	21	22	23	25	31	31	33	34	34	35	-1	-1	-1	-1	-1	-1	-1	-1	-1	-1	-1	-1	-1	-1	-1	-1	-1	-1	-1	-1
XMTQyMTI1NjMxMg==	88	120	120	128	137	143	144	146	147	148	151	152	153	154	159	159	160	162	163	166	170	-1	-1	-1	-1	-1	-1	-1	-1	-1
XMTQyMTUyODg4MA==	1060	2104	2430	3061	-1	-1	-1	-1	-1	-1	-1	-1	-1	-1	-1	-1	-1	-1	-1	-1	-1	-1	-1	-1	-1	-1	-1	-1	-1	-1
XMTQyMTkwMDk2OA==	8	-1	-1	-1	-1	-1	-1	-1	-1	-1	-1	-1	-1	-1	-1	-1	-1	-1	-1	-1	-1	-1	-1	-1	-1	-1	-1	-1	-1	-1
XMTQyMTQ2MTU3Ng==	11	11	12	12	12	12	12	12	12	12	13	-1	-1	-1	-1	-1	-1	-1	-1	-1	-1	-1	-1	-1	-1	-1	-1	-1	-1	-1
XMTQyMTA5MDk0OA==	5	5	5	5	5	5	5	5	5	5	5	5	5	5	5	5	5	5	5	5	5	5	5	-1	-1	-1	-1	-1	-1	-1
XMTQyMjA3NDM0OA==	6	6	6	6	6	-1	-1	-1	-1	-1	-1	-1	-1	-1	-1	-1	-1	-1	-1	-1	-1	-1	-1	-1	-1	-1	-1	-1	-1	-1
XMTQyMjY2NTg3Ng==	4	-1	-1	-1	-1	-1	-1	-1	-1	-1	-1	-1	-1	-1	-1	-1	-1	-1	-1	-1	-1	-1	-1	-1	-1	-1	-1	-1	-1	-1
XMTQyMjc2MDE2OA==	8	23	23	27	-1	-1	-1	-1	-1	-1	-1	-1	-1	-1	-1	-1	-1	-1	-1	-1	-1	-1	-1	-1	-1	-1	-1	-1	-1	-1
XMTQyMjI4MTA1Ng==	-1	-1	-1	-1	-1	-1	-1	-1	-1	-1	-1	-1	-1	-1	-1	-1	-1	-1	-1	-1	-1	-1	-1	-1	-1	-1	-1	-1	-1	-1
XMTQyMTcxNTI0MA==	149	214	229	237	240	240	245	247	247	247	247	250	250	251	252	252	252	252	252	252	252	252	254	256	256	257	257	257	-1	-1
XMTQyMTU2Njg4MA==	14	14	14	14	14	14	14	15	16	18	18	18	-1	-1	-1	-1	-1	-1	-1	-1	-1	-1	-1	-1	-1	-1	-1	-1	-1	-1
XMTQyMTg2NjkzMg==	14	-1	-1	-1	-1	-1	-1	-1	-1	-1	-1	-1	-1	-1	-1	-1	-1	-1	-1	-1	-1	-1	-1	-1	-1	-1	-1	-1	-1	-1
XMTQyMTc5NzMyMA==	180	217	223	237	239	245	251	260	265	270	272	-1	-1	-1	-1	-1	-1	-1	-1	-1	-1	-1	-1	-1	-1	-1	-1	-1	-1	-1
XMTQyMjM4NTgwNA==	2	2	2	2	2	2	2	2	2	2	2	2	-1	-1	-1	-1	-1	-1	-1	-1	-1	-1	-1	-1	-1	-1	-1	-1	-1	-1
XMTQyMjA1OTUyOA==	68	80	82	83	-1	-1	-1	-1	-1	-1	-1	-1	-1	-1	-1	-1	-1	-1	-1	-1	-1	-1	-1	-1	-1	-1	-1	-1	-1	-1
XMTQyMTQ2ODk1Mg==	5	5	5	5	5	5	5	5	6	6	6	6	6	6	6	6	6	6	6	6	-1	-1	-1	-1	-1	-1	-1	-1	-1	-1
XMTQyMTkxMjcwMA==	369	-1	-1	-1	-1	-1	-1	-1	-1	-1	-1	-1	-1	-1	-1	-1	-1	-1	-1	-1	-1	-1	-1	-1	-1	-1	-1	-1	-1	-1
XMTQyMTgxNTE3Ng==	24	35	36	-1	-1	-1	-1	-1	-1	-1	-1	-1	-1	-1	-1	-1	-1	-1	-1	-1	-1	-1	-1	-1	-1	-1	-1	-1	-1	-1
XMTQyMTUzOTk0NA==	8	7	7	7	-1	-1	-1	-1	-1	-1	-1	-1	-1	-1	-1	-1	-1	-1	-1	-1	-1	-1	-1	-1	-1	-1	-1	-1	-1	-1
XMTQyMTU3MzE0NA==	49	49	49	50	51	51	51	51	-1	-1	-1	-1	-1	-1	-1	-1	-1	-1	-1	-1	-1	-1	-1	-1	-1	-1	-1	-1	-1	-1
XMTQyMTU0NTMzNg==	72	86	92	98	100	108	109	112	120	125	132	134	136	139	140	145	153	156	158	155	158	158	160	171	-1	-1	-1	-1	-1	-1
XMTQyMTMzMTc5Mg==	210	230	231	234	234	236	237	237	239	239	240	-1	-1	-1	-1	-1	-1	-1	-1	-1	-1	-1	-1	-1	-1	-1	-1	-1	-1	-1
XMTQyMTg2NjkyMA==	-1	-1	-1	-1	-1	-1	-1	-1	-1	-1	-1	-1	-1	-1	-1	-1	-1	-1	-1	-1	-1	-1	-1	-1	-1	-1	-1	-1	-1	-1
XMTQyMTIxNDM1Mg==	25	-1	-1	-1	-1	-1	-1	-1	-1	-1	-1	-1	-1	-1	-1	-1	-1	-1	-1	-1	-1	-1	-1	-1	-1	-1	-1	-1	-1	-1
XMTQyMjIyOTc0OA==	348	514	515	502	494	-1	-1	-1	-1	-1	-1	-1	-1	-1	-1	-1	-1	-1	-1	-1	-1	-1	-1	-1	-1	-1	-1	-1	-1	-1
XMTQyMTY3Mzg0NA==	22	26	26	35	73	73	74	65	65	68	68	-1	-1	-1	-1	-1	-1	-1	-1	-1	-1	-1	-1	-1	-1	-1	-1	-1	-1	-1
XMTQyMTI0NjI2NA==	236	291	293	398	473	473	460	460	-1	-1	-1	-1	-1	-1	-1	-1	-1	-1	-1	-1	-1	-1	-1	-1	-1	-1	-1	-1	-1	-1
XMTQyMTgyMDIwNA==	7	7	7	7	7	7	7	7	7	7	7	7	-1	-1	-1	-1	-1	-1	-1	-1	-1	-1	-1	-1	-1	-1	-1	-1	-1	-1
XMTQyMjE4NjY0NA==	13	-1	-1	-1	-1	-1	-1	-1	-1	-1	-1	-1	-1	-1	-1	-1	-1	-1	-1	-1	-1	-1	-1	-1	-1	-1	-1	-1	-1	-1
XMTQyMTMyMjQ5Ng==	7	7	7	6	6	6	6	6	6	6	-1	-1	-1	-1	-1	-1	-1	-1	-1	-1	-1	-1	-1	-1	-1	-1	-1	-1	-1	-1
XMTQyMDk4NTk1Mg==	50	133	144	156	164	173	181	195	217	232	247	257	262	-1	-1	-1	-1	-1	-1	-1	-1	-1	-1	-1	-1	-1	-1	-1	-1	-1
XMTQyMTUwNjk3Ng==	9	8	8	7	7	7	-1	-1	-1	-1	-1	-1	-1	-1	-1	-1	-1	-1	-1	-1	-1	-1	-1	-1	-1	-1	-1	-1	-1	-1
XMTQyMTgwMDAzMg==	35	42	43	43	54	82	85	87	89	94	100	102	107	111	113	117	-1	-1	-1	-1	-1	-1	-1	-1	-1	-1	-1	-1	-1	-1
XMTQyMjI4NDM0NA==	80	-1	-1	-1	-1	-1	-1	-1	-1	-1	-1	-1	-1	-1	-1	-1	-1	-1	-1	-1	-1	-1	-1	-1	-1	-1	-1	-1	-1	-1
XMTQyMTYyNTQ4NA==	152	169	171	172	175	178	178	179	179	179	179	179	179	181	181	182	182	182	182	183	-1	-1	-1	-1	-1	-1	-1	-1	-1	-1
XMTQyMTQ2OTQwOA==	32	33	40	89	118	121	115	117	118	119	119	119	119	120	121	121	121	121	121	121	-1	-1	-1	-1	-1	-1	-1	-1	-1	-1
XMTQyMTYwMDY0OA==	44	52	52	-1	-1	-1	-1	-1	-1	-1	-1	-1	-1	-1	-1	-1	-1	-1	-1	-1	-1	-1	-1	-1	-1	-1	-1	-1	-1	-1
XMTQyMTI2MDg2MA==	41	41	41	-1	-1	-1	-1	-1	-1	-1	-1	-1	-1	-1	-1	-1	-1	-1	-1	-1	-1	-1	-1	-1	-1	-1	-1	-1	-1	-1
XMTQyMTgxNDI0OA==	97	-1	-1	-1	-1	-1	-1	-1	-1	-1	-1	-1	-1	-1	-1	-1	-1	-1	-1	-1	-1	-1	-1	-1	-1	-1	-1	-1	-1	-1
XMTQyMTg2OTM1Mg==	90	124	142	167	177	179	179	181	181	183	183	183	183	183	183	183	183	183	184	184	184	184	184	184	-1	-1	-1	-1	-1	-1
XMTQyMTIwMDA0MA==	9	-1	-1	-1	-1	-1	-1	-1	-1	-1	-1	-1	-1	-1	-1	-1	-1	-1	-1	-1	-1	-1	-1	-1	-1	-1	-1	-1	-1	-1
XMTQyMTU1NDg1Ng==	6	-1	-1	-1	-1	-1	-1	-1	-1	-1	-1	-1	-1	-1	-1	-1	-1	-1	-1	-1	-1	-1	-1	-1	-1	-1	-1	-1	-1	-1
XMTQyMTIyNTQyOA==	220	258	260	269	269	269	267	269	269	272	273	275	278	279	-1	-1	-1	-1	-1	-1	-1	-1	-1	-1	-1	-1	-1	-1	-1	-1
XMTQyMjE0MDQ5Mg==	18	19	19	15	15	15	-1	-1	-1	-1	-1	-1	-1	-1	-1	-1	-1	-1	-1	-1	-1	-1	-1	-1	-1	-1	-1	-1	-1	-1
XMTQyMjMyNDU3Ng==	42	-1	-1	-1	-1	-1	-1	-1	-1	-1	-1	-1	-1	-1	-1	-1	-1	-1	-1	-1	-1	-1	-1	-1	-1	-1	-1	-1	-1	-1
XMTQyMjAyOTU5Mg==	60	-1	-1	-1	-1	-1	-1	-1	-1	-1	-1	-1	-1	-1	-1	-1	-1	-1	-1	-1	-1	-1	-1	-1	-1	-1	-1	-1	-1	-1
XMTQyMjAyMDU0NA==	37	39	39	39	39	-1	-1	-1	-1	-1	-1	-1	-1	-1	-1	-1	-1	-1	-1	-1	-1	-1	-1	-1	-1	-1	-1	-1	-1	-1
XMTQyMjA5ODg0NA==	6	-1	-1	-1	-1	-1	-1	-1	-1	-1	-1	-1	-1	-1	-1	-1	-1	-1	-1	-1	-1	-1	-1	-1	-1	-1	-1	-1	-1	-1
XMTQyMjIxMjQ0NA==	9	-1	-1	-1	-1	-1	-1	-1	-1	-1	-1	-1	-1	-1	-1	-1	-1	-1	-1	-1	-1	-1	-1	-1	-1	-1	-1	-1	-1	-1
XMTQyMTk3MTMwNA==	20	21	21	21	21	21	21	21	21	21	-1	-1	-1	-1	-1	-1	-1	-1	-1	-1	-1	-1	-1	-1	-1	-1	-1	-1	-1	-1
XMTQyMjI2MjAzNg==	15	-1	-1	-1	-1	-1	-1	-1	-1	-1	-1	-1	-1	-1	-1	-1	-1	-1	-1	-1	-1	-1	-1	-1	-1	-1	-1	-1	-1	-1
XMTQyMTgxODc4NA==	207	244	249	269	275	288	296	308	324	352	372	378	389	398	411	415	423	428	-1	-1	-1	-1	-1	-1	-1	-1	-1	-1	-1	-1
XMTQyMTQ1NjUwOA==	137	145	152	171	179	184	193	200	210	221	-1	-1	-1	-1	-1	-1	-1	-1	-1	-1	-1	-1	-1	-1	-1	-1	-1	-1	-1	-1
XMTQyMjgzMzcwMA==	3	6	6	6	6	6	6	6	7	7	8	8	8	8	8	-1	-1	-1	-1	-1	-1	-1	-1	-1	-1	-1	-1	-1	-1	-1
XMTQyMTYyMDAyNA==	1237	1586	1599	1621	1637	1652	1657	-1	-1	-1	-1	-1	-1	-1	-1	-1	-1	-1	-1	-1	-1	-1	-1	-1	-1	-1	-1	-1	-1	-1
XMTQyMjAwOTk4NA==	167	-1	-1	-1	-1	-1	-1	-1	-1	-1	-1	-1	-1	-1	-1	-1	-1	-1	-1	-1	-1	-1	-1	-1	-1	-1	-1	-1	-1	-1
XMTQyMTg1NDYyNA==	421	529	581	705	733	759	782	804	847	898	933	942	943	949	951	956	961	969	974	978	-1	-1	-1	-1	-1	-1	-1	-1	-1	-1
XMTQyMTQ5NzExNg==	7	9	9	9	9	9	9	9	9	9	9	-1	-1	-1	-1	-1	-1	-1	-1	-1	-1	-1	-1	-1	-1	-1	-1	-1	-1	-1
XMTQyMjAxMzkyOA==	95	120	123	125	125	128	128	128	129	-1	-1	-1	-1	-1	-1	-1	-1	-1	-1	-1	-1	-1	-1	-1	-1	-1	-1	-1	-1	-1
XMTQyMjIwNjcyNA==	11	-1	-1	-1	-1	-1	-1	-1	-1	-1	-1	-1	-1	-1	-1	-1	-1	-1	-1	-1	-1	-1	-1	-1	-1	-1	-1	-1	-1	-1
XMTQyMjAwMjMxNg==	183	-1	-1	-1	-1	-1	-1	-1	-1	-1	-1	-1	-1	-1	-1	-1	-1	-1	-1	-1	-1	-1	-1	-1	-1	-1	-1	-1	-1	-1
XMTQyMTc5NjQ5Mg==	1246	1311	1317	1321	1330	1346	-1	-1	-1	-1	-1	-1	-1	-1	-1	-1	-1	-1	-1	-1	-1	-1	-1	-1	-1	-1	-1	-1	-1	-1
XMTQyMTE4MTY5Ng==	127	141	143	148	163	166	170	171	173	-1	-1	-1	-1	-1	-1	-1	-1	-1	-1	-1	-1	-1	-1	-1	-1	-1	-1	-1	-1	-1
XMTQyMTc3OTU4MA==	4667	6697	7079	7916	-1	-1	-1	-1	-1	-1	-1	-1	-1	-1	-1	-1	-1	-1	-1	-1	-1	-1	-1	-1	-1	-1	-1	-1	-1	-1
XMTQyMjMxMTcwMA==	3589	5534	5556	5219	5179	-1	-1	-1	-1	-1	-1	-1	-1	-1	-1	-1	-1	-1	-1	-1	-1	-1	-1	-1	-1	-1	-1	-1	-1	-1
XMTQyMTQ5NzQ4OA==	33	42	47	68	74	95	166	188	197	214	224	258	258	424	476	486	469	-1	-1	-1	-1	-1	-1	-1	-1	-1	-1	-1	-1	-1
XMTQyMTM3NzY2OA==	71	84	86	88	81	87	85	85	86	89	89	90	94	94	95	95	96	-1	-1	-1	-1	-1	-1	-1	-1	-1	-1	-1	-1	-1
XMTQyMTIxNDkyNA==	19	17	17	17	17	17	17	17	17	17	17	17	17	17	17	17	-1	-1	-1	-1	-1	-1	-1	-1	-1	-1	-1	-1	-1	-1
XMTQyMjAzNDAxMg==	11	148	-1	-1	-1	-1	-1	-1	-1	-1	-1	-1	-1	-1	-1	-1	-1	-1	-1	-1	-1	-1	-1	-1	-1	-1	-1	-1	-1	-1
XMTQyMjQ2NzgwMA==	10183	10305	10309	284	278	278	280	282	284	289	290	291	291	292	292	292	293	293	294	-1	-1	-1	-1	-1	-1	-1	-1	-1	-1	-1
XMTQyMjIwNjMwMA==	3	-1	-1	-1	-1	-1	-1	-1	-1	-1	-1	-1	-1	-1	-1	-1	-1	-1	-1	-1	-1	-1	-1	-1	-1	-1	-1	-1	-1	-1
XMTQyMTY5ODk4MA==	4	4	4	4	4	4	8	9	9	9	9	9	9	9	9	9	9	9	9	9	9	-1	-1	-1	-1	-1	-1	-1	-1	-1
XMTQyMTg1MTUwOA==	1630	-1	-1	-1	-1	-1	-1	-1	-1	-1	-1	-1	-1	-1	-1	-1	-1	-1	-1	-1	-1	-1	-1	-1	-1	-1	-1	-1	-1	-1
XMTQyMTk2ODQ2MA==	496	1266	1446	1703	1827	1927	2011	2068	2156	2209	2258	2284	2307	2325	2359	2385	2396	2416	2444	2471	2486	2492	2500	2514	2529	2543	2551	2558	2570	-1
XMTQyMTY3MDkyOA==	63	83	83	83	94	131	-1	-1	-1	-1	-1	-1	-1	-1	-1	-1	-1	-1	-1	-1	-1	-1	-1	-1	-1	-1	-1	-1	-1	-1
XMTQyMTg1MTkwMA==	652	748	758	769	787	799	-1	-1	-1	-1	-1	-1	-1	-1	-1	-1	-1	-1	-1	-1	-1	-1	-1	-1	-1	-1	-1	-1	-1	-1
XMTQyMTE5NzYxMg==	16	-1	-1	-1	-1	-1	-1	-1	-1	-1	-1	-1	-1	-1	-1	-1	-1	-1	-1	-1	-1	-1	-1	-1	-1	-1	-1	-1	-1	-1
XMTQyMTkxMzEyOA==	-1	-1	-1	-1	-1	-1	-1	-1	-1	-1	-1	-1	-1	-1	-1	-1	-1	-1	-1	-1	-1	-1	-1	-1	-1	-1	-1	-1	-1	-1
XMTQyMjMxNTA5Ng==	10	23	23	23	25	29	-1	-1	-1	-1	-1	-1	-1	-1	-1	-1	-1	-1	-1	-1	-1	-1	-1	-1	-1	-1	-1	-1	-1	-1
XMTQyMjY0NzE4MA==	3	3	3	3	3	3	3	3	3	3	3	3	3	-1	-1	-1	-1	-1	-1	-1	-1	-1	-1	-1	-1	-1	-1	-1	-1	-1
XMTQyMjE4NTE2NA==	312	406	406	401	394	-1	-1	-1	-1	-1	-1	-1	-1	-1	-1	-1	-1	-1	-1	-1	-1	-1	-1	-1	-1	-1	-1	-1	-1	-1
XMTQyMjI3MDMwOA==	3	3	3	-1	-1	-1	-1	-1	-1	-1	-1	-1	-1	-1	-1	-1	-1	-1	-1	-1	-1	-1	-1	-1	-1	-1	-1	-1	-1	-1
XMTQyMjA4MTIwNA==	9	34	48	55	80	204	205	-1	-1	-1	-1	-1	-1	-1	-1	-1	-1	-1	-1	-1	-1	-1	-1	-1	-1	-1	-1	-1	-1	-1
XMTQyMjE2MjAwMA==	8	8	8	5	5	5	-1	-1	-1	-1	-1	-1	-1	-1	-1	-1	-1	-1	-1	-1	-1	-1	-1	-1	-1	-1	-1	-1	-1	-1
XMTQyMjEzNTEwOA==	198	294	-1	-1	-1	-1	-1	-1	-1	-1	-1	-1	-1	-1	-1	-1	-1	-1	-1	-1	-1	-1	-1	-1	-1	-1	-1	-1	-1	-1
XMTQyMjAzMzExNg==	5453	1084	1151	1220	1238	1268	1287	1309	1355	1414	1474	1485	-1	1493	1507	1578	1601	1631	1642	1645	1653	1666	1683	1734	1775	1785	1793	1798	1806	1827
XMTQyMTkxMTEzNg==	3	-1	-1	-1	-1	-1	-1	-1	-1	-1	-1	-1	-1	-1	-1	-1	-1	-1	-1	-1	-1	-1	-1	-1	-1	-1	-1	-1	-1	-1
XMTQyMTQ1OTIxNg==	353	-1	-1	-1	-1	-1	-1	-1	-1	-1	-1	-1	-1	-1	-1	-1	-1	-1	-1	-1	-1	-1	-1	-1	-1	-1	-1	-1	-1	-1
XMTQyMTkwMTUyNA==	24	26	26	27	29	29	30	30	-1	-1	-1	-1	-1	32	32	34	34	35	-1	-1	-1	-1	-1	-1	-1	-1	-1	-1	-1	-1
XMTQyMTg2MjcyMA==	16	33	42	45	45	45	47	47	48	48	48	48	49	49	49	49	49	49	49	49	49	49	49	49	-1	-1	-1	-1	-1	-1
XMTQyMjU2OTAwMA==	16748	54165	59321	42383	47045	52114	54468	56302	58389	59416	60665	61112	61400	61690	61967	62225	62724	63486	64059	64536	64884	-1	-1	-1	-1	-1	-1	-1	-1	-1
XMTQyMTM3MTc0OA==	25	26	33	35	35	35	35	35	35	35	35	35	35	-1	-1	-1	-1	-1	-1	-1	-1	-1	-1	-1	-1	-1	-1	-1	-1	-1
XMTQyMTQzMjA0OA==	16	30	33	40	51	53	56	68	82	90	94	109	112	112	-1	-1	-1	-1	-1	-1	-1	-1	-1	-1	-1	-1	-1	-1	-1	-1
XMTQyMTQ5MjMwOA==	38	65	72	81	88	96	99	103	114	114	116	-1	-1	-1	-1	-1	-1	-1	-1	-1	-1	-1	-1	-1	-1	-1	-1	-1	-1	-1
XMTQyMTkxODkzMg==	17	7	7	5	5	5	5	5	5	6	7	7	-1	-1	-1	-1	-1	-1	-1	-1	-1	-1	-1	-1	-1	-1	-1	-1	-1	-1
XMTQyMTU4ODU5Ng==	67	-1	-1	-1	-1	-1	-1	-1	-1	-1	-1	-1	-1	-1	-1	-1	-1	-1	-1	-1	-1	-1	-1	-1	-1	-1	-1	-1	-1	-1
XMTQyMTkwODY2MA==	1	2	3	3	3	3	3	3	3	3	3	3	3	4	4	4	4	6	-1	-1	-1	-1	-1	-1	-1	-1	-1	-1	-1	-1
XMTQyMTM3NDg5Ng==	18	-1	-1	-1	-1	-1	-1	-1	-1	-1	-1	-1	-1	-1	-1	-1	-1	-1	-1	-1	-1	-1	-1	-1	-1	-1	-1	-1	-1	-1
XMTQyMDkzNjk2OA==	-1	-1	-1	-1	-1	-1	-1	-1	-1	-1	-1	-1	-1	-1	-1	-1	-1	-1	-1	-1	-1	-1	-1	-1	-1	-1	-1	-1	-1	-1
XMTQyMjgwMzc2OA==	15	60	61	68	-1	-1	-1	-1	-1	-1	-1	-1	-1	-1	-1	-1	-1	-1	-1	-1	-1	-1	-1	-1	-1	-1	-1	-1	-1	-1
XMTQyMTc0MDE3Ng==	-1	-1	-1	-1	-1	-1	-1	-1	-1	-1	-1	-1	-1	-1	-1	-1	-1	-1	-1	-1	-1	-1	-1	-1	-1	-1	-1	-1	-1	-1
XMTQyMjMyNzcyNA==	6	6	6	6	6	6	-1	-1	-1	-1	-1	-1	-1	-1	-1	-1	-1	-1	-1	-1	-1	-1	-1	-1	-1	-1	-1	-1	-1	-1
XMTQyMjY0OTgyMA==	12	19	20	20	20	20	21	21	21	22	22	24	24	25	25	25	25	-1	-1	-1	-1	-1	-1	-1	-1	-1	-1	-1	-1	-1
XMTQyMTI2MjcyNA==	184	210	256	279	295	291	293	294	302	311	312	312	-1	-1	-1	-1	-1	-1	-1	-1	-1	-1	-1	-1	-1	-1	-1	-1	-1	-1
XMTQyMTg5ODczNg==	7	-1	-1	-1	-1	-1	-1	-1	-1	-1	-1	-1	-1	-1	-1	-1	-1	-1	-1	-1	-1	-1	-1	-1	-1	-1	-1	-1	-1	-1
XMTQyMjU1OTE5Ng==	4	-1	-1	-1	-1	-1	-1	-1	-1	-1	-1	-1	-1	-1	-1	-1	-1	-1	-1	-1	-1	-1	-1	-1	-1	-1	-1	-1	-1	-1
XMTQyMTU5OTQ0NA==	39	51	52	51	52	53	53	53	-1	-1	-1	-1	-1	-1	-1	-1	-1	-1	-1	-1	-1	-1	-1	-1	-1	-1	-1	-1	-1	-1
XMTQyMTk2NDU4MA==	248	-1	-1	-1	-1	-1	-1	-1	-1	-1	-1	-1	-1	-1	-1	-1	-1	-1	-1	-1	-1	-1	-1	-1	-1	-1	-1	-1	-1	-1
XMTQyMDk0Njk0NA==	6	-1	-1	-1	-1	-1	-1	-1	-1	-1	-1	-1	-1	-1	-1	-1	-1	-1	-1	-1	-1	-1	-1	-1	-1	-1	-1	-1	-1	-1
XMTQyMTg3NDc4MA==	146	298	309	352	367	398	400	413	419	422	424	424	424	426	435	436	443	450	450	452	453	455	457	457	457	458	-1	-1	-1	-1
