XMTQxODQzNjk1Mg==	311	323	331	337	354	361	361	365	366	368	369	-1	-1	-1	-1	-1	-1	-1	-1	-1	-1	-1	-1	-1	-1	-1	-1	-1	-1	-1
XMTQxODU2OTc0MA==	16	16	15	-1	-1	-1	-1	-1	-1	-1	-1	-1	-1	-1	-1	-1	-1	-1	-1	-1	-1	-1	-1	-1	-1	-1	-1	-1	-1	-1
XMTQxODczMjM3Mg==	109	124	119	128	128	137	139	146	148	151	158	178	187	189	196	201	222	245	252	261	263	267	270	-1	-1	-1	-1	-1	-1	-1
XMTQxOTAxOTE4NA==	39	48	51	51	53	54	-1	-1	-1	-1	-1	-1	-1	-1	-1	-1	-1	-1	-1	-1	-1	-1	-1	-1	-1	-1	-1	-1	-1	-1
XMTQxODcwOTY2MA==	35	35	34	36	38	40	47	48	54	55	55	56	58	59	62	64	64	64	65	65	65	65	71	-1	-1	-1	-1	-1	-1	-1
XMTQxODY3Mzg2NA==	30	45	45	47	53	54	60	64	66	69	68	68	69	72	73	77	77	78	80	81	84	84	85	-1	-1	-1	-1	-1	-1	-1
XMTQxOTIzODE5Mg==	-1	-1	-1	-1	-1	-1	-1	-1	-1	-1	-1	-1	-1	-1	-1	-1	-1	-1	-1	-1	-1	-1	-1	-1	-1	-1	-1	-1	-1	-1
XMTQxOTA1OTU3Ng==	140	155	165	169	172	173	173	181	181	184	185	185	185	186	187	188	-1	-1	-1	-1	-1	-1	-1	-1	-1	-1	-1	-1	-1	-1
XMTQxODk5OTkzMg==	3297	4014	4437	-1	-1	-1	-1	-1	-1	-1	-1	-1	-1	-1	-1	-1	-1	-1	-1	-1	-1	-1	-1	-1	-1	-1	-1	-1	-1	-1
XMTQxOTc3NDY5Mg==	3	3	3	2	2	2	2	2	2	2	2	2	2	2	2	2	2	-1	-1	-1	-1	-1	-1	-1	-1	-1	-1	-1	-1	-1
XMTQxOTAwMzgyMA==	115514	200657	199357	91763	55773	56006	56333	19947	20169	20292	20502	20788	21015	21092	21096	-1	-1	-1	-1	-1	-1	-1	-1	-1	-1	-1	-1	-1	-1	-1
XMTQxODk5Njg5Ng==	471	595	645	682	747	771	-1	-1	-1	-1	-1	-1	-1	-1	-1	-1	-1	-1	-1	-1	-1	-1	-1	-1	-1	-1	-1	-1	-1	-1
XMTQxOTI2NTg1Mg==	9	12	12	10	10	10	10	10	10	10	10	10	10	10	10	10	-1	-1	-1	-1	-1	-1	-1	-1	-1	-1	-1	-1	-1	-1
XMTQxODQyMDMwMA==	3584	4128	4010	4012	4039	4044	-1	-1	-1	-1	-1	-1	-1	-1	-1	-1	-1	-1	-1	-1	-1	-1	-1	-1	-1	-1	-1	-1	-1	-1
XMTQxOTM2MDQ4NA==	18	-1	-1	-1	-1	-1	-1	-1	-1	-1	-1	-1	-1	-1	-1	-1	-1	-1	-1	-1	-1	-1	-1	-1	-1	-1	-1	-1	-1	-1
XMTQxOTAwMDM4MA==	59	69	70	70	71	71	72	-1	-1	-1	-1	-1	-1	-1	-1	-1	-1	-1	-1	-1	-1	-1	-1	-1	-1	-1	-1	-1	-1	-1
XMTQxODA3MjcyMA==	122	-1	-1	-1	-1	-1	-1	-1	-1	-1	-1	-1	-1	-1	-1	-1	-1	-1	-1	-1	-1	-1	-1	-1	-1	-1	-1	-1	-1	-1
XMTQxODkzMzEyNA==	32	-1	-1	-1	-1	-1	-1	-1	-1	-1	-1	-1	-1	-1	-1	-1	-1	-1	-1	-1	-1	-1	-1	-1	-1	-1	-1	-1	-1	-1
XMTQxODk0NjYzMg==	213	-1	-1	-1	-1	-1	-1	-1	-1	-1	-1	-1	-1	-1	-1	-1	-1	-1	-1	-1	-1	-1	-1	-1	-1	-1	-1	-1	-1	-1
XMTQxODgzMjIzNg==	113	136	-1	-1	-1	-1	-1	-1	-1	-1	-1	-1	-1	-1	-1	-1	-1	-1	-1	-1	-1	-1	-1	-1	-1	-1	-1	-1	-1	-1
XMTQxODM3NTQ4MA==	162	201	265	297	360	380	413	449	480	514	562	599	637	667	688	702	723	-1	-1	-1	-1	-1	-1	-1	-1	-1	-1	-1	-1	-1
XMTQxODkwMjIyOA==	23	-1	-1	-1	-1	-1	-1	-1	-1	-1	-1	-1	-1	-1	-1	-1	-1	-1	-1	-1	-1	-1	-1	-1	-1	-1	-1	-1	-1	-1
XMTQxODYwNzExNg==	149	170	177	180	183	186	190	191	195	194	194	195	195	195	195	-1	-1	-1	-1	-1	-1	-1	-1	-1	-1	-1	-1	-1	-1	-1
XMTQxOTYxOTk5Ng==	7	-1	-1	-1	-1	-1	-1	-1	-1	-1	-1	-1	-1	-1	-1	-1	-1	-1	-1	-1	-1	-1	-1	-1	-1	-1	-1	-1	-1	-1
XMTQxOTIzOTExMg==	8	8	-1	-1	-1	-1	-1	-1	-1	-1	-1	-1	-1	-1	-1	-1	-1	-1	-1	-1	-1	-1	-1	-1	-1	-1	-1	-1	-1	-1
XMTQxODg0OTkyNA==	18	25	29	33	-1	-1	-1	-1	-1	-1	-1	-1	-1	-1	-1	-1	-1	-1	-1	-1	-1	-1	-1	-1	-1	-1	-1	-1	-1	-1
XMTQxODY3NjI2MA==	169	175	156	161	162	162	163	164	165	165	166	166	167	167	168	168	169	169	169	173	175	179	175	175	178	-1	-1	-1	-1	-1
XMTQxOTUyMDg5Ng==	129	227	275	303	375	384	451	467	470	471	472	474	474	475	-1	-1	-1	-1	-1	-1	-1	-1	-1	-1	-1	-1	-1	-1	-1	-1
XMTQxODU2OTkyMA==	5	8	8	8	8	8	8	8	8	8	8	-1	-1	-1	-1	-1	-1	-1	-1	-1	-1	-1	-1	-1	-1	-1	-1	-1	-1	-1
XMTQxODc0ODA3Ng==	7	7	7	7	7	7	7	7	7	7	7	7	7	7	7	7	-1	-1	-1	-1	-1	-1	-1	-1	-1	-1	-1	-1	-1	-1
XMTQxOTQzNjgyMA==	33	78	122	207	399	428	484	-1	-1	-1	-1	-1	-1	-1	-1	-1	-1	-1	-1	-1	-1	-1	-1	-1	-1	-1	-1	-1	-1	-1
XMTQxOTAzOTk4NA==	36	40	41	40	53	58	61	65	65	69	70	72	72	73	75	76	77	79	79	81	82	83	89	93	95	96	98	99	100	-1
XMTQxODMyMjk0OA==	211	295	330	347	365	372	389	401	410	414	422	426	431	436	441	440	443	444	-1	-1	-1	-1	-1	-1	-1	-1	-1	-1	-1	-1
XMTQxODM0MTMzMg==	2982	3610	4079	4345	4722	4878	5188	5417	5598	5726	5837	5959	6301	6679	6874	7019	7541	7845	8434	8665	8883	9101	9290	9465	9612	9853	-1	-1	-1	-1
XMTQxODgzNDMzNg==	41	49	53	53	58	58	59	59	59	59	60	60	60	59	59	59	59	59	59	59	59	59	59	59	59	59	-1	-1	-1	-1
XMTQxOTI5MzUyMA==	12	14	14	12	11	11	11	11	11	11	11	11	11	11	11	11	11	11	11	-1	-1	-1	-1	-1	-1	-1	-1	-1	-1	-1
XMTQxODU4NjM0OA==	225	238	-1	-1	-1	-1	-1	-1	-1	-1	-1	-1	-1	-1	-1	-1	-1	-1	-1	-1	-1	-1	-1	-1	-1	-1	-1	-1	-1	-1
XMTQxODMyNjc4OA==	34	37	39	42	48	53	86	90	92	92	92	93	93	93	93	-1	-1	-1	-1	-1	-1	-1	-1	-1	-1	-1	-1	-1	-1	-1
XMTQxOTA2Mjk1Ng==	166	-1	-1	-1	-1	-1	-1	-1	-1	-1	-1	-1	-1	-1	-1	-1	-1	-1	-1	-1	-1	-1	-1	-1	-1	-1	-1	-1	-1	-1
XMTQxODY4NTU5Ng==	41	51	57	69	74	75	79	82	85	87	93	101	102	102	104	108	108	108	110	112	113	116	119	-1	-1	-1	-1	-1	-1	-1
XMTQxODc5Mjg4MA==	45	-1	-1	-1	-1	-1	-1	-1	-1	-1	-1	-1	-1	-1	-1	-1	-1	-1	-1	-1	-1	-1	-1	-1	-1	-1	-1	-1	-1	-1
XMTQxOTEwNDQ5Ng==	18	25	41	47	48	49	49	49	50	52	52	52	52	53	54	54	54	55	55	55	55	55	55	55	55	56	56	58	58	-1
XMTQxOTA1NTg2NA==	19	23	-1	-1	-1	-1	-1	-1	-1	-1	-1	-1	-1	-1	-1	-1	-1	-1	-1	-1	-1	-1	-1	-1	-1	-1	-1	-1	-1	-1
XMTQxOTE3NzAzNg==	31	42	47	50	53	53	57	58	58	59	61	63	64	64	64	66	69	71	70	-1	-1	-1	-1	-1	-1	-1	-1	-1	-1	-1
XMTQxODg2NzMwOA==	130	156	178	182	184	184	186	186	186	186	186	186	186	186	186	186	-1	-1	-1	-1	-1	-1	-1	-1	-1	-1	-1	-1	-1	-1
XMTQxOTYyMzc2NA==	10	18	20	21	23	23	25	26	28	31	33	35	37	39	39	41	42	44	45	45	47	50	52	52	52	52	52	52	52	-1
XMTQxOTc5NDk3Mg==	6	24	24	24	23	23	23	23	23	23	23	23	23	23	23	24	24	24	24	24	24	24	24	-1	-1	-1	-1	-1	-1	-1
XMTQxODQ3MzU4OA==	435	454	411	415	418	423	435	436	436	435	440	445	449	454	456	460	-1	-1	-1	-1	-1	-1	-1	-1	-1	-1	-1	-1	-1	-1
XMTQxODgzOTgyMA==	17	19	21	22	25	25	25	25	25	-1	-1	-1	-1	-1	-1	-1	-1	-1	-1	-1	-1	-1	-1	-1	-1	-1	-1	-1	-1	-1
XMTQxOTE0Mjc4NA==	42	46	48	47	49	49	49	50	50	50	50	50	50	50	50	50	50	50	50	50	50	50	-1	-1	-1	-1	-1	-1	-1	-1
XMTQxOTMwNTMwOA==	9	11	11	9	-1	-1	-1	-1	-1	-1	-1	-1	-1	-1	-1	-1	-1	-1	-1	-1	-1	-1	-1	-1	-1	-1	-1	-1	-1	-1
XMTQxOTExNjAwMA==	60	65	74	74	80	85	-1	-1	-1	-1	-1	-1	-1	-1	-1	-1	-1	-1	-1	-1	-1	-1	-1	-1	-1	-1	-1	-1	-1	-1
XMTQxODc4MjM3Ng==	37	42	49	-1	-1	-1	-1	-1	-1	-1	-1	-1	-1	-1	-1	-1	-1	-1	-1	-1	-1	-1	-1	-1	-1	-1	-1	-1	-1	-1
XMTQxOTM0MDU2NA==	38	45	46	44	46	47	48	48	48	48	48	49	49	49	49	49	49	-1	-1	-1	-1	-1	-1	-1	-1	-1	-1	-1	-1	-1
XMTQxODMyNDE3Mg==	28	-1	-1	-1	-1	-1	-1	-1	-1	-1	-1	-1	-1	-1	-1	-1	-1	-1	-1	-1	-1	-1	-1	-1	-1	-1	-1	-1	-1	-1
XMTQxODg1NzE5Mg==	22	22	22	-1	-1	-1	-1	-1	-1	-1	-1	-1	-1	-1	-1	-1	-1	-1	-1	-1	-1	-1	-1	-1	-1	-1	-1	-1	-1	-1
XMTQxODk1MTAxMg==	119	130	138	151	168	174	178	181	202	208	210	217	217	220	221	223	223	225	225	225	226	229	229	230	-1	-1	-1	-1	-1	-1
XMTQxOTkwNjcwMA==	30	39	-1	-1	-1	-1	-1	-1	-1	-1	-1	-1	-1	-1	-1	-1	-1	-1	-1	-1	-1	-1	-1	-1	-1	-1	-1	-1	-1	-1
XMTQxODg5Njc5Ng==	915	1231	1378	-1	-1	-1	-1	-1	-1	-1	-1	-1	-1	-1	-1	-1	-1	-1	-1	-1	-1	-1	-1	-1	-1	-1	-1	-1	-1	-1
XMTQxOTM2MjgzNg==	367	459	502	511	526	533	535	545	550	-1	-1	-1	-1	-1	-1	-1	-1	-1	-1	-1	-1	-1	-1	-1	-1	-1	-1	-1	-1	-1
XMTQxODQ4MjA2MA==	206	254	302	325	381	390	418	429	443	452	460	473	490	502	504	518	521	528	545	557	568	577	583	589	594	601	-1	-1	-1	-1
XMTQxODk1NDIwMA==	15	17	14	14	13	13	14	14	-1	-1	-1	-1	-1	-1	-1	-1	-1	-1	-1	-1	-1	-1	-1	-1	-1	-1	-1	-1	-1	-1
XMTQxOTA3MTcxNg==	30	32	31	30	29	29	-1	-1	-1	-1	-1	-1	-1	-1	-1	-1	-1	-1	-1	-1	-1	-1	-1	-1	-1	-1	-1	-1	-1	-1
XMTQxOTY1NzMxMg==	6	14	14	11	11	11	11	11	-1	-1	-1	-1	-1	-1	-1	-1	-1	-1	-1	-1	-1	-1	-1	-1	-1	-1	-1	-1	-1	-1
XMTQxOTIxNTQxMg==	36	85	-1	-1	-1	-1	-1	-1	-1	-1	-1	-1	-1	-1	-1	-1	-1	-1	-1	-1	-1	-1	-1	-1	-1	-1	-1	-1	-1	-1
XMTQxODY2MjYyOA==	16	23	24	31	34	34	35	35	36	-1	-1	-1	-1	-1	-1	-1	-1	-1	-1	-1	-1	-1	-1	-1	-1	-1	-1	-1	-1	-1
XMTQxOTIzODE4OA==	97	103	108	108	109	109	109	111	113	113	113	116	117	120	123	123	123	123	125	125	126	126	-1	-1	-1	-1	-1	-1	-1	-1
XMTQxODM4OTQyOA==	73	91	97	106	113	115	119	127	130	135	140	148	-1	-1	-1	-1	-1	-1	-1	-1	-1	-1	-1	-1	-1	-1	-1	-1	-1	-1
XMTQxODYzMDczNg==	32	33	33	33	33	34	36	36	36	36	36	37	38	38	38	40	41	43	45	45	46	45	47	-1	-1	-1	-1	-1	-1	-1
XMTQxODkyMzQzNg==	-1	-1	-1	-1	-1	-1	-1	-1	-1	-1	-1	-1	-1	-1	-1	-1	-1	-1	-1	-1	-1	-1	-1	-1	-1	-1	-1	-1	-1	-1
XMTQxODQxNzQ2NA==	177	197	-1	-1	-1	-1	-1	-1	-1	-1	-1	-1	-1	-1	-1	-1	-1	-1	-1	-1	-1	-1	-1	-1	-1	-1	-1	-1	-1	-1
XMTQxODk2MDc5Ng==	32	36	34	34	35	35	35	35	35	35	35	35	35	-1	-1	-1	-1	-1	-1	-1	-1	-1	-1	-1	-1	-1	-1	-1	-1	-1
XMTQxOTkxNDc4MA==	3	-1	-1	-1	-1	-1	-1	-1	-1	-1	-1	-1	-1	-1	-1	-1	-1	-1	-1	-1	-1	-1	-1	-1	-1	-1	-1	-1	-1	-1
XMTQxODQxNzQ2OA==	400	448	-1	-1	-1	-1	-1	-1	-1	-1	-1	-1	-1	-1	-1	-1	-1	-1	-1	-1	-1	-1	-1	-1	-1	-1	-1	-1	-1	-1
XMTQxODk2MzU4OA==	938	-1	-1	-1	-1	-1	-1	-1	-1	-1	-1	-1	-1	-1	-1	-1	-1	-1	-1	-1	-1	-1	-1	-1	-1	-1	-1	-1	-1	-1
XMTQxODk2MzU4NA==	9	-1	-1	-1	-1	-1	-1	-1	-1	-1	-1	-1	-1	-1	-1	-1	-1	-1	-1	-1	-1	-1	-1	-1	-1	-1	-1	-1	-1	-1
XMTQxOTA3NDc1Ng==	37	45	45	43	43	43	45	46	46	46	46	46	46	46	46	46	46	46	46	-1	-1	-1	-1	-1	-1	-1	-1	-1	-1	-1
XMTQxOTA3NTYyNA==	60	70	68	67	69	69	69	69	69	69	69	70	70	80	80	81	81	81	81	-1	-1	-1	-1	-1	-1	-1	-1	-1	-1	-1
XMTQxOTA4OTU0NA==	59	63	-1	-1	-1	-1	-1	-1	-1	-1	-1	-1	-1	-1	-1	-1	-1	-1	-1	-1	-1	-1	-1	-1	-1	-1	-1	-1	-1	-1
XMTQxODUyNjM2OA==	3403	4982	7550	9234	12914	15475	19718	21504	23091	24292	26066	28644	30761	32911	33912	34744	35808	37047	38354	40552	-1	-1	-1	-1	-1	-1	-1	-1	-1	-1
XMTQxOTQwODAwNA==	480	668	674	632	-1	-1	-1	-1	-1	-1	-1	-1	-1	-1	-1	-1	-1	-1	-1	-1	-1	-1	-1	-1	-1	-1	-1	-1	-1	-1
XMTQxOTg5NDI3Mg==	53798	-1	-1	-1	-1	-1	-1	-1	-1	-1	-1	-1	-1	-1	-1	-1	-1	-1	-1	-1	-1	-1	-1	-1	-1	-1	-1	-1	-1	-1
XMTQxOTM3MjU1Ng==	8	10	10	9	9	10	10	10	10	10	10	10	-1	-1	-1	-1	-1	-1	-1	-1	-1	-1	-1	-1	-1	-1	-1	-1	-1	-1
XMTQxODYxMzUxNg==	38	38	40	45	52	55	60	62	69	71	74	77	79	84	84	87	87	92	95	98	99	98	98	-1	-1	-1	-1	-1	-1	-1
XMTQxODY3NzkxMg==	22	29	33	42	50	55	57	62	65	63	67	70	75	79	85	89	89	91	93	96	97	99	104	-1	-1	-1	-1	-1	-1	-1
XMTQxOTI0MDY0NA==	9	9	-1	-1	-1	-1	-1	-1	-1	-1	-1	-1	-1	-1	-1	-1	-1	-1	-1	-1	-1	-1	-1	-1	-1	-1	-1	-1	-1	-1
XMTQxOTg5MjAwMA==	4	-1	-1	-1	-1	-1	-1	-1	-1	-1	-1	-1	-1	-1	-1	-1	-1	-1	-1	-1	-1	-1	-1	-1	-1	-1	-1	-1	-1	-1
XMTQxOTE2MDgyMA==	14	30	33	32	-1	-1	-1	-1	-1	-1	-1	-1	-1	-1	-1	-1	-1	-1	-1	-1	-1	-1	-1	-1	-1	-1	-1	-1	-1	-1
XMTQxODUxOTM4MA==	11	11	10	10	10	10	10	10	10	10	10	10	10	10	-1	-1	-1	-1	-1	-1	-1	-1	-1	-1	-1	-1	-1	-1	-1	-1
XMTQxOTIwOTIyNA==	13	14	14	14	120	-1	-1	-1	-1	-1	-1	-1	-1	-1	-1	-1	-1	-1	-1	-1	-1	-1	-1	-1	-1	-1	-1	-1	-1	-1
XMTQxODczNzQzMg==	640	675	710	731	806	841	890	916	933	944	962	987	1013	1036	1047	1061	1082	1098	1116	1138	1163	1175	1187	1208	1221	-1	-1	-1	-1	-1
XMTQxODY2MDUyMA==	419	430	413	413	416	418	430	433	434	434	434	437	440	443	444	446	446	446	448	450	-1	-1	-1	-1	-1	-1	-1	-1	-1	-1
XMTQxODYwMzU1Ng==	30	31	36	38	42	43	48	49	54	56	56	57	59	59	59	65	68	68	69	68	72	72	72	-1	-1	-1	-1	-1	-1	-1
XMTQxOTE2NjM1Mg==	129	193	270	306	354	358	371	-1	-1	-1	-1	-1	-1	-1	-1	-1	-1	-1	-1	-1	-1	-1	-1	-1	-1	-1	-1	-1	-1	-1
XMTQxOTU4MTkzMg==	8	9	9	8	8	8	8	8	8	8	8	8	8	8	8	8	8	8	8	8	8	8	-1	-1	-1	-1	-1	-1	-1	-1
XMTQxODQ0ODEwOA==	1987	-1	-1	-1	-1	-1	-1	-1	-1	-1	-1	-1	-1	-1	-1	-1	-1	-1	-1	-1	-1	-1	-1	-1	-1	-1	-1	-1	-1	-1
XMTQxODM4MDAwMA==	26	27	25	26	27	29	29	29	29	29	29	-1	-1	-1	-1	-1	-1	-1	-1	-1	-1	-1	-1	-1	-1	-1	-1	-1	-1	-1
XMTQxODY0NzQ4OA==	-1	-1	-1	-1	-1	-1	-1	-1	-1	-1	-1	-1	-1	-1	-1	-1	-1	-1	-1	-1	-1	-1	-1	-1	-1	-1	-1	-1	-1	-1
XMTQxODU2NTcxMg==	2216	2743	3805	5875	14727	17671	20788	22007	23392	24408	26016	28531	30476	33050	34322	35224	36504	38534	40368	43372	-1	-1	-1	-1	-1	-1	-1	-1	-1	-1
XMTQxOTM2MjgzMg==	320	406	443	450	460	472	474	483	484	-1	-1	-1	-1	-1	-1	-1	-1	-1	-1	-1	-1	-1	-1	-1	-1	-1	-1	-1	-1	-1
XMTQxOTUwMzQ4NA==	152	173	179	179	-1	-1	-1	-1	-1	-1	-1	-1	-1	-1	-1	-1	-1	-1	-1	-1	-1	-1	-1	-1	-1	-1	-1	-1	-1	-1
XMTQxOTUwMzQ4OA==	38	45	46	45	-1	-1	-1	-1	-1	-1	-1	-1	-1	-1	-1	-1	-1	-1	-1	-1	-1	-1	-1	-1	-1	-1	-1	-1	-1	-1
XMTQxODk2ODk0NA==	27	31	32	32	34	34	34	34	34	34	34	34	34	34	34	34	34	35	38	39	39	39	39	39	-1	-1	-1	-1	-1	-1
XMTQxOTE3NzQ2NA==	1682	1944	2017	2040	2091	2102	2124	2136	2147	-1	-1	-1	-1	-1	-1	-1	-1	-1	-1	-1	-1	-1	-1	-1	-1	-1	-1	-1	-1	-1
XMTQxOTA0MTA2MA==	22	27	25	24	24	24	-1	-1	-1	-1	-1	-1	-1	-1	-1	-1	-1	-1	-1	-1	-1	-1	-1	-1	-1	-1	-1	-1	-1	-1
XMTQxODcyMjM2MA==	-1	-1	-1	-1	-1	-1	-1	-1	-1	-1	-1	-1	-1	-1	-1	-1	-1	-1	-1	-1	-1	-1	-1	-1	-1	-1	-1	-1	-1	-1
XMTQxODU5MDIwMA==	582	600	588	-1	-1	-1	-1	-1	-1	-1	-1	-1	-1	-1	-1	-1	-1	-1	-1	-1	-1	-1	-1	-1	-1	-1	-1	-1	-1	-1
XMTQxOTUwMzAzNg==	7	7	8	8	-1	-1	-1	-1	-1	-1	-1	-1	-1	-1	-1	-1	-1	-1	-1	-1	-1	-1	-1	-1	-1	-1	-1	-1	-1	-1
XMTQxOTI2MTIzMg==	67	82	84	82	82	-1	-1	-1	-1	-1	-1	-1	-1	-1	-1	-1	-1	-1	-1	-1	-1	-1	-1	-1	-1	-1	-1	-1	-1	-1
XMTQxOTk3MjE1Mg==	21	30	30	-1	-1	-1	-1	-1	-1	-1	-1	-1	-1	-1	-1	-1	-1	-1	-1	-1	-1	-1	-1	-1	-1	-1	-1	-1	-1	-1
XMTQxOTg5ODYxNg==	1307	-1	-1	-1	-1	-1	-1	-1	-1	-1	-1	-1	-1	-1	-1	-1	-1	-1	-1	-1	-1	-1	-1	-1	-1	-1	-1	-1	-1	-1
XMTQxODM1NDk4OA==	8	9	6	7	8	8	8	8	8	9	9	10	10	13	14	15	15	15	16	16	17	17	17	17	-1	-1	-1	-1	-1	-1
XMTQxOTEzMzI5Mg==	66	-1	-1	-1	-1	-1	-1	-1	-1	-1	-1	-1	-1	-1	-1	-1	-1	-1	-1	-1	-1	-1	-1	-1	-1	-1	-1	-1	-1	-1
XMTQxODgzNTE4OA==	25	27	26	30	67	67	67	69	-1	-1	-1	-1	-1	-1	-1	-1	-1	-1	-1	-1	-1	-1	-1	-1	-1	-1	-1	-1	-1	-1
XMTQxOTY4MzUxMg==	167	244	251	253	267	268	283	284	285	289	-1	-1	-1	-1	-1	-1	-1	-1	-1	-1	-1	-1	-1	-1	-1	-1	-1	-1	-1	-1
XMTQxOTA1NzY1Mg==	191	202	203	204	206	206	209	210	214	214	217	220	223	225	224	226	227	228	228	228	228	228	-1	-1	-1	-1	-1	-1	-1	-1
XMTQxOTc1MDE4NA==	69	84	-1	-1	-1	-1	-1	-1	-1	-1	-1	-1	-1	-1	-1	-1	-1	-1	-1	-1	-1	-1	-1	-1	-1	-1	-1	-1	-1	-1
XMTQxOTEwNTM1Ng==	14	15	15	-1	-1	-1	-1	-1	-1	-1	-1	-1	-1	-1	-1	-1	-1	-1	-1	-1	-1	-1	-1	-1	-1	-1	-1	-1	-1	-1
XMTQxOTA5MzY2MA==	311	462	510	-1	-1	-1	-1	-1	-1	-1	-1	-1	-1	-1	-1	-1	-1	-1	-1	-1	-1	-1	-1	-1	-1	-1	-1	-1	-1	-1
XMTQxODcyNTU4NA==	11	-1	-1	-1	-1	-1	-1	-1	-1	-1	-1	-1	-1	-1	-1	-1	-1	-1	-1	-1	-1	-1	-1	-1	-1	-1	-1	-1	-1	-1
XMTQxODcwNDUxNg==	288	401	603	647	678	704	714	744	746	-1	-1	-1	-1	-1	-1	-1	-1	-1	-1	-1	-1	-1	-1	-1	-1	-1	-1	-1	-1	-1
XMTQxODMxOTk0MA==	126	-1	-1	-1	-1	-1	-1	-1	-1	-1	-1	-1	-1	-1	-1	-1	-1	-1	-1	-1	-1	-1	-1	-1	-1	-1	-1	-1	-1	-1
XMTQxOTEwOTk2MA==	28	159	199	200	199	200	-1	-1	-1	-1	-1	-1	-1	-1	-1	-1	-1	-1	-1	-1	-1	-1	-1	-1	-1	-1	-1	-1	-1	-1
XMTQxOTUyMzEwNA==	115	152	160	160	158	158	158	158	158	158	158	158	158	158	-1	-1	-1	-1	-1	-1	-1	-1	-1	-1	-1	-1	-1	-1	-1	-1
XMTQxOTMzNTIwOA==	270	441	508	515	530	535	540	545	546	553	554	555	556	558	564	564	565	-1	-1	-1	-1	-1	-1	-1	-1	-1	-1	-1	-1	-1
XMTQxOTMzMTkxMg==	33	45	45	42	42	42	42	42	42	42	42	42	42	42	42	42	42	42	42	42	42	42	42	42	42	42	42	42	42	-1
XMTQxOTE1NTI2NA==	9	10	15	13	14	14	14	14	14	14	14	14	14	-1	-1	-1	-1	-1	-1	-1	-1	-1	-1	-1	-1	-1	-1	-1	-1	-1
XMTQxODE3MDE4MA==	29	29	21	20	20	20	20	20	20	20	20	20	20	20	20	-1	-1	-1	-1	-1	-1	-1	-1	-1	-1	-1	-1	-1	-1	-1
XMTQxODUwODI2MA==	-1	-1	-1	-1	-1	-1	-1	-1	-1	-1	-1	-1	-1	-1	-1	-1	-1	-1	-1	-1	-1	-1	-1	-1	-1	-1	-1	-1	-1	-1
XMTQxOTIwNzM0MA==	55	-1	-1	-1	-1	-1	-1	-1	-1	-1	-1	-1	-1	-1	-1	-1	-1	-1	-1	-1	-1	-1	-1	-1	-1	-1	-1	-1	-1	-1
XMTQxOTUwMDExMg==	13	14	14	13	-1	-1	-1	-1	-1	-1	-1	-1	-1	-1	-1	-1	-1	-1	-1	-1	-1	-1	-1	-1	-1	-1	-1	-1	-1	-1
XMTQxODU1OTE4OA==	13	13	12	12	-1	-1	-1	-1	-1	-1	-1	-1	-1	-1	-1	-1	-1	-1	-1	-1	-1	-1	-1	-1	-1	-1	-1	-1	-1	-1
XMTQxODY5ODY0OA==	34	47	60	64	70	71	72	70	71	72	74	76	74	77	78	81	82	82	85	88	91	90	98	-1	-1	-1	-1	-1	-1	-1
XMTQxODgwOTY5Mg==	78	78	70	66	66	66	66	66	66	67	67	67	67	67	67	67	67	-1	-1	-1	-1	-1	-1	-1	-1	-1	-1	-1	-1	-1
XMTQxOTM2NzQ0MA==	10	12	-1	-1	-1	-1	-1	-1	-1	-1	-1	-1	-1	-1	-1	-1	-1	-1	-1	-1	-1	-1	-1	-1	-1	-1	-1	-1	-1	-1
XMTQxODYyMTU1Ng==	17	18	18	22	26	26	28	30	35	41	42	43	44	47	47	48	50	50	54	56	57	61	62	-1	-1	-1	-1	-1	-1	-1
XMTQxOTkwMTIzMg==	8	-1	-1	-1	-1	-1	-1	-1	-1	-1	-1	-1	-1	-1	-1	-1	-1	-1	-1	-1	-1	-1	-1	-1	-1	-1	-1	-1	-1	-1
XMTQxODcyMzk2MA==	39	50	49	52	49	49	50	52	57	57	58	60	61	62	66	74	76	77	78	78	84	84	85	-1	-1	-1	-1	-1	-1	-1
XMTQxOTA5ODA1Mg==	987	1682	2600	-1	-1	-1	-1	-1	-1	-1	-1	-1	-1	-1	-1	-1	-1	-1	-1	-1	-1	-1	-1	-1	-1	-1	-1	-1	-1	-1
XMTQxOTE0NTQ0NA==	25	-1	-1	-1	-1	-1	-1	-1	-1	-1	-1	-1	-1	-1	-1	-1	-1	-1	-1	-1	-1	-1	-1	-1	-1	-1	-1	-1	-1	-1
XMTQxOTAzMzM4MA==	13	15	15	14	13	13	13	13	13	13	13	13	13	-1	-1	-1	-1	-1	-1	-1	-1	-1	-1	-1	-1	-1	-1	-1	-1	-1
XMTQxODg1OTQzNg==	197	252	267	284	-1	-1	-1	-1	-1	-1	-1	-1	-1	-1	-1	-1	-1	-1	-1	-1	-1	-1	-1	-1	-1	-1	-1	-1	-1	-1
XMTQxODg5OTIxMg==	142	-1	-1	-1	-1	-1	-1	-1	-1	-1	-1	-1	-1	-1	-1	-1	-1	-1	-1	-1	-1	-1	-1	-1	-1	-1	-1	-1	-1	-1
XMTQxOTU0NDE3Mg==	74	92	94	83	88	88	89	89	90	90	90	90	90	91	91	91	91	91	91	92	92	92	-1	-1	-1	-1	-1	-1	-1	-1
XMTQxODQ4MDcxMg==	563	582	566	570	576	580	584	589	590	593	601	604	606	608	608	611	-1	-1	-1	-1	-1	-1	-1	-1	-1	-1	-1	-1	-1	-1
XMTQxODUwNTM5Mg==	9	9	9	7	7	7	7	7	7	7	7	7	7	7	7	-1	-1	-1	-1	-1	-1	-1	-1	-1	-1	-1	-1	-1	-1	-1
XMTQxOTEwODA1Ng==	10	11	-1	-1	-1	-1	-1	-1	-1	-1	-1	-1	-1	-1	-1	-1	-1	-1	-1	-1	-1	-1	-1	-1	-1	-1	-1	-1	-1	-1
XMTQxOTc0NDMzNg==	1960	2693	2978	-1	-1	-1	-1	-1	-1	-1	-1	-1	-1	-1	-1	-1	-1	-1	-1	-1	-1	-1	-1	-1	-1	-1	-1	-1	-1	-1
XMTQxODg1OTI1Ng==	99	125	130	132	132	132	134	134	134	134	134	134	134	134	134	134	-1	-1	-1	-1	-1	-1	-1	-1	-1	-1	-1	-1	-1	-1
XMTQxOTUyMzE4OA==	191	255	265	265	268	269	273	274	275	275	275	275	275	275	-1	-1	-1	-1	-1	-1	-1	-1	-1	-1	-1	-1	-1	-1	-1	-1
XMTQxODcwNTI2MA==	51	62	69	70	76	77	79	82	84	86	89	-1	-1	-1	-1	-1	-1	-1	-1	-1	-1	-1	-1	-1	-1	-1	-1	-1	-1	-1
XMTQxODU0MzM5Ng==	11	11	-1	-1	-1	-1	-1	-1	-1	-1	-1	-1	-1	-1	-1	-1	-1	-1	-1	-1	-1	-1	-1	-1	-1	-1	-1	-1	-1	-1
XMTQxODk1OTQ3Ng==	8	9	9	9	-1	-1	-1	-1	-1	-1	-1	-1	-1	-1	-1	-1	-1	-1	-1	-1	-1	-1	-1	-1	-1	-1	-1	-1	-1	-1
XMTQxOTA1NDMzNg==	2314	2611	2649	2603	2708	2884	2927	2956	2980	3015	3041	3098	3172	3217	3242	3285	3319	-1	-1	-1	-1	-1	-1	-1	-1	-1	-1	-1	-1	-1
XMTQxOTE5NjkwOA==	8	8	-1	-1	-1	-1	-1	-1	-1	-1	-1	-1	-1	-1	-1	-1	-1	-1	-1	-1	-1	-1	-1	-1	-1	-1	-1	-1	-1	-1
XMTQxODg5NTg5Ng==	586	764	1210	1413	-1	-1	-1	-1	-1	-1	-1	-1	-1	-1	-1	-1	-1	-1	-1	-1	-1	-1	-1	-1	-1	-1	-1	-1	-1	-1
XMTQxODk3ODcwMA==	52	52	53	52	52	52	-1	-1	-1	-1	-1	-1	-1	-1	-1	-1	-1	-1	-1	-1	-1	-1	-1	-1	-1	-1	-1	-1	-1	-1
XMTQxODQ1NzIxMg==	541	581	589	615	663	682	701	718	729	742	763	783	797	818	830	841	-1	-1	-1	-1	-1	-1	-1	-1	-1	-1	-1	-1	-1	-1
XMTQxODQ2NzMxNg==	94	95	93	93	94	94	95	95	96	96	96	97	99	107	107	107	107	107	107	107	107	-1	-1	-1	-1	-1	-1	-1	-1	-1
XMTQxODc3MzI3Ng==	6	6	6	6	7	7	7	7	7	-1	-1	-1	-1	-1	-1	-1	-1	-1	-1	-1	-1	-1	-1	-1	-1	-1	-1	-1	-1	-1
XMTQxOTg2NjU2NA==	13	15	15	15	16	16	16	16	16	16	16	16	16	16	16	16	16	16	16	16	16	19	19	19	19	19	19	19	-1	-1
XMTQxOTI0OTExNg==	90	94	93	93	93	93	93	93	93	93	93	93	93	93	93	93	93	93	93	93	93	-1	-1	-1	-1	-1	-1	-1	-1	-1
XMTQxODMxNzA4NA==	115	115	113	112	115	115	115	116	116	116	116	116	116	-1	-1	-1	-1	-1	-1	-1	-1	-1	-1	-1	-1	-1	-1	-1	-1	-1
XMTQxODM1Nzk5Ng==	7	7	10	15	18	18	22	22	24	24	24	25	26	28	28	28	30	30	31	32	32	32	32	33	-1	-1	-1	-1	-1	-1
XMTQxOTUxNTIxMg==	17	35	47	49	55	56	57	58	58	58	59	59	60	60	61	63	-1	-1	-1	-1	-1	-1	-1	-1	-1	-1	-1	-1	-1	-1
XMTQxODExMjA5Ng==	310	351	381	412	449	454	473	491	515	528	544	553	560	572	585	595	602	608	619	627	635	639	642	644	-1	-1	-1	-1	-1	-1
XMTQxOTE2MjMyNA==	57	211	351	440	702	836	1119	-1	-1	-1	-1	-1	-1	-1	-1	-1	-1	-1	-1	-1	-1	-1	-1	-1	-1	-1	-1	-1	-1	-1
XMTQxOTA3NTk2OA==	25	33	38	42	51	52	52	-1	-1	-1	-1	-1	-1	-1	-1	-1	-1	-1	-1	-1	-1	-1	-1	-1	-1	-1	-1	-1	-1	-1
XMTQxODkxNDUwMA==	8	9	-1	-1	-1	-1	-1	-1	-1	-1	-1	-1	-1	-1	-1	-1	-1	-1	-1	-1	-1	-1	-1	-1	-1	-1	-1	-1	-1	-1
XMTQxODc4MDM5Mg==	8	11	12	12	13	13	14	14	14	-1	-1	-1	-1	-1	-1	-1	-1	-1	-1	-1	-1	-1	-1	-1	-1	-1	-1	-1	-1	-1
XMTQxODg2NjUzNg==	493	564	615	657	693	707	733	759	796	837	870	923	968	1005	1058	1115	1154	-1	-1	-1	-1	-1	-1	-1	-1	-1	-1	-1	-1	-1
XMTQxODUyOTY4NA==	6	6	6	7	7	7	7	7	7	-1	-1	-1	-1	-1	-1	-1	-1	-1	-1	-1	-1	-1	-1	-1	-1	-1	-1	-1	-1	-1
XMTQxODc5OTEzNg==	62	-1	-1	-1	-1	-1	-1	-1	-1	-1	-1	-1	-1	-1	-1	-1	-1	-1	-1	-1	-1	-1	-1	-1	-1	-1	-1	-1	-1	-1
XMTQxODYwNzQ4MA==	24	24	21	-1	-1	-1	-1	-1	-1	-1	-1	-1	-1	-1	-1	-1	-1	-1	-1	-1	-1	-1	-1	-1	-1	-1	-1	-1	-1	-1
XMTQxODgyNjYxMg==	70	80	81	79	82	82	-1	-1	-1	-1	-1	-1	-1	-1	-1	-1	-1	-1	-1	-1	-1	-1	-1	-1	-1	-1	-1	-1	-1	-1
XMTQxOTcwNDg0NA==	13	16	-1	-1	-1	-1	-1	-1	-1	-1	-1	-1	-1	-1	-1	-1	-1	-1	-1	-1	-1	-1	-1	-1	-1	-1	-1	-1	-1	-1
XMTQxODg0MDAzNg==	38871	-1	-1	-1	-1	-1	-1	-1	-1	-1	-1	-1	-1	-1	-1	-1	-1	-1	-1	-1	-1	-1	-1	-1	-1	-1	-1	-1	-1	-1
XMTQxOTI3MzMyNA==	157	-1	-1	-1	-1	-1	-1	-1	-1	-1	-1	-1	-1	-1	-1	-1	-1	-1	-1	-1	-1	-1	-1	-1	-1	-1	-1	-1	-1	-1
XMTQxODQ3ODA4MA==	415	450	438	442	449	451	457	461	462	464	468	471	474	480	481	482	-1	-1	-1	-1	-1	-1	-1	-1	-1	-1	-1	-1	-1	-1
XMTQxOTA0MDQwNA==	12	13	14	12	11	12	13	13	13	14	-1	-1	-1	-1	-1	-1	-1	-1	-1	-1	-1	-1	-1	-1	-1	-1	-1	-1	-1	-1
XMTQxOTA0NTg0OA==	79	95	111	120	124	139	147	151	163	168	171	176	178	181	185	-1	-1	-1	-1	-1	-1	-1	-1	-1	-1	-1	-1	-1	-1	-1
XMTQxODk2NjkyMA==	30	37	-1	-1	-1	-1	-1	-1	-1	-1	-1	-1	-1	-1	-1	-1	-1	-1	-1	-1	-1	-1	-1	-1	-1	-1	-1	-1	-1	-1
XMTQxOTU5Mzg3Mg==	20	35	49	-1	-1	-1	-1	-1	-1	-1	-1	-1	-1	-1	-1	-1	-1	-1	-1	-1	-1	-1	-1	-1	-1	-1	-1	-1	-1	-1
XMTQxOTYwMDA4MA==	43	-1	-1	-1	-1	-1	-1	-1	-1	-1	-1	-1	-1	-1	-1	-1	-1	-1	-1	-1	-1	-1	-1	-1	-1	-1	-1	-1	-1	-1
XMTQxOTA2Mjg4OA==	50	59	68	74	74	74	-1	-1	-1	-1	-1	-1	-1	-1	-1	-1	-1	-1	-1	-1	-1	-1	-1	-1	-1	-1	-1	-1	-1	-1
XMTQxODY2MTM3Mg==	23	24	26	28	34	38	42	44	46	49	51	51	51	55	56	61	61	65	67	71	74	75	76	-1	-1	-1	-1	-1	-1	-1
XMTQxOTYyMzkyNA==	624	7314	10593	10881	11167	11173	11191	11200	11219	-1	-1	-1	-1	-1	-1	-1	-1	-1	-1	-1	-1	-1	-1	-1	-1	-1	-1	-1	-1	-1
XMTQxOTIwODUwMA==	78	105	113	109	110	110	113	114	116	116	115	115	115	115	115	115	115	115	115	115	115	115	-1	-1	-1	-1	-1	-1	-1	-1
XMTQxOTI0Nzk2NA==	27	33	-1	-1	-1	-1	-1	-1	-1	-1	-1	-1	-1	-1	-1	-1	-1	-1	-1	-1	-1	-1	-1	-1	-1	-1	-1	-1	-1	-1
XMTQxOTI3MzE4OA==	13	19	-1	-1	-1	-1	-1	-1	-1	-1	-1	-1	-1	-1	-1	-1	-1	-1	-1	-1	-1	-1	-1	-1	-1	-1	-1	-1	-1	-1
XMTQxODQ3NjY4MA==	110	110	126	150	156	157	158	161	161	161	161	161	161	162	162	162	-1	-1	-1	-1	-1	-1	-1	-1	-1	-1	-1	-1	-1	-1
XMTQxOTcxNDY2OA==	163	-1	-1	-1	-1	-1	-1	-1	-1	-1	-1	-1	-1	-1	-1	-1	-1	-1	-1	-1	-1	-1	-1	-1	-1	-1	-1	-1	-1	-1
XMTQxOTQ5OTgyNA==	10	14	14	14	-1	-1	-1	-1	-1	-1	-1	-1	-1	-1	-1	-1	-1	-1	-1	-1	-1	-1	-1	-1	-1	-1	-1	-1	-1	-1
XMTQxODkyOTU0NA==	49	51	53	52	57	61	67	67	66	66	66	66	-1	-1	-1	-1	-1	-1	-1	-1	-1	-1	-1	-1	-1	-1	-1	-1	-1	-1
XMTQxODU4MzU4NA==	31	31	30	30	-1	-1	-1	-1	-1	-1	-1	-1	-1	-1	-1	-1	-1	-1	-1	-1	-1	-1	-1	-1	-1	-1	-1	-1	-1	-1
XMTQxOTE1NzQxNg==	14	-1	-1	-1	-1	-1	-1	-1	-1	-1	-1	-1	-1	-1	-1	-1	-1	-1	-1	-1	-1	-1	-1	-1	-1	-1	-1	-1	-1	-1
XMTQxODkzNDU2NA==	503	537	552	568	587	593	603	614	626	639	660	665	691	716	735	-1	-1	-1	-1	-1	-1	-1	-1	-1	-1	-1	-1	-1	-1	-1
XMTQxOTQzNjIwOA==	138	-1	-1	-1	-1	-1	-1	-1	-1	-1	-1	-1	-1	-1	-1	-1	-1	-1	-1	-1	-1	-1	-1	-1	-1	-1	-1	-1	-1	-1
XMTQxODg4MDU4OA==	-1	-1	-1	-1	-1	-1	-1	-1	-1	-1	-1	-1	-1	-1	-1	-1	-1	-1	-1	-1	-1	-1	-1	-1	-1	-1	-1	-1	-1	-1
XMTQxODQ4MjA1Mg==	115	128	133	138	138	138	138	-1	-1	-1	-1	-1	-1	-1	-1	-1	-1	-1	-1	-1	-1	-1	-1	-1	-1	-1	-1	-1	-1	-1
XMTQxODc5MzgyOA==	7	8	8	8	8	8	8	8	8	8	8	8	8	8	-1	-1	-1	-1	-1	-1	-1	-1	-1	-1	-1	-1	-1	-1	-1	-1
XMTQxOTY1NTc2OA==	88	119	124	118	121	126	127	-1	-1	-1	-1	-1	-1	-1	-1	-1	-1	-1	-1	-1	-1	-1	-1	-1	-1	-1	-1	-1	-1	-1
XMTQxOTMxMTE4MA==	335	735	-1	-1	-1	-1	-1	-1	-1	-1	-1	-1	-1	-1	-1	-1	-1	-1	-1	-1	-1	-1	-1	-1	-1	-1	-1	-1	-1	-1
XMTQxOTcxNTk3Mg==	9	10	-1	-1	-1	-1	-1	-1	-1	-1	-1	-1	-1	-1	-1	-1	-1	-1	-1	-1	-1	-1	-1	-1	-1	-1	-1	-1	-1	-1
XMTQxODkzODQ4MA==	61	64	64	64	62	62	62	62	62	62	62	62	62	62	62	62	-1	-1	-1	-1	-1	-1	-1	-1	-1	-1	-1	-1	-1	-1
XMTQxOTU4MTQyNA==	12	15	17	17	17	17	17	19	19	19	18	18	18	18	18	21	21	21	21	21	21	21	21	21	-1	-1	-1	-1	-1	-1
XMTQxODg1NTUwNA==	59	67	81	96	-1	-1	-1	-1	-1	-1	-1	-1	-1	-1	-1	-1	-1	-1	-1	-1	-1	-1	-1	-1	-1	-1	-1	-1	-1	-1
XMTQxODk2NDkzMg==	294	301	305	305	307	307	308	347	-1	-1	-1	-1	-1	-1	-1	-1	-1	-1	-1	-1	-1	-1	-1	-1	-1	-1	-1	-1	-1	-1
XMTQxODMyNzg1Ng==	16	16	15	15	17	17	-1	20	20	20	20	22	23	23	23	23	23	23	23	23	23	23	23	24	24	24	24	24	24	24
XMTQxOTU5MTYyOA==	12	14	15	6	5	5	2	1	1	-1	-1	-1	-1	-1	-1	-1	-1	-1	-1	-1	-1	-1	-1	-1	-1	-1	-1	-1	-1	-1
XMTQxOTMzOTAwOA==	971	1746	2468	2493	2468	2471	2483	2503	2509	2512	2510	2514	2516	2521	2523	2525	2525	-1	-1	-1	-1	-1	-1	-1	-1	-1	-1	-1	-1	-1
XMTQxOTY4MTcxMg==	6	-1	-1	-1	-1	-1	-1	-1	-1	-1	-1	-1	-1	-1	-1	-1	-1	-1	-1	-1	-1	-1	-1	-1	-1	-1	-1	-1	-1	-1
XMTQxODMyMzI5Ng==	627	769	823	876	975	1013	1101	1197	1292	1372	1467	1531	1629	1709	1784	1824	1841	1857	-1	-1	-1	-1	-1	-1	-1	-1	-1	-1	-1	-1
XMTQxODQ3NjUwNA==	969	1004	932	949	968	972	974	987	1000	1006	1013	1028	1032	1032	1036	1045	-1	-1	-1	-1	-1	-1	-1	-1	-1	-1	-1	-1	-1	-1
XMTQxOTE4NzgxMg==	43	43	42	42	-1	-1	-1	-1	-1	-1	-1	-1	-1	-1	-1	-1	-1	-1	-1	-1	-1	-1	-1	-1	-1	-1	-1	-1	-1	-1
XMTQxODg1MTc3Mg==	25	34	41	45	-1	-1	-1	-1	-1	-1	-1	-1	-1	-1	-1	-1	-1	-1	-1	-1	-1	-1	-1	-1	-1	-1	-1	-1	-1	-1
XMTQxODUwNDI0OA==	1080	1159	1155	1229	1342	1381	1468	1538	1607	1659	1713	1801	1880	1953	2005	2054	-1	-1	-1	-1	-1	-1	-1	-1	-1	-1	-1	-1	-1	-1
XMTQxODY4MDczMg==	-1	-1	-1	-1	-1	-1	-1	-1	-1	-1	-1	-1	-1	-1	-1	-1	-1	-1	-1	-1	-1	-1	-1	-1	-1	-1	-1	-1	-1	-1
XMTQxODkxMzI2MA==	48	51	50	53	52	55	56	56	56	56	56	66	66	69	70	73	73	73	73	75	75	75	75	75	75	76	76	78	-1	-1
XMTQxOTIzMjIyMA==	33	33	35	35	36	36	36	36	37	37	37	37	38	38	-1	-1	-1	-1	-1	-1	-1	-1	-1	-1	-1	-1	-1	-1	-1	-1
XMTQxODc4Mzc4OA==	10	10	10	9	10	10	10	10	10	-1	-1	-1	-1	-1	-1	-1	-1	-1	-1	-1	-1	-1	-1	-1	-1	-1	-1	-1	-1	-1
XMTQxOTMyNDQxMg==	30	-1	-1	-1	-1	-1	-1	-1	-1	-1	-1	-1	-1	-1	-1	-1	-1	-1	-1	-1	-1	-1	-1	-1	-1	-1	-1	-1	-1	-1
XMTQxODg3NzU5Mg==	123	152	157	157	157	157	-1	-1	-1	-1	-1	-1	-1	-1	-1	-1	-1	-1	-1	-1	-1	-1	-1	-1	-1	-1	-1	-1	-1	-1
XMTQxOTAyOTc1Mg==	12	13	-1	-1	-1	-1	-1	-1	-1	-1	-1	-1	-1	-1	-1	-1	-1	-1	-1	-1	-1	-1	-1	-1	-1	-1	-1	-1	-1	-1
XMTQxOTE4NDY4OA==	110	213	265	334	1400	3313	4482	4979	4958	4902	4894	4911	4922	4928	4934	4936	4939	-1	-1	-1	-1	-1	-1	-1	-1	-1	-1	-1	-1	-1
XMTQxOTA0MzM1Ng==	56	-1	-1	-1	-1	-1	-1	-1	-1	-1	-1	-1	-1	-1	-1	-1	-1	-1	-1	-1	-1	-1	-1	-1	-1	-1	-1	-1	-1	-1
XMTQxOTQzNjUxNg==	12	-1	-1	-1	-1	-1	-1	-1	-1	-1	-1	-1	-1	-1	-1	-1	-1	-1	-1	-1	-1	-1	-1	-1	-1	-1	-1	-1	-1	-1
XMTQxODU1NjIyNA==	288	344	343	341	345	346	348	349	349	350	353	357	358	359	361	362	363	363	363	363	-1	-1	-1	-1	-1	-1	-1	-1	-1	-1
XMTQxOTA3NjI4MA==	178	225	239	245	264	266	280	301	335	359	375	391	411	415	420	471	489	467	486	-1	-1	-1	-1	-1	-1	-1	-1	-1	-1	-1
XMTQxODc0MTY2OA==	192	230	270	300	315	322	326	336	339	341	342	345	348	349	351	354	354	354	355	356	-1	-1	-1	-1	-1	-1	-1	-1	-1	-1
XMTQxOTI2MzQ3Mg==	38	-1	-1	-1	-1	-1	-1	-1	-1	-1	-1	-1	-1	-1	-1	-1	-1	-1	-1	-1	-1	-1	-1	-1	-1	-1	-1	-1	-1	-1
XMTQxODYwMzkwNA==	19	20	20	24	33	37	41	41	43	44	50	51	53	53	54	56	59	70	71	69	72	72	72	-1	-1	-1	-1	-1	-1	-1
XMTQxODg3NjAzMg==	266	351	-1	-1	-1	-1	-1	-1	-1	-1	-1	-1	-1	-1	-1	-1	-1	-1	-1	-1	-1	-1	-1	-1	-1	-1	-1	-1	-1	-1
XMTQxODMzMzE0OA==	18	18	14	14	-1	-1	-1	-1	-1	-1	-1	-1	-1	-1	-1	-1	-1	-1	-1	-1	-1	-1	-1	-1	-1	-1	-1	-1	-1	-1
XMTQxOTA3OTY1Ng==	527	680	782	873	1017	1057	1122	1171	1189	1194	1220	1262	1294	1328	1340	1358	1366	1388	1404	1444	1481	1498	1510	1531	1546	-1	-1	-1	-1	-1
XMTQxODk3NDYwOA==	21	27	27	27	29	29	29	29	29	-1	-1	-1	-1	-1	-1	-1	-1	-1	-1	-1	-1	-1	-1	-1	-1	-1	-1	-1	-1	-1
XMTQxODU3MDQ5Mg==	78	88	89	89	89	89	89	89	89	89	89	89	89	89	89	89	89	89	89	91	91	92	92	92	92	92	92	-1	-1	-1
XMTQxOTUyMTA3Mg==	115	148	152	152	152	152	152	152	152	152	152	152	152	152	-1	-1	-1	-1	-1	-1	-1	-1	-1	-1	-1	-1	-1	-1	-1	-1
XMTQxOTA5MjQwNA==	322	355	366	369	368	371	373	374	374	377	377	380	383	384	390	393	394	391	393	394	403	408	413	-1	-1	-1	-1	-1	-1	-1
XMTQxOTEyNTk4NA==	11	13	13	13	13	13	14	14	14	14	16	-1	-1	-1	-1	-1	-1	-1	-1	-1	-1	-1	-1	-1	-1	-1	-1	-1	-1	-1
XMTQxODc3MzE2OA==	24	25	24	23	25	25	25	25	25	27	27	27	27	27	27	27	27	27	27	27	-1	-1	-1	-1	-1	-1	-1	-1	-1	-1
XMTQxODE2NzI1Mg==	167	194	-1	-1	-1	-1	-1	-1	-1	-1	-1	-1	-1	-1	-1	-1	-1	-1	-1	-1	-1	-1	-1	-1	-1	-1	-1	-1	-1	-1
XMTQxOTA2NzA1Ng==	-1	-1	-1	-1	-1	-1	-1	-1	-1	-1	-1	-1	-1	-1	-1	-1	-1	-1	-1	-1	-1	-1	-1	-1	-1	-1	-1	-1	-1	-1
XMTQxODc0NjA3Mg==	123	135	129	137	178	182	193	195	199	202	206	207	208	214	220	225	231	232	234	235	239	249	251	-1	-1	-1	-1	-1	-1	-1
XMTQxODQ2MTEyNA==	522	546	540	561	573	573	581	582	583	586	589	591	593	593	596	598	-1	-1	-1	-1	-1	-1	-1	-1	-1	-1	-1	-1	-1	-1
XMTQxOTY3MTA0MA==	25	-1	-1	-1	-1	-1	-1	-1	-1	-1	-1	-1	-1	-1	-1	-1	-1	-1	-1	-1	-1	-1	-1	-1	-1	-1	-1	-1	-1	-1
XMTQxODg3NjgwMA==	26	26	30	30	31	31	31	31	-1	-1	-1	-1	-1	-1	-1	-1	-1	-1	-1	-1	-1	-1	-1	-1	-1	-1	-1	-1	-1	-1
XMTQxOTAyMDg0MA==	148	159	165	165	-1	-1	-1	-1	-1	-1	-1	-1	-1	-1	-1	-1	-1	-1	-1	-1	-1	-1	-1	-1	-1	-1	-1	-1	-1	-1
XMTQxOTY4MjQzMg==	7	8	-1	-1	-1	-1	-1	-1	-1	-1	-1	-1	-1	-1	-1	-1	-1	-1	-1	-1	-1	-1	-1	-1	-1	-1	-1	-1	-1	-1
XMTQxOTQ1MzI4NA==	16	17	17	17	17	17	17	19	-1	-1	-1	-1	-1	-1	-1	-1	-1	-1	-1	-1	-1	-1	-1	-1	-1	-1	-1	-1	-1	-1
XMTQxOTk4MTkxNg==	23	-1	-1	-1	-1	-1	-1	-1	-1	-1	-1	-1	-1	-1	-1	-1	-1	-1	-1	-1	-1	-1	-1	-1	-1	-1	-1	-1	-1	-1
XMTQxOTkyMDQ2OA==	8	251	340	369	378	378	379	388	390	392	397	398	398	399	400	415	425	430	430	-1	-1	-1	-1	-1	-1	-1	-1	-1	-1	-1
XMTQxODk4ODQ0NA==	33	38	38	36	35	35	-1	-1	-1	-1	-1	-1	-1	-1	-1	-1	-1	-1	-1	-1	-1	-1	-1	-1	-1	-1	-1	-1	-1	-1
XMTQxOTA0OTA2OA==	13	15	14	14	14	14	14	14	14	15	15	-1	-1	-1	-1	-1	-1	-1	-1	-1	-1	-1	-1	-1	-1	-1	-1	-1	-1	-1
XMTQxOTIxODM0MA==	609	854	919	936	1001	1008	1028	1050	-1	-1	-1	-1	-1	-1	-1	-1	-1	-1	-1	-1	-1	-1	-1	-1	-1	-1	-1	-1	-1	-1
XMTQxOTAyOTUyOA==	11	12	12	12	11	-1	-1	-1	-1	-1	-1	-1	-1	-1	-1	-1	-1	-1	-1	-1	-1	-1	-1	-1	-1	-1	-1	-1	-1	-1
XMTQxOTM0Njc2OA==	196	440	572	589	584	585	585	592	598	-1	-1	-1	-1	-1	-1	-1	-1	-1	-1	-1	-1	-1	-1	-1	-1	-1	-1	-1	-1	-1
XMTQxODI0MzcwMA==	8	-1	-1	-1	-1	-1	-1	-1	-1	-1	-1	-1	-1	-1	-1	-1	-1	-1	-1	-1	-1	-1	-1	-1	-1	-1	-1	-1	-1	-1
XMTQxODc2NjYwMA==	934	1172	-1	-1	-1	-1	-1	-1	-1	-1	-1	-1	-1	-1	-1	-1	-1	-1	-1	-1	-1	-1	-1	-1	-1	-1	-1	-1	-1	-1
XMTQxOTEzMTg5Ng==	37	43	53	57	66	66	72	81	83	84	84	88	93	94	94	97	101	103	105	105	109	110	-1	-1	-1	-1	-1	-1	-1	-1
XMTQxOTc2Mjc4NA==	818534	3301210	3380412	1168006	28603	28689	28748	28859	28942	28992	29045	29093	29111	29107	-1	-1	-1	-1	-1	-1	-1	-1	-1	-1	-1	-1	-1	-1	-1	-1
XMTQxOTUwMTI3Ng==	10	10	10	10	-1	-1	-1	-1	-1	-1	-1	-1	-1	-1	-1	-1	-1	-1	-1	-1	-1	-1	-1	-1	-1	-1	-1	-1	-1	-1
XMTQxOTAwNDU2OA==	34	38	47	-1	-1	-1	-1	-1	-1	-1	-1	-1	-1	-1	-1	-1	-1	-1	-1	-1	-1	-1	-1	-1	-1	-1	-1	-1	-1	-1
XMTQxOTI1NjY2NA==	8	8	8	6	6	6	6	6	6	6	6	-1	-1	-1	-1	-1	-1	-1	-1	-1	-1	-1	-1	-1	-1	-1	-1	-1	-1	-1
XMTQxODY1NzE4OA==	19	27	26	38	45	48	48	50	53	-1	-1	-1	-1	-1	-1	-1	-1	-1	-1	-1	-1	-1	-1	-1	-1	-1	-1	-1	-1	-1
XMTQxODUxNDAwNA==	623	767	1099	1136	1145	1166	1197	1210	1232	1239	1254	1272	1287	1309	1315	1317	1323	-1	-1	-1	-1	-1	-1	-1	-1	-1	-1	-1	-1	-1
XMTQxOTAxNjQxMg==	57	64	64	61	61	62	-1	-1	-1	-1	-1	-1	-1	-1	-1	-1	-1	-1	-1	-1	-1	-1	-1	-1	-1	-1	-1	-1	-1	-1
XMTQxODkyODgxNg==	47	-1	-1	-1	-1	-1	-1	-1	-1	-1	-1	-1	-1	-1	-1	-1	-1	-1	-1	-1	-1	-1	-1	-1	-1	-1	-1	-1	-1	-1
XMTQxODc3ODcyNA==	42	42	42	42	-1	-1	-1	-1	-1	-1	-1	-1	-1	-1	-1	-1	-1	-1	-1	-1	-1	-1	-1	-1	-1	-1	-1	-1	-1	-1
XMTQxODQ1ODU3Ng==	1026	1100	1135	1201	1303	1375	1521	1570	1640	1693	1796	1913	1989	2060	2104	2150	2209	-1	-1	-1	-1	-1	-1	-1	-1	-1	-1	-1	-1	-1
XMTQxODY1MDAzNg==	27	29	-1	-1	-1	-1	-1	-1	-1	-1	-1	-1	-1	-1	-1	-1	-1	-1	-1	-1	-1	-1	-1	-1	-1	-1	-1	-1	-1	-1
XMTQxODk0NzUzMg==	26	27	27	25	-1	-1	-1	-1	-1	-1	-1	-1	-1	-1	-1	-1	-1	-1	-1	-1	-1	-1	-1	-1	-1	-1	-1	-1	-1	-1
XMTQxODczMDE2OA==	70	-1	-1	-1	-1	-1	-1	-1	-1	-1	-1	-1	-1	-1	-1	-1	-1	-1	-1	-1	-1	-1	-1	-1	-1	-1	-1	-1	-1	-1
XMTQxOTI1MTk1Ng==	85	124	137	201	-1	-1	-1	-1	-1	-1	-1	-1	-1	-1	-1	-1	-1	-1	-1	-1	-1	-1	-1	-1	-1	-1	-1	-1	-1	-1
XMTQxOTE0ODIyOA==	177	303	421	517	789	942	1256	-1	-1	-1	-1	-1	-1	-1	-1	-1	-1	-1	-1	-1	-1	-1	-1	-1	-1	-1	-1	-1	-1	-1
XMTQxODc4NDI1Ng==	4	5	5	5	5	5	-1	-1	-1	-1	-1	-1	-1	-1	-1	-1	-1	-1	-1	-1	-1	-1	-1	-1	-1	-1	-1	-1	-1	-1
XMTQxOTE4OTMyOA==	127	248	296	328	349	360	367	372	-1	-1	-1	-1	-1	-1	-1	-1	-1	-1	-1	-1	-1	-1	-1	-1	-1	-1	-1	-1	-1	-1
XMTQxODc3MzIzMg==	35	39	39	39	40	42	41	41	42	42	42	41	41	41	41	41	-1	-1	-1	-1	-1	-1	-1	-1	-1	-1	-1	-1	-1	-1
XMTQxOTIxOTI0NA==	34	36	36	36	35	35	40	40	40	40	40	40	40	40	40	40	40	40	40	40	40	40	40	40	40	-1	-1	-1	-1	-1
XMTQxODM4MDkyMA==	21	22	22	22	23	23	23	25	25	25	25	26	-1	-1	-1	-1	-1	-1	-1	-1	-1	-1	-1	-1	-1	-1	-1	-1	-1	-1
XMTQxODQ4MzM5Ng==	156	167	167	170	170	170	190	193	240	253	260	261	262	266	-1	-1	-1	-1	-1	-1	-1	-1	-1	-1	-1	-1	-1	-1	-1	-1
XMTQxOTM5OTA0OA==	37	63	70	69	71	71	71	71	72	73	73	91	91	91	-1	-1	-1	-1	-1	-1	-1	-1	-1	-1	-1	-1	-1	-1	-1	-1
XMTQxODI5OTI2OA==	18	18	17	17	-1	-1	-1	-1	-1	-1	-1	-1	-1	-1	-1	-1	-1	-1	-1	-1	-1	-1	-1	-1	-1	-1	-1	-1	-1	-1
XMTQxODcxNTQ3Mg==	33	38	44	45	50	53	56	58	58	59	60	62	65	66	67	69	70	72	73	74	74	76	77	-1	-1	-1	-1	-1	-1	-1
XMTQxODQ4NzkzMg==	24	-1	-1	-1	-1	-1	-1	-1	-1	-1	-1	-1	-1	-1	-1	-1	-1	-1	-1	-1	-1	-1	-1	-1	-1	-1	-1	-1	-1	-1
XMTQxODk4MTI2MA==	8	-1	-1	-1	-1	-1	-1	-1	-1	-1	-1	-1	-1	-1	-1	-1	-1	-1	-1	-1	-1	-1	-1	-1	-1	-1	-1	-1	-1	-1
XMTQxOTE2MjEzMg==	-1	-1	-1	-1	-1	-1	-1	-1	-1	-1	-1	-1	-1	-1	-1	-1	-1	-1	-1	-1	-1	-1	-1	-1	-1	-1	-1	-1	-1	-1
XMTQxOTMwNjE4OA==	9	13	-1	-1	-1	-1	-1	-1	-1	-1	-1	-1	-1	-1	-1	-1	-1	-1	-1	-1	-1	-1	-1	-1	-1	-1	-1	-1	-1	-1
XMTQxOTA4OTcwNA==	112	162	175	198	224	225	229	232	233	233	235	237	238	238	239	241	243	243	243	243	243	243	-1	-1	-1	-1	-1	-1	-1	-1
XMTQxOTIwNjQ0NA==	90	120	128	140	143	143	143	142	142	142	142	142	142	145	145	-1	-1	-1	-1	-1	-1	-1	-1	-1	-1	-1	-1	-1	-1	-1
XMTQxODcxNTc3Mg==	49	53	52	53	60	62	64	64	64	64	64	64	65	65	67	68	69	69	70	70	71	73	73	-1	-1	-1	-1	-1	-1	-1
XMTQxOTA3NjYzMg==	33	43	44	45	48	48	48	49	49	49	49	49	49	49	49	49	49	49	49	-1	-1	-1	-1	-1	-1	-1	-1	-1	-1	-1
XMTQxODk3NjM0NA==	95	-1	-1	-1	-1	-1	-1	-1	-1	-1	-1	-1	-1	-1	-1	-1	-1	-1	-1	-1	-1	-1	-1	-1	-1	-1	-1	-1	-1	-1
XMTQxODk5NTQ1Ng==	116655	200190	198844	90381	51980	52021	52094	18912	18961	18985	19020	19047	19074	19088	19090	-1	-1	-1	-1	-1	-1	-1	-1	-1	-1	-1	-1	-1	-1	-1
XMTQxODg0MTE2MA==	112	130	134	138	142	143	145	145	147	147	148	148	149	149	151	151	153	153	156	156	156	157	-1	-1	-1	-1	-1	-1	-1	-1
XMTQyMDAyMDQ1Mg==	-1	-1	-1	-1	-1	-1	-1	-1	-1	-1	-1	-1	-1	-1	-1	-1	-1	-1	-1	-1	-1	-1	-1	-1	-1	-1	-1	-1	-1	-1
XMTQxODg2NDA4MA==	27	30	29	29	30	30	31	31	31	32	32	-1	-1	-1	-1	-1	-1	-1	-1	-1	-1	-1	-1	-1	-1	-1	-1	-1	-1	-1
XMTQxODk4MTgwNA==	119248	200159	197963	87578	19819	20223	20786	21017	21294	21435	21641	21884	22191	22313	22318	-1	-1	-1	-1	-1	-1	-1	-1	-1	-1	-1	-1	-1	-1	-1
XMTQxODM5NTQwMA==	280	380	489	499	509	515	527	538	541	541	541	542	542	542	544	544	544	544	544	544	546	546	546	546	-1	-1	-1	-1	-1	-1
XMTQxODYyMzAzNg==	27	28	27	29	30	31	36	38	39	41	40	40	41	42	46	48	48	50	51	51	51	50	54	-1	-1	-1	-1	-1	-1	-1
XMTQxODY0NDcxMg==	14	-1	-1	-1	-1	-1	-1	-1	-1	-1	-1	-1	-1	-1	-1	-1	-1	-1	-1	-1	-1	-1	-1	-1	-1	-1	-1	-1	-1	-1
XMTQxOTMxNjU0MA==	14	19	20	23	23	23	23	23	23	23	23	23	23	23	23	23	23	23	23	23	23	23	23	-1	-1	-1	-1	-1	-1	-1
XMTQxODgyMzUzMg==	323	463	504	514	527	531	536	539	542	546	557	580	584	592	597	600	602	603	606	609	612	615	621	624	627	628	636	643	652	-1
XMTQxODcxNzkyNA==	1874	-1	-1	-1	-1	-1	-1	-1	-1	-1	-1	-1	-1	-1	-1	-1	-1	-1	-1	-1	-1	-1	-1	-1	-1	-1	-1	-1	-1	-1
XMTQxOTcxODE5Mg==	15	-1	-1	-1	-1	-1	-1	-1	-1	-1	-1	-1	-1	-1	-1	-1	-1	-1	-1	-1	-1	-1	-1	-1	-1	-1	-1	-1	-1	-1
XMTQxODkzMTk5Mg==	300	363	382	402	481	-1	-1	-1	-1	-1	-1	-1	-1	-1	-1	-1	-1	-1	-1	-1	-1	-1	-1	-1	-1	-1	-1	-1	-1	-1
XMTQxODQ1NjkyMA==	599	629	639	683	723	741	773	800	833	850	870	894	923	955	973	986	1024	-1	-1	-1	-1	-1	-1	-1	-1	-1	-1	-1	-1	-1
XMTQxODY5NjY0NA==	34	-1	-1	-1	-1	-1	-1	-1	-1	-1	-1	-1	-1	-1	-1	-1	-1	-1	-1	-1	-1	-1	-1	-1	-1	-1	-1	-1	-1	-1
XMTQxODkzNTE2OA==	17	-1	-1	-1	-1	-1	-1	-1	-1	-1	-1	-1	-1	-1	-1	-1	-1	-1	-1	-1	-1	-1	-1	-1	-1	-1	-1	-1	-1	-1
XMTQxODc3NDk5Mg==	17	18	19	21	22	22	22	22	24	-1	-1	-1	-1	-1	-1	-1	-1	-1	-1	-1	-1	-1	-1	-1	-1	-1	-1	-1	-1	-1
XMTQxOTkxNjQ1Mg==	3	7	7	7	7	7	7	7	7	7	7	7	7	7	-1	-1	-1	-1	-1	-1	-1	-1	-1	-1	-1	-1	-1	-1	-1	-1
XMTQxODg1NTUxMg==	500	635	696	705	710	711	712	712	712	712	714	714	714	714	716	716	-1	-1	-1	-1	-1	-1	-1	-1	-1	-1	-1	-1	-1	-1
XMTQxODUwMDUxNg==	579	607	631	638	656	660	672	676	678	684	687	698	702	704	703	712	714	-1	-1	-1	-1	-1	-1	-1	-1	-1	-1	-1	-1	-1
XMTQxODcyMTMxNg==	34	40	37	38	36	37	43	47	46	41	43	47	49	50	48	51	51	51	56	59	70	69	76	-1	-1	-1	-1	-1	-1	-1
XMTQxODk2NTYxMg==	64	71	73	76	77	82	82	-1	-1	-1	-1	-1	-1	-1	-1	-1	-1	-1	-1	-1	-1	-1	-1	-1	-1	-1	-1	-1	-1	-1
XMTQxOTMwOTU5Ng==	32	88	108	116	120	121	120	122	123	122	122	122	122	124	124	124	122	122	122	122	122	122	122	122	123	124	124	125	125	-1
XMTQxOTA2NTQ0MA==	1134	1241	1246	1248	1258	1259	1264	1264	1264	1264	1264	1265	1268	1268	1268	1269	1269	1269	1269	1269	-1	-1	-1	-1	-1	-1	-1	-1	-1	-1
XMTQxODUzMzQwNA==	533	768	1272	1303	1280	1295	1308	1322	1328	1334	1347	1363	1374	1383	1390	1396	1405	-1	-1	-1	-1	-1	-1	-1	-1	-1	-1	-1	-1	-1
XMTQxOTAzOTk0OA==	8	9	11	11	11	11	-1	-1	-1	-1	-1	-1	-1	-1	-1	-1	-1	-1	-1	-1	-1	-1	-1	-1	-1	-1	-1	-1	-1	-1
XMTQxODg3NjY2NA==	10	12	12	12	12	12	12	12	12	12	12	14	14	14	14	14	14	14	14	14	14	14	14	14	14	-1	-1	-1	-1	-1
XMTQxOTkzMzEwNA==	16	-1	-1	-1	-1	-1	-1	-1	-1	-1	-1	-1	-1	-1	-1	-1	-1	-1	-1	-1	-1	-1	-1	-1	-1	-1	-1	-1	-1	-1
XMTQxODY5MTgxNg==	40	48	49	57	65	66	74	80	88	89	97	104	105	106	104	108	109	110	112	113	113	128	140	-1	-1	-1	-1	-1	-1	-1
XMTQxODI5NDk2MA==	25	25	24	23	24	24	24	25	-1	-1	-1	-1	-1	-1	-1	-1	-1	-1	-1	-1	-1	-1	-1	-1	-1	-1	-1	-1	-1	-1
XMTQxOTM2NTEyNA==	6	-1	-1	-1	-1	-1	-1	-1	-1	-1	-1	-1	-1	-1	-1	-1	-1	-1	-1	-1	-1	-1	-1	-1	-1	-1	-1	-1	-1	-1
XMTQxODEzMDUyOA==	21	23	-1	-1	-1	-1	-1	-1	-1	-1	-1	-1	-1	-1	-1	-1	-1	-1	-1	-1	-1	-1	-1	-1	-1	-1	-1	-1	-1	-1
XMTQxOTExMTI1Mg==	75	131	194	266	390	396	414	439	471	492	514	533	553	589	610	644	668	683	704	720	742	764	-1	-1	-1	-1	-1	-1	-1	-1
XMTQxODc4NDIwNA==	9	10	8	-1	-1	-1	-1	-1	-1	-1	-1	-1	-1	-1	-1	-1	-1	-1	-1	-1	-1	-1	-1	-1	-1	-1	-1	-1	-1	-1
XMTQxODYxODg0MA==	182	-1	-1	-1	-1	-1	-1	-1	-1	-1	-1	-1	-1	-1	-1	-1	-1	-1	-1	-1	-1	-1	-1	-1	-1	-1	-1	-1	-1	-1
XMTQxODgyMjQ2NA==	17	18	18	17	17	17	17	17	17	17	17	17	17	17	17	17	17	-1	-1	-1	-1	-1	-1	-1	-1	-1	-1	-1	-1	-1
XMTQxOTIyNzM0MA==	12	14	14	14	14	14	16	16	16	16	16	16	17	17	17	18	18	18	18	19	20	19	19	19	19	19	19	-1	-1	-1
XMTQxOTE3NzAwOA==	107	171	205	213	253	279	311	320	323	324	326	329	334	338	346	348	351	-1	-1	-1	-1	-1	-1	-1	-1	-1	-1	-1	-1	-1
XMTQxOTI3NzY5Mg==	17	-1	-1	-1	-1	-1	-1	-1	-1	-1	-1	-1	-1	-1	-1	-1	-1	-1	-1	-1	-1	-1	-1	-1	-1	-1	-1	-1	-1	-1
XMTQxOTg3MzM0NA==	10	-1	-1	-1	-1	-1	-1	-1	-1	-1	-1	-1	-1	-1	-1	-1	-1	-1	-1	-1	-1	-1	-1	-1	-1	-1	-1	-1	-1	-1
XMTQxOTE0MjAxMg==	9	12	13	11	-1	-1	-1	-1	-1	-1	-1	-1	-1	-1	-1	-1	-1	-1	-1	-1	-1	-1	-1	-1	-1	-1	-1	-1	-1	-1
XMTQxOTAzODg4OA==	16	17	17	17	17	17	17	17	-1	-1	-1	-1	-1	-1	-1	-1	-1	-1	-1	-1	-1	-1	-1	-1	-1	-1	-1	-1	-1	-1
XMTQxODY2NjIzNg==	61	64	-1	-1	-1	-1	-1	-1	-1	-1	-1	-1	-1	-1	-1	-1	-1	-1	-1	-1	-1	-1	-1	-1	-1	-1	-1	-1	-1	-1
XMTQxODk0Mjc2NA==	36	-1	-1	-1	-1	-1	-1	-1	-1	-1	-1	-1	-1	-1	-1	-1	-1	-1	-1	-1	-1	-1	-1	-1	-1	-1	-1	-1	-1	-1
XMTQxODYxNzUyMA==	171	189	200	205	209	209	216	219	221	222	229	231	235	235	235	235	235	235	242	243	243	243	246	246	247	247	248	249	251	-1
XMTQxODM3Nzc0MA==	30	30	28	27	27	27	27	27	27	27	-1	-1	-1	-1	-1	-1	-1	-1	-1	-1	-1	-1	-1	-1	-1	-1	-1	-1	-1	-1
XMTQxODMyMjAwMA==	413	-1	-1	-1	-1	-1	-1	-1	-1	-1	-1	-1	-1	-1	-1	-1	-1	-1	-1	-1	-1	-1	-1	-1	-1	-1	-1	-1	-1	-1
XMTQxOTU2NzkzNg==	13	17	24	27	30	30	30	30	30	30	31	31	32	32	33	33	33	33	33	33	-1	-1	-1	-1	-1	-1	-1	-1	-1	-1
XMTQxODkwMDg1Ng==	22	-1	-1	-1	-1	-1	-1	-1	-1	-1	-1	-1	-1	-1	-1	-1	-1	-1	-1	-1	-1	-1	-1	-1	-1	-1	-1	-1	-1	-1
XMTQxODcyMTkwOA==	18	-1	-1	-1	-1	-1	-1	-1	-1	-1	-1	-1	-1	-1	-1	-1	-1	-1	-1	-1	-1	-1	-1	-1	-1	-1	-1	-1	-1	-1
XMTQxOTgxMzI2MA==	9	11	11	11	11	11	11	11	-1	-1	-1	-1	-1	-1	-1	-1	-1	-1	-1	-1	-1	-1	-1	-1	-1	-1	-1	-1	-1	-1
XMTQxOTc1MTUxMg==	46	67	74	84	101	101	101	101	101	101	103	105	105	105	105	105	105	105	105	105	105	-1	-1	-1	-1	-1	-1	-1	-1	-1
XMTQxODgyNjU0NA==	359	-1	-1	-1	-1	-1	-1	-1	-1	-1	-1	-1	-1	-1	-1	-1	-1	-1	-1	-1	-1	-1	-1	-1	-1	-1	-1	-1	-1	-1
XMTQxODk5NjUyNA==	2174	3202	4278	5481	7672	8891	10484	11035	11411	11646	11999	12808	-1	-1	-1	-1	-1	-1	-1	-1	-1	-1	-1	-1	-1	-1	-1	-1	-1	-1
XMTQxODQyMjA3Mg==	-1	-1	-1	-1	-1	-1	-1	-1	-1	-1	-1	-1	-1	-1	-1	-1	-1	-1	-1	-1	-1	-1	-1	-1	-1	-1	-1	-1	-1	-1
XMTQxODM1ODkyNA==	9	11	14	16	22	22	24	23	23	23	23	23	25	27	27	27	27	27	27	27	27	27	27	27	-1	-1	-1	-1	-1	-1
XMTQxOTkwNzk3Ng==	3	9	9	9	-1	-1	-1	-1	-1	-1	-1	-1	-1	-1	-1	-1	-1	-1	-1	-1	-1	-1	-1	-1	-1	-1	-1	-1	-1	-1
XMTQxOTA3Mzc1Ng==	347	413	443	454	490	502	525	532	543	545	552	574	587	597	606	611	614	622	629	639	648	649	653	654	662	-1	-1	-1	-1	-1
XMTQxOTkzMzk0OA==	5	-1	-1	-1	-1	-1	-1	-1	-1	-1	-1	-1	-1	-1	-1	-1	-1	-1	-1	-1	-1	-1	-1	-1	-1	-1	-1	-1	-1	-1
XMTQxOTE2MTE0MA==	34	40	45	44	45	46	47	47	47	-1	-1	-1	-1	-1	-1	-1	-1	-1	-1	-1	-1	-1	-1	-1	-1	-1	-1	-1	-1	-1
XMTQxOTE0MTYwNA==	49	60	-1	-1	-1	-1	-1	-1	-1	-1	-1	-1	-1	-1	-1	-1	-1	-1	-1	-1	-1	-1	-1	-1	-1	-1	-1	-1	-1	-1
XMTQxODU5MzIyNA==	198	-1	-1	-1	-1	-1	-1	-1	-1	-1	-1	-1	-1	-1	-1	-1	-1	-1	-1	-1	-1	-1	-1	-1	-1	-1	-1	-1	-1	-1
XMTQxOTM3MzA2NA==	6	6	6	3	-1	-1	-1	-1	-1	-1	-1	-1	-1	-1	-1	-1	-1	-1	-1	-1	-1	-1	-1	-1	-1	-1	-1	-1	-1	-1
XMTQxOTEwNDc5Ng==	-1	-1	-1	-1	-1	-1	-1	-1	-1	-1	-1	-1	-1	-1	-1	-1	-1	-1	-1	-1	-1	-1	-1	-1	-1	-1	-1	-1	-1	-1
XMTQxODQxNjE5Ng==	26	26	26	26	-1	-1	-1	-1	-1	-1	-1	-1	-1	-1	-1	-1	-1	-1	-1	-1	-1	-1	-1	-1	-1	-1	-1	-1	-1	-1
XMTQxODc0Njg0OA==	24	27	25	26	27	-1	-1	-1	-1	-1	-1	-1	-1	-1	-1	-1	-1	-1	-1	-1	-1	-1	-1	-1	-1	-1	-1	-1	-1	-1
XMTQxODYxNDE4OA==	36	42	42	44	47	47	-1	-1	-1	-1	-1	-1	-1	-1	-1	-1	-1	-1	-1	-1	-1	-1	-1	-1	-1	-1	-1	-1	-1	-1
XMTQxODU5MzQyNA==	12	12	11	10	11	12	-1	-1	-1	-1	-1	-1	-1	-1	-1	-1	-1	-1	-1	-1	-1	-1	-1	-1	-1	-1	-1	-1	-1	-1
XMTQxOTAwNTU2MA==	-1	-1	-1	-1	-1	-1	-1	-1	-1	-1	-1	-1	-1	-1	-1	-1	-1	-1	-1	-1	-1	-1	-1	-1	-1	-1	-1	-1	-1	-1
XMTQxODY2ODM4NA==	19	26	25	29	34	37	40	43	47	48	49	49	50	50	53	58	58	60	62	65	63	64	67	-1	-1	-1	-1	-1	-1	-1
XMTQxODk5MzMwOA==	18	20	21	21	22	22	26	28	-1	-1	-1	-1	-1	-1	-1	-1	-1	-1	-1	-1	-1	-1	-1	-1	-1	-1	-1	-1	-1	-1
XMTQxODI3NDEwOA==	113	114	104	107	105	107	107	110	112	113	113	113	116	117	118	119	120	120	121	121	123	128	-1	-1	-1	-1	-1	-1	-1	-1
XMTQxODkwNDMwMA==	30	-1	-1	-1	-1	-1	-1	-1	-1	-1	-1	-1	-1	-1	-1	-1	-1	-1	-1	-1	-1	-1	-1	-1	-1	-1	-1	-1	-1	-1
XMTQxOTY4MjMwMA==	6	-1	-1	-1	-1	-1	-1	-1	-1	-1	-1	-1	-1	-1	-1	-1	-1	-1	-1	-1	-1	-1	-1	-1	-1	-1	-1	-1	-1	-1
XMTQxODk2MzkyOA==	512	535	523	529	536	538	538	540	544	547	555	562	569	575	576	574	576	577	579	582	582	584	586	-1	-1	-1	-1	-1	-1	-1
XMTQxODg5NzM4OA==	202	270	318	402	-1	-1	-1	-1	-1	-1	-1	-1	-1	-1	-1	-1	-1	-1	-1	-1	-1	-1	-1	-1	-1	-1	-1	-1	-1	-1
XMTQxOTQwNjIzNg==	38	-1	-1	-1	-1	-1	-1	-1	-1	-1	-1	-1	-1	-1	-1	-1	-1	-1	-1	-1	-1	-1	-1	-1	-1	-1	-1	-1	-1	-1
XMTQxODkyMzE5Ng==	45	48	55	54	54	54	54	-1	-1	-1	-1	-1	-1	-1	-1	-1	-1	-1	-1	-1	-1	-1	-1	-1	-1	-1	-1	-1	-1	-1
XMTQxODkzOTk5Mg==	10	12	11	11	9	9	9	9	9	-1	-1	-1	-1	-1	-1	-1	-1	-1	-1	-1	-1	-1	-1	-1	-1	-1	-1	-1	-1	-1
XMTQxODg0MTA2NA==	58	60	61	61	59	59	60	60	61	63	63	-1	-1	-1	-1	-1	-1	-1	-1	-1	-1	-1	-1	-1	-1	-1	-1	-1	-1	-1
XMTQxOTM2MjgxMg==	775	1041	1123	1148	1223	1241	1275	1302	1327	-1	-1	-1	-1	-1	-1	-1	-1	-1	-1	-1	-1	-1	-1	-1	-1	-1	-1	-1	-1	-1
XMTQxOTc5OTUyNA==	3	-1	-1	-1	-1	-1	-1	-1	-1	-1	-1	-1	-1	-1	-1	-1	-1	-1	-1	-1	-1	-1	-1	-1	-1	-1	-1	-1	-1	-1
XMTQxOTk0NTY2NA==	1	-1	-1	-1	-1	-1	-1	-1	-1	-1	-1	-1	-1	-1	-1	-1	-1	-1	-1	-1	-1	-1	-1	-1	-1	-1	-1	-1	-1	-1
XMTQxODU4ODUzMg==	240	305	367	432	472	481	502	522	530	535	536	540	545	556	560	564	572	577	581	585	594	604	-1	-1	-1	-1	-1	-1	-1	-1
XMTQxODY4NjMwMA==	45	50	51	56	58	59	60	61	63	65	69	75	77	77	74	77	81	82	86	88	90	94	98	-1	-1	-1	-1	-1	-1	-1
XMTQxODk3NzQyOA==	39	-1	-1	-1	-1	-1	-1	-1	-1	-1	-1	-1	-1	-1	-1	-1	-1	-1	-1	-1	-1	-1	-1	-1	-1	-1	-1	-1	-1	-1
XMTQxOTE3MTc1Ng==	1085	2166	2628	3041	3542	-1	-1	-1	-1	-1	-1	-1	-1	-1	-1	-1	-1	-1	-1	-1	-1	-1	-1	-1	-1	-1	-1	-1	-1	-1
XMTQxOTM2MjgyOA==	373	483	544	592	621	631	648	659	662	-1	-1	-1	-1	-1	-1	-1	-1	-1	-1	-1	-1	-1	-1	-1	-1	-1	-1	-1	-1	-1
XMTQxODk1MjA3Mg==	375	405	406	410	15694	15726	15834	14069	-1	-1	-1	-1	-1	-1	-1	-1	-1	-1	-1	-1	-1	-1	-1	-1	-1	-1	-1	-1	-1	-1
XMTQxODUyNjIzMg==	638	844	1253	1300	1364	1426	1496	1524	1560	1593	1643	1713	1784	1838	1858	1881	1910	-1	-1	-1	-1	-1	-1	-1	-1	-1	-1	-1	-1	-1
XMTQxODg5ODMzMg==	75	81	79	79	78	78	78	78	79	79	79	79	79	79	79	79	79	79	79	79	79	79	79	-1	-1	-1	-1	-1	-1	-1
XMTQxOTA3NTcxMg==	132	185	187	183	187	190	193	196	198	198	198	198	198	198	198	198	198	198	198	198	198	198	-1	-1	-1	-1	-1	-1	-1	-1
XMTQxODc0MzQ4NA==	12	13	13	12	12	12	12	12	12	12	12	12	12	12	12	12	12	-1	-1	-1	-1	-1	-1	-1	-1	-1	-1	-1	-1	-1
XMTQxOTEwMzI3Ng==	12	14	14	14	13	13	13	13	13	13	13	13	13	-1	-1	-1	-1	-1	-1	-1	-1	-1	-1	-1	-1	-1	-1	-1	-1	-1
XMTQxODQ4Njc3Mg==	436	446	427	431	436	436	435	439	440	440	441	444	445	446	447	447	-1	-1	-1	-1	-1	-1	-1	-1	-1	-1	-1	-1	-1	-1
XMTQxODg1NTIwNA==	22	25	34	-1	-1	-1	-1	-1	-1	-1	-1	-1	-1	-1	-1	-1	-1	-1	-1	-1	-1	-1	-1	-1	-1	-1	-1	-1	-1	-1
XMTQxODUwOTU4MA==	4231	4615	4762	4845	5481	-1	-1	-1	-1	-1	-1	-1	-1	-1	-1	-1	-1	-1	-1	-1	-1	-1	-1	-1	-1	-1	-1	-1	-1	-1
XMTQxODQ5Mzc2OA==	582	611	594	599	607	608	616	616	616	616	617	619	620	623	623	623	625	-1	-1	-1	-1	-1	-1	-1	-1	-1	-1	-1	-1	-1
XMTQxODg0NTY3Mg==	27	34	43	46	-1	-1	-1	-1	-1	-1	-1	-1	-1	-1	-1	-1	-1	-1	-1	-1	-1	-1	-1	-1	-1	-1	-1	-1	-1	-1
XMTQxOTg1MjM2NA==	34	47	59	67	78	78	-1	-1	-1	-1	-1	-1	-1	-1	-1	-1	-1	-1	-1	-1	-1	-1	-1	-1	-1	-1	-1	-1	-1	-1
XMTQxOTAyNTIwOA==	32	36	37	32	32	32	-1	-1	-1	-1	-1	-1	-1	-1	-1	-1	-1	-1	-1	-1	-1	-1	-1	-1	-1	-1	-1	-1	-1	-1
XMTQxOTIxMDIwOA==	70	76	76	73	72	72	-1	-1	-1	-1	-1	-1	-1	-1	-1	-1	-1	-1	-1	-1	-1	-1	-1	-1	-1	-1	-1	-1	-1	-1
XMTQxOTYyNDMzMg==	48	134	140	141	155	155	156	156	156	157	157	158	158	158	158	158	158	158	159	160	160	160	161	161	162	162	162	162	-1	-1
XMTQxODQ3MjM4MA==	1183	1259	1216	1242	1291	1310	1339	1359	1364	1380	1398	1427	1447	1471	1476	1486	-1	-1	-1	-1	-1	-1	-1	-1	-1	-1	-1	-1	-1	-1
XMTQxODk1Mzk5Mg==	176	194	188	2686	5638	6003	-1	-1	-1	-1	-1	-1	-1	-1	-1	-1	-1	-1	-1	-1	-1	-1	-1	-1	-1	-1	-1	-1	-1	-1
XMTQxODYxMjU0NA==	47	49	49	55	59	59	62	65	66	66	71	71	73	74	76	80	80	86	91	93	101	104	106	-1	-1	-1	-1	-1	-1	-1
XMTQxOTcxMzA4NA==	37	180	240	300	-1	-1	-1	-1	-1	-1	-1	-1	-1	-1	-1	-1	-1	-1	-1	-1	-1	-1	-1	-1	-1	-1	-1	-1	-1	-1
XMTQxODMzNDE4NA==	7	7	7	7	7	7	7	7	7	7	7	7	7	7	7	7	7	7	7	7	7	7	7	7	7	7	7	7	-1	-1
XMTQxODk4NTA2OA==	-1	-1	-1	-1	-1	-1	-1	-1	-1	-1	-1	-1	-1	-1	-1	-1	-1	-1	-1	-1	-1	-1	-1	-1	-1	-1	-1	-1	-1	-1
XMTQxODgyNTEyNA==	1533	2091	2221	2304	2463	2495	2572	2623	2658	2693	2727	2765	2790	2819	2841	2853	2855	2856	2858	2859	-1	-1	-1	-1	-1	-1	-1	-1	-1	-1
XMTQxOTg1MDc2MA==	13	25	29	34	37	39	39	39	40	40	45	45	44	-1	-1	-1	-1	-1	-1	-1	-1	-1	-1	-1	-1	-1	-1	-1	-1	-1
XMTQxOTgxMzc3Mg==	341	-1	-1	-1	-1	-1	-1	-1	-1	-1	-1	-1	-1	-1	-1	-1	-1	-1	-1	-1	-1	-1	-1	-1	-1	-1	-1	-1	-1	-1
XMTQxODgzOTY0NA==	65	72	74	69	70	70	70	70	70	-1	-1	-1	-1	-1	-1	-1	-1	-1	-1	-1	-1	-1	-1	-1	-1	-1	-1	-1	-1	-1
XMTQxOTc1MTQ4NA==	6	7	7	7	7	7	7	7	7	7	7	7	7	7	-1	-1	-1	-1	-1	-1	-1	-1	-1	-1	-1	-1	-1	-1	-1	-1
XMTQxOTA1OTQxNg==	31	36	35	34	34	35	36	36	36	36	-1	-1	-1	-1	-1	-1	-1	-1	-1	-1	-1	-1	-1	-1	-1	-1	-1	-1	-1	-1
XMTQxODM4OTczMg==	13	13	11	11	11	11	11	11	11	11	11	11	-1	-1	-1	-1	-1	-1	-1	-1	-1	-1	-1	-1	-1	-1	-1	-1	-1	-1
XMTQxODY3MDYyOA==	20	26	27	32	36	37	55	60	63	64	64	65	66	67	76	83	87	89	91	87	89	89	90	-1	-1	-1	-1	-1	-1	-1
XMTQxODc4NTU5Mg==	31	40	44	50	-1	-1	-1	-1	-1	-1	-1	-1	-1	-1	-1	-1	-1	-1	-1	-1	-1	-1	-1	-1	-1	-1	-1	-1	-1	-1
XMTQxOTQzNDg1Ng==	96	-1	-1	-1	-1	-1	-1	-1	-1	-1	-1	-1	-1	-1	-1	-1	-1	-1	-1	-1	-1	-1	-1	-1	-1	-1	-1	-1	-1	-1
XMTQxODU2MDQ5Mg==	44	50	53	53	58	64	-1	-1	-1	-1	-1	-1	-1	-1	-1	-1	-1	-1	-1	-1	-1	-1	-1	-1	-1	-1	-1	-1	-1	-1
XMTQxODQzODEyOA==	843	872	-1	-1	-1	-1	-1	-1	-1	-1	-1	-1	-1	-1	-1	-1	-1	-1	-1	-1	-1	-1	-1	-1	-1	-1	-1	-1	-1	-1
XMTQxODgzMDMzMg==	25	25	24	24	24	24	24	24	24	24	24	24	24	24	25	-1	-1	-1	-1	-1	-1	-1	-1	-1	-1	-1	-1	-1	-1	-1
XMTQxOTkzMTkwMA==	6	11	-1	-1	-1	-1	-1	-1	-1	-1	-1	-1	-1	-1	-1	-1	-1	-1	-1	-1	-1	-1	-1	-1	-1	-1	-1	-1	-1	-1
XMTQxODM3Mjk1Ng==	42	47	44	-1	-1	-1	-1	-1	-1	-1	-1	-1	-1	-1	-1	-1	-1	-1	-1	-1	-1	-1	-1	-1	-1	-1	-1	-1	-1	-1
XMTQxOTI1NTE4NA==	13	13	14	13	13	13	15	15	15	15	15	15	17	17	17	15	15	-1	-1	-1	-1	-1	-1	-1	-1	-1	-1	-1	-1	-1
XMTQxOTIyMTYwMA==	205	284	348	395	399	401	400	401	401	401	401	401	401	402	402	-1	-1	-1	-1	-1	-1	-1	-1	-1	-1	-1	-1	-1	-1	-1
XMTQxODk5ODA1Ng==	51	53	-1	-1	-1	-1	-1	-1	-1	-1	-1	-1	-1	-1	-1	-1	-1	-1	-1	-1	-1	-1	-1	-1	-1	-1	-1	-1	-1	-1
XMTQxOTk0NTc3Mg==	1	-1	-1	-1	-1	-1	-1	-1	-1	-1	-1	-1	-1	-1	-1	-1	-1	-1	-1	-1	-1	-1	-1	-1	-1	-1	-1	-1	-1	-1
XMTQxODcwNDQyOA==	23	35	34	29	29	29	29	29	29	29	29	-1	-1	-1	-1	-1	-1	-1	-1	-1	-1	-1	-1	-1	-1	-1	-1	-1	-1	-1
XMTQxODk1NzUyMA==	119417	200156	197374	86276	18681	18761	18872	18915	18945	18976	19033	19114	19212	19258	19259	-1	-1	-1	-1	-1	-1	-1	-1	-1	-1	-1	-1	-1	-1	-1
XMTQxODM4MDY0MA==	17	17	12	12	13	13	-1	-1	-1	-1	-1	-1	-1	-1	-1	-1	-1	-1	-1	-1	-1	-1	-1	-1	-1	-1	-1	-1	-1	-1
XMTQxOTQ0MjI4NA==	56	-1	-1	-1	-1	-1	-1	-1	-1	-1	-1	-1	-1	-1	-1	-1	-1	-1	-1	-1	-1	-1	-1	-1	-1	-1	-1	-1	-1	-1
XMTQxOTYxMzcwOA==	13	-1	-1	-1	-1	-1	-1	-1	-1	-1	-1	-1	-1	-1	-1	-1	-1	-1	-1	-1	-1	-1	-1	-1	-1	-1	-1	-1	-1	-1
XMTQxOTUzMTM0OA==	1	4	11	11	12	-1	-1	-1	-1	-1	-1	-1	-1	-1	-1	-1	-1	-1	-1	-1	-1	-1	-1	-1	-1	-1	-1	-1	-1	-1
XMTQxOTA5Nzg1Mg==	14	14	13	13	13	13	13	13	-1	-1	-1	-1	-1	-1	-1	-1	-1	-1	-1	-1	-1	-1	-1	-1	-1	-1	-1	-1	-1	-1
XMTQxOTMyNjExMg==	11	13	13	13	-1	-1	-1	-1	-1	-1	-1	-1	-1	-1	-1	-1	-1	-1	-1	-1	-1	-1	-1	-1	-1	-1	-1	-1	-1	-1
XMTQxOTE2NTExNg==	713	1057	1246	1366	1475	1492	1535	1559	1574	1585	1600	1609	1622	1626	1630	1633	1637	-1	-1	-1	-1	-1	-1	-1	-1	-1	-1	-1	-1	-1
XMTQxODg4NDE4MA==	16	17	-1	-1	-1	-1	-1	-1	-1	-1	-1	-1	-1	-1	-1	-1	-1	-1	-1	-1	-1	-1	-1	-1	-1	-1	-1	-1	-1	-1
XMTQxOTAzMDkzNg==	13	15	-1	-1	-1	-1	-1	-1	-1	-1	-1	-1	-1	-1	-1	-1	-1	-1	-1	-1	-1	-1	-1	-1	-1	-1	-1	-1	-1	-1
XMTQxODYxMTE5Mg==	9506	10194	10280	10227	10417	10489	10663	10780	10876	10972	11046	11184	11274	11343	11383	11444	11464	-1	-1	-1	-1	-1	-1	-1	-1	-1	-1	-1	-1	-1
XMTQxODk0MzU4MA==	78	82	82	79	78	-1	-1	-1	-1	-1	-1	-1	-1	-1	-1	-1	-1	-1	-1	-1	-1	-1	-1	-1	-1	-1	-1	-1	-1	-1
XMTQxOTI3NjY4MA==	237	381	428	464	-1	-1	-1	-1	-1	-1	-1	-1	-1	-1	-1	-1	-1	-1	-1	-1	-1	-1	-1	-1	-1	-1	-1	-1	-1	-1
XMTQxODk3MzAxMg==	47	58	64	69	83	87	-1	-1	-1	-1	-1	-1	-1	-1	-1	-1	-1	-1	-1	-1	-1	-1	-1	-1	-1	-1	-1	-1	-1	-1
XMTQxOTQyMDkyMA==	34	-1	-1	-1	-1	-1	-1	-1	-1	-1	-1	-1	-1	-1	-1	-1	-1	-1	-1	-1	-1	-1	-1	-1	-1	-1	-1	-1	-1	-1
XMTQxODY4NzI2OA==	75	84	-1	-1	-1	-1	-1	-1	-1	-1	-1	-1	-1	-1	-1	-1	-1	-1	-1	-1	-1	-1	-1	-1	-1	-1	-1	-1	-1	-1
XMTQxOTIzNTU4OA==	13	15	16	-1	-1	-1	-1	-1	-1	-1	-1	-1	-1	-1	-1	-1	-1	-1	-1	-1	-1	-1	-1	-1	-1	-1	-1	-1	-1	-1
XMTQxOTU0NDAwOA==	14	21	22	29	32	36	36	39	40	43	44	44	44	-1	-1	-1	-1	-1	-1	-1	-1	-1	-1	-1	-1	-1	-1	-1	-1	-1
XMTQxODI3MDQ4MA==	24	26	26	26	26	26	26	26	28	28	30	31	31	31	31	-1	-1	-1	-1	-1	-1	-1	-1	-1	-1	-1	-1	-1	-1	-1
XMTQxODg1NTgwMA==	21	21	21	20	20	22	25	25	25	25	25	25	25	25	25	25	25	25	25	25	25	25	-1	-1	-1	-1	-1	-1	-1	-1
XMTQxODM1NzI3Mg==	8	8	10	12	15	15	15	19	20	20	20	23	25	25	25	26	26	26	26	26	26	26	26	26	-1	-1	-1	-1	-1	-1
XMTQxOTQxNjQ4NA==	30	-1	-1	-1	-1	-1	-1	-1	-1	-1	-1	-1	-1	-1	-1	-1	-1	-1	-1	-1	-1	-1	-1	-1	-1	-1	-1	-1	-1	-1
XMTQxODc0NTM2OA==	66	77	76	80	85	88	97	96	99	104	107	107	111	114	114	117	121	125	132	140	141	141	140	-1	-1	-1	-1	-1	-1	-1
XMTQxOTM4NDkzMg==	7	-1	-1	-1	-1	-1	-1	-1	-1	-1	-1	-1	-1	-1	-1	-1	-1	-1	-1	-1	-1	-1	-1	-1	-1	-1	-1	-1	-1	-1
XMTQxODQ2MTEyOA==	512	527	516	520	522	525	528	528	530	531	532	532	534	534	535	535	-1	-1	-1	-1	-1	-1	-1	-1	-1	-1	-1	-1	-1	-1
XMTQxOTg0MjY2MA==	5	-1	-1	-1	-1	-1	-1	-1	-1	-1	-1	-1	-1	-1	-1	-1	-1	-1	-1	-1	-1	-1	-1	-1	-1	-1	-1	-1	-1	-1
XMTQxOTYzMjAxMg==	24	-1	-1	-1	-1	-1	-1	-1	-1	-1	-1	-1	-1	-1	-1	-1	-1	-1	-1	-1	-1	-1	-1	-1	-1	-1	-1	-1	-1	-1
XMTQxOTYyMTA1Ng==	7	7	7	7	7	7	-1	-1	-1	-1	-1	-1	-1	-1	-1	-1	-1	-1	-1	-1	-1	-1	-1	-1	-1	-1	-1	-1	-1	-1
XMTQxODk0MDQ5Ng==	26	38	38	36	37	37	38	38	39	39	39	39	39	39	39	39	39	-1	-1	-1	-1	-1	-1	-1	-1	-1	-1	-1	-1	-1
XMTQxODg1MTUwOA==	12	25	28	27	27	27	27	27	-1	-1	-1	-1	-1	-1	-1	-1	-1	-1	-1	-1	-1	-1	-1	-1	-1	-1	-1	-1	-1	-1
XMTQxODU0NDYyMA==	355	374	382	391	401	402	404	409	410	411	412	412	412	412	415	415	415	418	418	418	-1	-1	-1	-1	-1	-1	-1	-1	-1	-1
XMTQxOTAzNzU5Ng==	115	146	147	148	157	157	159	160	159	158	158	159	160	161	163	163	163	165	165	165	165	165	-1	-1	-1	-1	-1	-1	-1	-1
XMTQxOTAzNDkwOA==	1147	1216	1229	1243	1297	1304	1316	1325	1328	1333	1339	1344	1350	1355	1357	1360	1363	1372	1373	1379	1382	1387	-1	-1	-1	-1	-1	-1	-1	-1
XMTQxODkwOTY4OA==	26	27	29	30	29	29	29	29	29	29	30	30	30	30	30	31	31	32	32	32	32	32	-1	-1	-1	-1	-1	-1	-1	-1
XMTQxOTA3MzgzNg==	39	58	69	84	105	105	106	113	112	112	117	120	122	123	123	123	123	123	123	-1	-1	-1	-1	-1	-1	-1	-1	-1	-1	-1
XMTQxODQ1NzAxNg==	110	114	105	105	107	107	107	106	106	106	106	106	106	106	106	106	-1	-1	-1	-1	-1	-1	-1	-1	-1	-1	-1	-1	-1	-1
XMTQxOTMzNjg0MA==	397	814	830	835	-1	-1	-1	-1	-1	-1	-1	-1	-1	-1	-1	-1	-1	-1	-1	-1	-1	-1	-1	-1	-1	-1	-1	-1	-1	-1
XMTQxODY1MzcwMA==	39	42	35	36	39	42	44	45	44	44	45	49	52	54	57	60	65	71	74	74	75	75	78	-1	-1	-1	-1	-1	-1	-1
XMTQxODU0NzcyMA==	78	-1	-1	-1	-1	-1	-1	-1	-1	-1	-1	-1	-1	-1	-1	-1	-1	-1	-1	-1	-1	-1	-1	-1	-1	-1	-1	-1	-1	-1
XMTQxODYxOTAzNg==	35	41	40	40	42	43	45	49	51	54	52	53	54	-1	-1	-1	-1	-1	-1	-1	-1	-1	-1	-1	-1	-1	-1	-1	-1	-1
XMTQxOTU3MDc0OA==	17	24	30	31	31	32	34	34	34	34	35	35	35	35	35	35	35	35	35	35	37	37	37	37	37	37	37	38	39	-1
XMTQxOTE4MTg3Ng==	449	646	-1	-1	-1	-1	-1	-1	-1	-1	-1	-1	-1	-1	-1	-1	-1	-1	-1	-1	-1	-1	-1	-1	-1	-1	-1	-1	-1	-1
XMTQxOTYwNzkxMg==	287	-1	-1	-1	-1	-1	-1	-1	-1	-1	-1	-1	-1	-1	-1	-1	-1	-1	-1	-1	-1	-1	-1	-1	-1	-1	-1	-1	-1	-1
XMTQxODk2MzQyNA==	22	24	25	25	-1	-1	-1	-1	-1	-1	-1	-1	-1	-1	-1	-1	-1	-1	-1	-1	-1	-1	-1	-1	-1	-1	-1	-1	-1	-1
XMTQxODMyMzI0MA==	408	531	598	642	693	702	746	779	796	823	852	871	910	941	967	976	983	991	-1	-1	-1	-1	-1	-1	-1	-1	-1	-1	-1	-1
XMTQxOTg0OTcwMA==	10	22	25	28	29	29	29	29	29	29	29	29	29	-1	-1	-1	-1	-1	-1	-1	-1	-1	-1	-1	-1	-1	-1	-1	-1	-1
XMTQxODkzMDE1Mg==	45	50	52	-1	-1	-1	-1	-1	-1	-1	-1	-1	-1	-1	-1	-1	-1	-1	-1	-1	-1	-1	-1	-1	-1	-1	-1	-1	-1	-1
XMTQxODYzMTA3Ng==	80	82	83	85	86	88	91	93	93	-1	-1	-1	-1	-1	-1	-1	-1	-1	-1	-1	-1	-1	-1	-1	-1	-1	-1	-1	-1	-1
XMTQxODcyNjQzMg==	51	60	61	73	81	87	94	104	105	108	112	115	121	122	122	126	130	136	144	149	150	151	152	-1	-1	-1	-1	-1	-1	-1
XMTQxODUwNTk0OA==	665	798	966	1033	1118	1162	1251	1312	1380	1427	1490	1558	1607	1677	1699	1737	1794	-1	-1	-1	-1	-1	-1	-1	-1	-1	-1	-1	-1	-1
XMTQxODk5ODgzNg==	21	-1	-1	-1	-1	-1	-1	-1	-1	-1	-1	-1	-1	-1	-1	-1	-1	-1	-1	-1	-1	-1	-1	-1	-1	-1	-1	-1	-1	-1
XMTQxOTk5ODI1Ng==	1	15	17	16	17	18	19	-1	-1	-1	-1	-1	-1	-1	-1	-1	-1	-1	-1	-1	-1	-1	-1	-1	-1	-1	-1	-1	-1	-1
XMTQxOTc0NzgwNA==	5	7	7	6	6	6	6	6	7	7	7	7	8	8	-1	-1	-1	-1	-1	-1	-1	-1	-1	-1	-1	-1	-1	-1	-1	-1
XMTQxODUxNzQ2MA==	-1	-1	-1	-1	-1	-1	-1	-1	-1	-1	-1	-1	-1	-1	-1	-1	-1	-1	-1	-1	-1	-1	-1	-1	-1	-1	-1	-1	-1	-1
XMTQxODQ1NDg4MA==	612	618	598	599	599	601	604	605	605	605	605	605	606	607	613	613	-1	-1	-1	-1	-1	-1	-1	-1	-1	-1	-1	-1	-1	-1
XMTQxOTU4OTEwMA==	102	136	-1	-1	-1	-1	-1	-1	-1	-1	-1	-1	-1	-1	-1	-1	-1	-1	-1	-1	-1	-1	-1	-1	-1	-1	-1	-1	-1	-1
XMTQxOTA3NzQ4NA==	108	125	138	142	143	153	155	164	184	185	189	199	208	215	223	228	234	238	260	-1	-1	-1	-1	-1	-1	-1	-1	-1	-1	-1
XMTQxOTU5MzQ0OA==	7	-1	-1	-1	-1	-1	-1	-1	-1	-1	-1	-1	-1	-1	-1	-1	-1	-1	-1	-1	-1	-1	-1	-1	-1	-1	-1	-1	-1	-1
XMTQxODYyMTc4MA==	25	27	26	26	27	28	-1	-1	-1	-1	-1	-1	-1	-1	-1	-1	-1	-1	-1	-1	-1	-1	-1	-1	-1	-1	-1	-1	-1	-1
XMTQxODg3MDkwNA==	814	930	993	1001	1006	1009	1016	1028	1034	1039	1041	1049	1054	1056	1059	1064	1067	-1	-1	-1	-1	-1	-1	-1	-1	-1	-1	-1	-1	-1
XMTQxOTc4OTczMg==	10112	51685	51685	51684	-1	-1	-1	-1	-1	-1	-1	-1	-1	-1	-1	-1	-1	-1	-1	-1	-1	-1	-1	-1	-1	-1	-1	-1	-1	-1
XMTQxODk3NDUwOA==	112	167	-1	-1	-1	-1	-1	-1	-1	-1	-1	-1	-1	-1	-1	-1	-1	-1	-1	-1	-1	-1	-1	-1	-1	-1	-1	-1	-1	-1
XMTQxODc4MTgwOA==	6	6	7	7	8	8	8	8	8	-1	-1	-1	-1	-1	-1	-1	-1	-1	-1	-1	-1	-1	-1	-1	-1	-1	-1	-1	-1	-1
XMTQxODk2OTg4MA==	15	15	15	15	-1	-1	-1	-1	-1	-1	-1	-1	-1	-1	-1	-1	-1	-1	-1	-1	-1	-1	-1	-1	-1	-1	-1	-1	-1	-1
XMTQxOTA2MjA1Mg==	89	98	102	103	107	107	107	109	115	115	115	120	123	125	127	-1	-1	-1	-1	-1	-1	-1	-1	-1	-1	-1	-1	-1	-1	-1
XMTQxODkwODA2NA==	10	11	11	-1	-1	-1	-1	-1	-1	-1	-1	-1	-1	-1	-1	-1	-1	-1	-1	-1	-1	-1	-1	-1	-1	-1	-1	-1	-1	-1
XMTQxODk3ODc2NA==	59	70	69	70	78	78	80	80	81	81	82	85	85	86	86	86	88	89	92	93	-1	-1	-1	-1	-1	-1	-1	-1	-1	-1
XMTQxODkxNzYzNg==	17	-1	-1	-1	-1	-1	-1	-1	-1	-1	-1	-1	-1	-1	-1	-1	-1	-1	-1	-1	-1	-1	-1	-1	-1	-1	-1	-1	-1	-1
XMTQxOTE4NDAxNg==	260	409	434	407	430	437	449	455	457	462	465	468	471	-1	-1	-1	-1	-1	-1	-1	-1	-1	-1	-1	-1	-1	-1	-1	-1	-1
XMTQxOTkwNjczMg==	10	14	15	-1	-1	-1	-1	-1	-1	-1	-1	-1	-1	-1	-1	-1	-1	-1	-1	-1	-1	-1	-1	-1	-1	-1	-1	-1	-1	-1
XMTQxODk2OTQwOA==	694	751	787	812	897	935	991	1015	1022	1036	1048	1073	1087	1109	1112	1127	1133	1143	1154	1175	1201	1211	1230	-1	-1	-1	-1	-1	-1	-1
XMTQxODU3MjcwOA==	518	-1	-1	-1	-1	-1	-1	-1	-1	-1	-1	-1	-1	-1	-1	-1	-1	-1	-1	-1	-1	-1	-1	-1	-1	-1	-1	-1	-1	-1
XMTQxODYzNjQ5Mg==	169	201	-1	-1	-1	-1	-1	-1	-1	-1	-1	-1	-1	-1	-1	-1	-1	-1	-1	-1	-1	-1	-1	-1	-1	-1	-1	-1	-1	-1
XMTQxOTk1NDEyNA==	-1	-1	-1	-1	-1	-1	-1	-1	-1	-1	-1	-1	-1	-1	-1	-1	-1	-1	-1	-1	-1	-1	-1	-1	-1	-1	-1	-1	-1	-1
XMTQxODQ3NjQ1Mg==	675	727	712	718	720	722	733	735	743	749	755	766	773	788	788	798	-1	-1	-1	-1	-1	-1	-1	-1	-1	-1	-1	-1	-1	-1
XMTQxODg2MzkzNg==	130	145	155	172	-1	-1	-1	-1	-1	-1	-1	-1	-1	-1	-1	-1	-1	-1	-1	-1	-1	-1	-1	-1	-1	-1	-1	-1	-1	-1
XMTQxODcwMzkzMg==	38	52	58	58	63	64	70	72	74	77	78	79	85	88	93	96	97	98	99	103	109	111	118	-1	-1	-1	-1	-1	-1	-1
XMTQxOTIyODI0NA==	8	9	9	8	8	8	8	8	8	8	8	8	8	8	8	8	8	8	8	8	8	8	9	9	9	9	9	-1	-1	-1
XMTQxOTE5MTgxNg==	53	63	62	62	63	63	63	63	63	63	63	63	63	63	63	63	63	63	63	63	63	63	-1	-1	-1	-1	-1	-1	-1	-1
XMTQxODUwMjIxMg==	1034	1116	1190	1236	1312	1335	1393	1439	1478	1507	1553	1581	1608	1637	1644	1665	1682	-1	-1	-1	-1	-1	-1	-1	-1	-1	-1	-1	-1	-1
XMTQxOTAyMTUyMA==	1063	1497	1773	2000	2357	2511	2804	3639	3701	3683	3779	3959	-1	-1	-1	-1	-1	-1	-1	-1	-1	-1	-1	-1	-1	-1	-1	-1	-1	-1
XMTQxOTE1OTU0NA==	23	-1	-1	-1	-1	-1	-1	-1	-1	-1	-1	-1	-1	-1	-1	-1	-1	-1	-1	-1	-1	-1	-1	-1	-1	-1	-1	-1	-1	-1
XMTQxOTcwNjcwMA==	120	-1	-1	-1	-1	-1	-1	-1	-1	-1	-1	-1	-1	-1	-1	-1	-1	-1	-1	-1	-1	-1	-1	-1	-1	-1	-1	-1	-1	-1
XMTQxODgwMDkzNg==	32	33	30	31	31	31	31	31	31	31	31	31	31	31	31	31	31	31	31	31	31	31	31	31	31	31	31	-1	-1	-1
XMTQxOTE4NjE0OA==	127	169	176	176	179	180	182	183	184	184	184	184	184	184	184	184	184	184	184	184	184	184	-1	-1	-1	-1	-1	-1	-1	-1
XMTQxODQ3MDY3Mg==	1038	1079	1030	1050	1098	1130	1173	1185	1198	1213	1242	1268	1299	1320	1324	1330	-1	-1	-1	-1	-1	-1	-1	-1	-1	-1	-1	-1	-1	-1
XMTQxODkwMDMxNg==	1070	1285	1302	1268	1308	1324	1355	1365	1379	1385	1388	1392	1404	1410	1414	1419	1424	1425	1427	1427	-1	-1	-1	-1	-1	-1	-1	-1	-1	-1
XMTQxODMwNDI4NA==	572	633	683	711	748	768	800	822	844	857	884	925	975	1004	1013	1032	1043	1074	1122	1181	1224	1264	-1	-1	-1	-1	-1	-1	-1	-1
XMTQxOTE3OTEzMg==	289	-1	-1	-1	-1	-1	-1	-1	-1	-1	-1	-1	-1	-1	-1	-1	-1	-1	-1	-1	-1	-1	-1	-1	-1	-1	-1	-1	-1	-1
XMTQxOTI4NDUxMg==	40	49	57	59	59	59	-1	-1	-1	-1	-1	-1	-1	-1	-1	-1	-1	-1	-1	-1	-1	-1	-1	-1	-1	-1	-1	-1	-1	-1
XMTQxODY2Mjg5Mg==	16	20	23	26	29	29	31	34	37	-1	-1	-1	-1	-1	-1	-1	-1	-1	-1	-1	-1	-1	-1	-1	-1	-1	-1	-1	-1	-1
XMTQxODUxOTgzMg==	-1	-1	-1	-1	-1	-1	-1	-1	-1	-1	-1	-1	-1	-1	-1	-1	-1	-1	-1	-1	-1	-1	-1	-1	-1	-1	-1	-1	-1	-1
XMTQxODg4MjEyNA==	2364	2558	3065	3431	3975	4136	4542	4775	5133	5444	5812	6326	6915	7431	7834	7856	7893	7903	7931	7958	-1	-1	-1	-1	-1	-1	-1	-1	-1	-1
XMTQxOTA3ODI4MA==	108	129	147	149	157	157	158	165	167	-1	-1	-1	-1	-1	-1	-1	-1	-1	-1	-1	-1	-1	-1	-1	-1	-1	-1	-1	-1	-1
XMTQxOTA3NTQ4NA==	300	345	369	375	399	409	421	424	430	434	436	446	455	462	466	468	472	478	481	486	494	496	504	512	517	-1	-1	-1	-1	-1
XMTQxOTA5MzAwNA==	9	-1	-1	-1	-1	-1	-1	-1	-1	-1	-1	-1	-1	-1	-1	-1	-1	-1	-1	-1	-1	-1	-1	-1	-1	-1	-1	-1	-1	-1
XMTQxOTk3MDkwOA==	1	67	85	92	109	110	110	111	112	112	113	118	-1	-1	-1	-1	-1	-1	-1	-1	-1	-1	-1	-1	-1	-1	-1	-1	-1	-1
XMTQxOTEzMDgyNA==	15	18	-1	-1	-1	-1	-1	-1	-1	-1	-1	-1	-1	-1	-1	-1	-1	-1	-1	-1	-1	-1	-1	-1	-1	-1	-1	-1	-1	-1
XMTQxOTc4OTc3Mg==	13	24	29	-1	-1	-1	-1	-1	-1	-1	-1	-1	-1	-1	-1	-1	-1	-1	-1	-1	-1	-1	-1	-1	-1	-1	-1	-1	-1	-1
XMTQxODExMjIyOA==	161	-1	-1	-1	-1	-1	-1	-1	-1	-1	-1	-1	-1	-1	-1	-1	-1	-1	-1	-1	-1	-1	-1	-1	-1	-1	-1	-1	-1	-1
XMTQxODc1NDM0OA==	540	637	-1	727	739	740	753	760	773	807	841	847	862	869	872	883	885	890	894	900	901	902	908	910	910	911	911	911	911	911
XMTQxODkyMzM4MA==	-1	-1	-1	-1	-1	-1	-1	-1	-1	-1	-1	-1	-1	-1	-1	-1	-1	-1	-1	-1	-1	-1	-1	-1	-1	-1	-1	-1	-1	-1
XMTQxOTg3OTQ2MA==	5	-1	-1	-1	-1	-1	-1	-1	-1	-1	-1	-1	-1	-1	-1	-1	-1	-1	-1	-1	-1	-1	-1	-1	-1	-1	-1	-1	-1	-1
XMTQxODU2NTYwNA==	13	-1	-1	-1	-1	-1	-1	-1	-1	-1	-1	-1	-1	-1	-1	-1	-1	-1	-1	-1	-1	-1	-1	-1	-1	-1	-1	-1	-1	-1
XMTQxOTE3MTc0MA==	87	128	147	156	181	208	227	236	236	235	235	235	236	236	236	236	236	-1	-1	-1	-1	-1	-1	-1	-1	-1	-1	-1	-1	-1
XMTQxOTcxMzczMg==	7	19	20	24	26	26	26	25	-1	-1	-1	-1	-1	-1	-1	-1	-1	-1	-1	-1	-1	-1	-1	-1	-1	-1	-1	-1	-1	-1
XMTQxODg3NDIzNg==	64	70	72	72	72	75	79	82	88	89	88	88	89	89	89	88	89	89	89	89	89	89	-1	-1	-1	-1	-1	-1	-1	-1
XMTQxODUyNjIxNg==	461	500	523	540	560	563	568	574	577	580	581	586	589	592	594	596	596	596	596	596	-1	-1	-1	-1	-1	-1	-1	-1	-1	-1
XMTQxOTAwMzU4OA==	14	16	13	14	14	14	-1	-1	-1	-1	-1	-1	-1	-1	-1	-1	-1	-1	-1	-1	-1	-1	-1	-1	-1	-1	-1	-1	-1	-1
XMTQxOTE4MzgzNg==	27	28	28	27	26	26	26	26	-1	-1	-1	-1	-1	-1	-1	-1	-1	-1	-1	-1	-1	-1	-1	-1	-1	-1	-1	-1	-1	-1
XMTQxODQ5NjM0MA==	787	799	734	750	-1	-1	-1	-1	-1	-1	-1	-1	-1	-1	-1	-1	-1	-1	-1	-1	-1	-1	-1	-1	-1	-1	-1	-1	-1	-1
XMTQxOTIzNzk0MA==	-1	-1	-1	-1	-1	-1	-1	-1	-1	-1	-1	-1	-1	-1	-1	-1	-1	-1	-1	-1	-1	-1	-1	-1	-1	-1	-1	-1	-1	-1
XMTQxOTM2MjgyNA==	1481	2136	2584	3036	3699	3786	4025	4205	4340	-1	-1	-1	-1	-1	-1	-1	-1	-1	-1	-1	-1	-1	-1	-1	-1	-1	-1	-1	-1	-1
XMTQxODM1NzA1Ng==	651	847	904	953	1066	1102	1142	1151	1163	1189	1223	1268	1293	1316	1330	1345	1359	-1	-1	-1	-1	-1	-1	-1	-1	-1	-1	-1	-1	-1
XMTQxOTEyODk5Mg==	36	45	-1	-1	-1	-1	-1	-1	-1	-1	-1	-1	-1	-1	-1	-1	-1	-1	-1	-1	-1	-1	-1	-1	-1	-1	-1	-1	-1	-1
XMTQxODU3MzkxNg==	9	9	8	-1	-1	-1	-1	-1	-1	-1	-1	-1	-1	-1	-1	-1	-1	-1	-1	-1	-1	-1	-1	-1	-1	-1	-1	-1	-1	-1
XMTQxOTA5OTI4NA==	278	315	340	358	370	374	-1	-1	-1	-1	-1	-1	-1	-1	-1	-1	-1	-1	-1	-1	-1	-1	-1	-1	-1	-1	-1	-1	-1	-1
XMTQxODg5Nzk3Mg==	128	159	174	185	229	-1	-1	-1	-1	-1	-1	-1	-1	-1	-1	-1	-1	-1	-1	-1	-1	-1	-1	-1	-1	-1	-1	-1	-1	-1
XMTQxOTYxODA0NA==	261	452	518	549	603	623	658	669	683	693	704	717	736	751	758	763	773	782	795	826	842	851	854	-1	-1	-1	-1	-1	-1	-1
XMTQxOTU5NDYzNg==	14	-1	-1	-1	-1	-1	-1	-1	-1	-1	-1	-1	-1	-1	-1	-1	-1	-1	-1	-1	-1	-1	-1	-1	-1	-1	-1	-1	-1	-1
XMTQxOTI3OTkwOA==	32	33	42	42	43	43	49	51	51	51	52	52	52	52	55	57	59	59	60	64	68	69	71	72	75	-1	-1	-1	-1	-1
XMTQyMDAyMjcxMg==	-1	-1	-1	-1	-1	-1	-1	-1	-1	-1	-1	-1	-1	-1	-1	-1	-1	-1	-1	-1	-1	-1	-1	-1	-1	-1	-1	-1	-1	-1
XMTQxODgyMjE0NA==	42	-1	-1	-1	-1	-1	-1	-1	-1	-1	-1	-1	-1	-1	-1	-1	-1	-1	-1	-1	-1	-1	-1	-1	-1	-1	-1	-1	-1	-1
XMTQxODg5NjY5Mg==	-1	-1	-1	-1	-1	-1	-1	-1	-1	-1	-1	-1	-1	-1	-1	-1	-1	-1	-1	-1	-1	-1	-1	-1	-1	-1	-1	-1	-1	-1
XMTQxODQ5ODM1Mg==	1093	1152	1208	1229	1242	1245	1255	1261	1266	1272	1278	1279	1277	1281	1282	1284	1285	-1	-1	-1	-1	-1	-1	-1	-1	-1	-1	-1	-1	-1
XMTQxODk4MTA4MA==	148	209	223	242	249	256	-1	-1	-1	-1	-1	-1	-1	-1	-1	-1	-1	-1	-1	-1	-1	-1	-1	-1	-1	-1	-1	-1	-1	-1
XMTQxOTEwMDg2NA==	39	54	-1	-1	-1	-1	-1	-1	-1	-1	-1	-1	-1	-1	-1	-1	-1	-1	-1	-1	-1	-1	-1	-1	-1	-1	-1	-1	-1	-1
XMTQxOTYyODIyMA==	25	52	81	89	98	98	98	-1	-1	-1	-1	-1	-1	-1	-1	-1	-1	-1	-1	-1	-1	-1	-1	-1	-1	-1	-1	-1	-1	-1
XMTQxODkxMDc3Mg==	16	-1	-1	-1	-1	-1	-1	-1	-1	-1	-1	-1	-1	-1	-1	-1	-1	-1	-1	-1	-1	-1	-1	-1	-1	-1	-1	-1	-1	-1
XMTQxODM0MTg1Mg==	36	43	51	54	60	63	63	64	65	68	70	75	75	80	80	80	81	81	82	82	84	86	86	88	90	-1	-1	-1	-1	-1
XMTQxODU3MjI4MA==	10	10	-1	-1	-1	-1	-1	-1	-1	-1	-1	-1	-1	-1	-1	-1	-1	-1	-1	-1	-1	-1	-1	-1	-1	-1	-1	-1	-1	-1
XMTQxOTI4MTkyOA==	13	16	17	14	14	15	15	-1	-1	-1	-1	-1	-1	-1	-1	-1	-1	-1	-1	-1	-1	-1	-1	-1	-1	-1	-1	-1	-1	-1
XMTQxODYyNzkyMA==	911	1030	1107	-1	-1	-1	-1	-1	-1	-1	-1	-1	-1	-1	-1	-1	-1	-1	-1	-1	-1	-1	-1	-1	-1	-1	-1	-1	-1	-1
XMTQxODg1MTAxMg==	70	79	-1	-1	-1	-1	-1	-1	-1	-1	-1	-1	-1	-1	-1	-1	-1	-1	-1	-1	-1	-1	-1	-1	-1	-1	-1	-1	-1	-1
XMTQyMDAyMTY1Ng==	-1	-1	-1	-1	-1	-1	-1	-1	-1	-1	-1	-1	-1	-1	-1	-1	-1	-1	-1	-1	-1	-1	-1	-1	-1	-1	-1	-1	-1	-1
XMTQxODY2MTQ2NA==	22	27	29	31	33	35	42	43	44	47	50	52	54	58	59	64	68	71	74	76	79	80	81	-1	-1	-1	-1	-1	-1	-1
XMTQxOTAzMzQ3Ng==	10	11	94	-1	-1	-1	-1	-1	-1	-1	-1	-1	-1	-1	-1	-1	-1	-1	-1	-1	-1	-1	-1	-1	-1	-1	-1	-1	-1	-1
XMTQxOTA5MDQ1Mg==	98	261	393	426	434	440	453	478	508	547	565	590	599	618	-1	-1	-1	-1	-1	-1	-1	-1	-1	-1	-1	-1	-1	-1	-1	-1
XMTQxODU1MzM0MA==	141	149	153	158	168	173	184	189	193	194	196	202	206	209	209	209	209	210	211	215	217	219	-1	-1	-1	-1	-1	-1	-1	-1
XMTQxODgzMzgwOA==	58	62	64	64	74	74	74	74	74	74	80	80	80	80	80	83	83	83	83	83	83	83	83	83	83	83	-1	-1	-1	-1
XMTQxODM0ODM3Ng==	121	157	179	209	208	208	208	208	208	208	208	208	208	208	208	-1	-1	-1	-1	-1	-1	-1	-1	-1	-1	-1	-1	-1	-1	-1
XMTQxODc3Mjg5Ng==	73	75	73	78	78	79	80	80	81	81	81	81	82	-1	-1	-1	-1	-1	-1	-1	-1	-1	-1	-1	-1	-1	-1	-1	-1	-1
XMTQxODY1Mzg3Ng==	30	31	31	33	33	35	-1	-1	-1	-1	-1	-1	-1	-1	-1	-1	-1	-1	-1	-1	-1	-1	-1	-1	-1	-1	-1	-1	-1	-1
XMTQxOTIxMDE1Mg==	794	-1	-1	-1	-1	-1	-1	-1	-1	-1	-1	-1	-1	-1	-1	-1	-1	-1	-1	-1	-1	-1	-1	-1	-1	-1	-1	-1	-1	-1
XMTQxOTA0MjgxMg==	37	37	37	36	36	36	37	37	37	37	37	-1	-1	-1	-1	-1	-1	-1	-1	-1	-1	-1	-1	-1	-1	-1	-1	-1	-1	-1
XMTQxODQ3NDQ1Ng==	868	-1	-1	-1	-1	-1	-1	-1	-1	-1	-1	-1	-1	-1	-1	-1	-1	-1	-1	-1	-1	-1	-1	-1	-1	-1	-1	-1	-1	-1
XMTQxODgwMzY2OA==	26	-1	-1	-1	-1	-1	-1	-1	-1	-1	-1	-1	-1	-1	-1	-1	-1	-1	-1	-1	-1	-1	-1	-1	-1	-1	-1	-1	-1	-1
XMTQxOTE5MzE3Mg==	26	-1	-1	-1	-1	-1	-1	-1	-1	-1	-1	-1	-1	-1	-1	-1	-1	-1	-1	-1	-1	-1	-1	-1	-1	-1	-1	-1	-1	-1
XMTQxOTI0MTQyOA==	113	183	198	203	228	230	234	234	236	234	234	234	234	234	234	234	234	234	234	234	234	234	234	234	234	234	-1	-1	-1	-1
XMTQxODM1NjA0OA==	7	8	7	9	9	9	8	8	9	9	9	9	9	9	9	9	9	9	9	9	9	9	9	9	-1	-1	-1	-1	-1	-1
XMTQxOTYzMDI2OA==	9	-1	-1	-1	-1	-1	-1	-1	-1	-1	-1	-1	-1	-1	-1	-1	-1	-1	-1	-1	-1	-1	-1	-1	-1	-1	-1	-1	-1	-1
XMTQxODUxMjg3Ng==	4526	8324	13710	18062	28967	33547	38901	40857	43150	44707	46908	50624	53807	56960	58483	59754	61324	63271	64976	67783	-1	-1	-1	-1	-1	-1	-1	-1	-1	-1
XMTQxODg4Mzc5Ng==	24	33	-1	-1	-1	-1	-1	-1	-1	-1	-1	-1	-1	-1	-1	-1	-1	-1	-1	-1	-1	-1	-1	-1	-1	-1	-1	-1	-1	-1
XMTQxODYxNjI0MA==	72	74	76	74	77	77	77	77	78	78	78	78	-1	-1	-1	-1	-1	-1	-1	-1	-1	-1	-1	-1	-1	-1	-1	-1	-1	-1
XMTQxODY1MzI3Mg==	15	15	9	9	7	7	7	7	7	7	7	7	7	7	8	9	9	9	9	9	9	9	9	-1	-1	-1	-1	-1	-1	-1
XMTQxOTYyNzY4OA==	8	14	17	17	17	-1	-1	-1	-1	-1	-1	-1	-1	-1	-1	-1	-1	-1	-1	-1	-1	-1	-1	-1	-1	-1	-1	-1	-1	-1
XMTQxODU1NDMzMg==	6662	8807	9215	9787	10489	12140	14462	15101	16325	17391	19075	21634	23601	25237	25888	26510	27110	27932	29026	30848	-1	-1	-1	-1	-1	-1	-1	-1	-1	-1
XMTQxOTY4MjE4OA==	4	-1	-1	-1	-1	-1	-1	-1	-1	-1	-1	-1	-1	-1	-1	-1	-1	-1	-1	-1	-1	-1	-1	-1	-1	-1	-1	-1	-1	-1
XMTQxODk1MTk2MA==	847	888	924	945	1048	1125	1223	1246	1265	1286	1300	1328	1364	1377	1390	1392	1396	1399	1405	1426	1444	1447	1453	-1	-1	-1	-1	-1	-1	-1
XMTQxODY5NDAwNA==	32	36	36	40	44	46	49	49	51	53	58	60	59	59	59	60	60	61	63	67	67	67	67	-1	-1	-1	-1	-1	-1	-1
XMTQxODU3OTAzNg==	107	111	104	105	109	109	111	112	112	112	114	119	119	121	124	127	144	147	151	153	153	153	153	153	-1	-1	-1	-1	-1	-1
XMTQxODgxMDA2MA==	96	105	109	118	127	129	171	177	182	182	184	185	185	187	-1	-1	-1	-1	-1	-1	-1	-1	-1	-1	-1	-1	-1	-1	-1	-1
XMTQxODY1MzY5Mg==	7	8	10	15	16	16	22	30	33	34	38	39	40	42	42	43	44	44	46	46	46	46	48	-1	-1	-1	-1	-1	-1	-1
XMTQxODg2NDQyOA==	18	22	24	25	-1	-1	-1	-1	-1	-1	-1	-1	-1	-1	-1	-1	-1	-1	-1	-1	-1	-1	-1	-1	-1	-1	-1	-1	-1	-1
XMTQxOTIxMzU0NA==	192	233	234	232	235	237	241	242	244	245	245	245	245	245	-1	-1	-1	-1	-1	-1	-1	-1	-1	-1	-1	-1	-1	-1	-1	-1
XMTQxODg2OTIwOA==	9	11	13	16	-1	-1	-1	-1	-1	-1	-1	-1	-1	-1	-1	-1	-1	-1	-1	-1	-1	-1	-1	-1	-1	-1	-1	-1	-1	-1
XMTQxODgxMzEzMg==	17	-1	-1	-1	-1	-1	-1	-1	-1	-1	-1	-1	-1	-1	-1	-1	-1	-1	-1	-1	-1	-1	-1	-1	-1	-1	-1	-1	-1	-1
XMTQxOTkxNzQzNg==	11	-1	-1	-1	-1	-1	-1	-1	-1	-1	-1	-1	-1	-1	-1	-1	-1	-1	-1	-1	-1	-1	-1	-1	-1	-1	-1	-1	-1	-1
XMTQxODkxMTc1Ng==	34	-1	-1	-1	-1	-1	-1	-1	-1	-1	-1	-1	-1	-1	-1	-1	-1	-1	-1	-1	-1	-1	-1	-1	-1	-1	-1	-1	-1	-1
XMTQxOTYyNzA5Mg==	62	-1	-1	-1	-1	-1	-1	-1	-1	-1	-1	-1	-1	-1	-1	-1	-1	-1	-1	-1	-1	-1	-1	-1	-1	-1	-1	-1	-1	-1
XMTQxOTIzOTcwOA==	49	64	65	62	62	62	62	63	65	66	66	66	66	66	66	66	66	66	66	66	67	67	-1	-1	-1	-1	-1	-1	-1	-1
XMTQxODg1MzMzMg==	35	37	36	36	36	36	36	36	36	36	36	36	36	36	37	37	37	37	-1	-1	-1	-1	-1	-1	-1	-1	-1	-1	-1	-1
XMTQxOTA3NjI0OA==	143	157	180	194	215	216	223	233	242	252	252	254	261	265	266	270	275	276	285	-1	-1	-1	-1	-1	-1	-1	-1	-1	-1	-1
XMTQxOTE0MTY4OA==	199	265	5683	-1	-1	-1	-1	-1	-1	-1	-1	-1	-1	-1	-1	-1	-1	-1	-1	-1	-1	-1	-1	-1	-1	-1	-1	-1	-1	-1
XMTQxOTIxMTA1Ng==	27	33	34	37	40	42	50	50	51	51	51	52	52	52	54	54	54	54	54	54	54	54	-1	-1	-1	-1	-1	-1	-1	-1
XMTQxODMwMzcyMA==	133	151	156	175	201	205	-1	-1	-1	-1	-1	-1	-1	-1	-1	-1	-1	-1	-1	-1	-1	-1	-1	-1	-1	-1	-1	-1	-1	-1
XMTQxODU1NjA0OA==	31	35	28	-1	-1	-1	-1	-1	-1	-1	-1	-1	-1	-1	-1	-1	-1	-1	-1	-1	-1	-1	-1	-1	-1	-1	-1	-1	-1	-1
XMTQxODY5NDcwOA==	35	45	52	55	58	60	61	63	67	70	71	74	75	76	78	79	79	79	82	85	90	91	98	-1	-1	-1	-1	-1	-1	-1
XMTQxOTEzNzM4NA==	10	13	16	19	-1	-1	-1	-1	-1	-1	-1	-1	-1	-1	-1	-1	-1	-1	-1	-1	-1	-1	-1	-1	-1	-1	-1	-1	-1	-1
XMTQxOTk3MjM4MA==	-1	-1	-1	-1	-1	-1	-1	-1	-1	-1	-1	-1	-1	-1	-1	-1	-1	-1	-1	-1	-1	-1	-1	-1	-1	-1	-1	-1	-1	-1
XMTQxOTA3NzE0OA==	29	36	34	34	33	33	31	32	32	32	32	32	32	32	32	32	32	32	32	-1	-1	-1	-1	-1	-1	-1	-1	-1	-1	-1
XMTQxODQ5MDk1Ng==	421	449	415	421	436	447	462	470	475	477	485	496	505	515	518	522	-1	-1	-1	-1	-1	-1	-1	-1	-1	-1	-1	-1	-1	-1
XMTQxOTE5NzIwNA==	6	7	-1	-1	-1	-1	-1	-1	-1	-1	-1	-1	-1	-1	-1	-1	-1	-1	-1	-1	-1	-1	-1	-1	-1	-1	-1	-1	-1	-1
XMTQxOTExNzgxMg==	73	99	-1	-1	-1	-1	-1	-1	-1	-1	-1	-1	-1	-1	-1	-1	-1	-1	-1	-1	-1	-1	-1	-1	-1	-1	-1	-1	-1	-1
XMTQxOTgyNzc2OA==	13	-1	-1	-1	-1	-1	-1	-1	-1	-1	-1	-1	-1	-1	-1	-1	-1	-1	-1	-1	-1	-1	-1	-1	-1	-1	-1	-1	-1	-1
XMTQxODk2MDk2MA==	7	7	4	3	4	4	4	5	5	5	5	5	5	5	5	5	5	5	5	5	-1	-1	-1	-1	-1	-1	-1	-1	-1	-1
XMTQxODkzMDI5Ng==	143	147	145	147	148	148	152	152	153	154	157	159	161	161	161	162	164	166	168	168	169	169	169	169	169	169	170	170	-1	-1
XMTQxOTg5OTQ1Ng==	17	-1	-1	-1	-1	-1	-1	-1	-1	-1	-1	-1	-1	-1	-1	-1	-1	-1	-1	-1	-1	-1	-1	-1	-1	-1	-1	-1	-1	-1
XMTQxOTYzODU3Mg==	3	3	5	7	6	6	5	5	6	-1	-1	-1	-1	-1	-1	-1	-1	-1	-1	-1	-1	-1	-1	-1	-1	-1	-1	-1	-1	-1
XMTQxODY2MTgyMA==	34	38	42	45	53	54	62	67	68	71	73	73	72	75	81	88	88	88	89	94	98	100	103	-1	-1	-1	-1	-1	-1	-1
XMTQxODQ3MTUxMg==	680	718	735	738	-1	-1	-1	743	743	744	747	764	781	796	808	821	835	843	845	859	877	887	899	907	915	922	938	956	976	986
XMTQxODU0OTkwMA==	32	33	33	32	36	36	-1	-1	-1	-1	-1	-1	-1	-1	-1	-1	-1	-1	-1	-1	-1	-1	-1	-1	-1	-1	-1	-1	-1	-1
XMTQxOTMzODI5Ng==	352	563	648	644	659	661	666	668	679	683	686	693	697	703	705	709	711	-1	-1	-1	-1	-1	-1	-1	-1	-1	-1	-1	-1	-1
XMTQxODU3MjkwOA==	248	269	274	274	282	282	282	282	284	284	284	286	288	288	288	289	289	289	289	289	-1	-1	-1	-1	-1	-1	-1	-1	-1	-1
XMTQxOTEzNDQ2OA==	18	22	-1	-1	-1	-1	-1	-1	-1	-1	-1	-1	-1	-1	-1	-1	-1	-1	-1	-1	-1	-1	-1	-1	-1	-1	-1	-1	-1	-1
XMTQxOTI1ODA4NA==	23	30	34	34	37	38	39	39	39	40	40	40	40	41	41	42	42	43	45	45	46	46	-1	-1	-1	-1	-1	-1	-1	-1
XMTQxODg4OTY1Ng==	37	38	38	38	39	49	64	67	68	68	68	69	69	69	70	70	71	71	71	-1	-1	-1	-1	-1	-1	-1	-1	-1	-1	-1
XMTQxOTQyNTIyNA==	6	6	7	7	-1	-1	-1	-1	-1	-1	-1	-1	-1	-1	-1	-1	-1	-1	-1	-1	-1	-1	-1	-1	-1	-1	-1	-1	-1	-1
XMTQxOTEzNTA0OA==	10	11	11	11	11	13	13	13	13	13	13	13	13	-1	-1	-1	-1	-1	-1	-1	-1	-1	-1	-1	-1	-1	-1	-1	-1	-1
XMTQxOTAwMTU2NA==	9	9	8	-1	-1	-1	-1	-1	-1	-1	-1	-1	-1	-1	-1	-1	-1	-1	-1	-1	-1	-1	-1	-1	-1	-1	-1	-1	-1	-1
XMTQxOTIxODgyNA==	124	148	156	159	161	164	165	167	167	167	167	167	167	167	167	167	167	167	167	167	167	167	-1	-1	-1	-1	-1	-1	-1	-1
XMTQxODgwOTg0NA==	33	44	47	-1	-1	-1	-1	-1	-1	-1	-1	-1	-1	-1	-1	-1	-1	-1	-1	-1	-1	-1	-1	-1	-1	-1	-1	-1	-1	-1
XMTQxODkxNTc1Mg==	25	-1	-1	-1	-1	-1	-1	-1	-1	-1	-1	-1	-1	-1	-1	-1	-1	-1	-1	-1	-1	-1	-1	-1	-1	-1	-1	-1	-1	-1
XMTQxODMyNzQ3Mg==	14	18	21	21	24	24	25	25	26	26	27	28	28	29	33	33	35	37	37	38	39	41	43	44	46	46	-1	-1	-1	-1
XMTQxODk5NTE3Ng==	117878	200201	198739	88471	53121	53620	54348	22077	22539	22927	23444	24203	25141	25490	25537	-1	-1	-1	-1	-1	-1	-1	-1	-1	-1	-1	-1	-1	-1	-1
XMTQxOTI1OTU0OA==	9	10	13	-1	-1	-1	-1	-1	-1	-1	-1	-1	-1	-1	-1	-1	-1	-1	-1	-1	-1	-1	-1	-1	-1	-1	-1	-1	-1	-1
XMTQxODUyMDMxMg==	501	613	716	722	709	709	710	710	710	710	712	712	715	716	716	717	717	-1	-1	-1	-1	-1	-1	-1	-1	-1	-1	-1	-1	-1
XMTQxODk3MDgzMg==	1301	1787	1905	1957	1990	1999	2016	2028	2039	2043	2046	2053	2057	2060	2061	2065	2065	2066	2066	2066	-1	-1	-1	-1	-1	-1	-1	-1	-1	-1
XMTQxODQ5NjQwMA==	844	883	859	883	915	928	948	956	963	978	1001	1024	1043	1068	1074	1094	1113	-1	-1	-1	-1	-1	-1	-1	-1	-1	-1	-1	-1	-1
XMTQxODUyMTQxNg==	13	14	12	11	11	11	11	11	11	11	11	-1	-1	-1	-1	-1	-1	-1	-1	-1	-1	-1	-1	-1	-1	-1	-1	-1	-1	-1
XMTQxOTY4ODI5Ng==	21	34	47	-1	-1	-1	-1	-1	-1	-1	-1	-1	-1	-1	-1	-1	-1	-1	-1	-1	-1	-1	-1	-1	-1	-1	-1	-1	-1	-1
XMTQxODc2NDUzNg==	79	86	85	87	90	91	91	90	90	90	90	90	90	90	90	90	90	90	90	90	90	90	90	90	90	90	-1	-1	-1	-1
XMTQxOTkyMTM2OA==	8	9	-1	-1	-1	-1	-1	-1	-1	-1	-1	-1	-1	-1	-1	-1	-1	-1	-1	-1	-1	-1	-1	-1	-1	-1	-1	-1	-1	-1
XMTQxODcwMjAwOA==	33	39	41	41	43	46	48	50	52	52	52	52	54	55	63	66	66	66	68	71	71	71	78	-1	-1	-1	-1	-1	-1	-1
XMTQxOTA3ODEyMA==	57	69	75	80	81	81	82	82	82	83	83	84	85	89	93	95	99	108	116	-1	-1	-1	-1	-1	-1	-1	-1	-1	-1	-1
XMTQxODYyNDE0OA==	19	20	20	19	21	21	24	24	25	26	27	29	30	32	32	34	38	39	41	43	44	45	45	-1	-1	-1	-1	-1	-1	-1
XMTQxOTkxMzcwNA==	4	-1	-1	-1	-1	-1	-1	-1	-1	-1	-1	-1	-1	-1	-1	-1	-1	-1	-1	-1	-1	-1	-1	-1	-1	-1	-1	-1	-1	-1
XMTQxOTA4OTM3Ng==	47	61	64	62	64	66	-1	-1	-1	-1	-1	-1	-1	-1	-1	-1	-1	-1	-1	-1	-1	-1	-1	-1	-1	-1	-1	-1	-1	-1
XMTQxODY3MjI2MA==	119	149	147	139	-1	-1	-1	-1	-1	-1	-1	-1	-1	-1	-1	-1	-1	-1	-1	-1	-1	-1	-1	-1	-1	-1	-1	-1	-1	-1
XMTQxOTQzMTU3Mg==	4	7	8	8	8	8	8	8	8	8	8	8	8	8	8	8	8	8	-1	-1	-1	-1	-1	-1	-1	-1	-1	-1	-1	-1
XMTQxOTA0MDQ0NA==	14	-1	-1	-1	-1	-1	-1	-1	-1	-1	-1	-1	-1	-1	-1	-1	-1	-1	-1	-1	-1	-1	-1	-1	-1	-1	-1	-1	-1	-1
XMTQxODg2NDY0NA==	27	45	49	51	57	57	65	65	66	66	66	67	67	-1	-1	-1	-1	-1	-1	-1	-1	-1	-1	-1	-1	-1	-1	-1	-1	-1
XMTQxODQ5MTUwMA==	960	983	978	987	998	1000	1006	1013	1017	1017	1018	1022	1026	1031	1031	1033	1033	-1	-1	-1	-1	-1	-1	-1	-1	-1	-1	-1	-1	-1
XMTQxODkzODA4NA==	18	22	22	23	23	23	23	23	23	23	23	24	25	25	25	25	25	25	25	25	25	25	25	25	25	25	25	25	25	-1
XMTQxODU4NjI2OA==	5	6	6	6	8	8	-1	-1	-1	-1	-1	-1	-1	-1	-1	-1	-1	-1	-1	-1	-1	-1	-1	-1	-1	-1	-1	-1	-1	-1
XMTQxODgxNzg2MA==	30	37	41	47	-1	-1	-1	-1	-1	-1	-1	-1	-1	-1	-1	-1	-1	-1	-1	-1	-1	-1	-1	-1	-1	-1	-1	-1	-1	-1
XMTQxOTA5MjU4NA==	10	12	-1	-1	-1	-1	-1	-1	-1	-1	-1	-1	-1	-1	-1	-1	-1	-1	-1	-1	-1	-1	-1	-1	-1	-1	-1	-1	-1	-1
XMTQxOTQzMDQwNA==	224	-1	-1	-1	-1	-1	-1	-1	-1	-1	-1	-1	-1	-1	-1	-1	-1	-1	-1	-1	-1	-1	-1	-1	-1	-1	-1	-1	-1	-1
XMTQxOTI0MDgyOA==	9	9	-1	-1	-1	-1	-1	-1	-1	-1	-1	-1	-1	-1	-1	-1	-1	-1	-1	-1	-1	-1	-1	-1	-1	-1	-1	-1	-1	-1
XMTQxODk2NDAzMg==	16	19	18	17	-1	-1	-1	-1	-1	-1	-1	-1	-1	-1	-1	-1	-1	-1	-1	-1	-1	-1	-1	-1	-1	-1	-1	-1	-1	-1
XMTQxODMzOTE3Ng==	171	176	179	192	206	213	220	223	224	224	225	227	227	230	-1	-1	-1	-1	-1	-1	-1	-1	-1	-1	-1	-1	-1	-1	-1	-1
XMTQxOTc2NDg4MA==	33	107	128	130	130	132	148	149	148	147	148	148	149	149	149	149	149	149	149	149	149	149	-1	-1	-1	-1	-1	-1	-1	-1
XMTQxOTU5NjkwOA==	13	57	-1	-1	-1	-1	-1	-1	-1	-1	-1	-1	-1	-1	-1	-1	-1	-1	-1	-1	-1	-1	-1	-1	-1	-1	-1	-1	-1	-1
XMTQxODQ2NjI4OA==	1006	1082	1079	1157	1309	1400	1559	1641	1714	1792	1900	2058	2175	2307	2364	2437	-1	-1	-1	-1	-1	-1	-1	-1	-1	-1	-1	-1	-1	-1
XMTQxOTA5ODYyOA==	65	67	69	68	70	70	70	70	70	70	70	-1	-1	-1	-1	-1	-1	-1	-1	-1	-1	-1	-1	-1	-1	-1	-1	-1	-1	-1
XMTQxODY2NDI0NA==	27	28	29	28	28	28	28	28	-1	-1	-1	-1	-1	-1	-1	-1	-1	-1	-1	-1	-1	-1	-1	-1	-1	-1	-1	-1	-1	-1
XMTQxODkyMTEzNg==	28	31	31	34	35	36	36	35	35	38	39	39	-1	-1	-1	-1	-1	-1	-1	-1	-1	-1	-1	-1	-1	-1	-1	-1	-1	-1
XMTQxODk5NTU4NA==	116028	200333	199416	91104	53221	53713	54716	22323	22885	23277	23902	24860	25716	26039	26051	-1	-1	-1	-1	-1	-1	-1	-1	-1	-1	-1	-1	-1	-1	-1
XMTQxODk4MDY4MA==	10	11	11	10	9	9	9	9	-1	-1	-1	-1	-1	-1	-1	-1	-1	-1	-1	-1	-1	-1	-1	-1	-1	-1	-1	-1	-1	-1
XMTQxOTA4NjkyOA==	101	147	159	160	169	170	-1	-1	-1	-1	-1	-1	-1	-1	-1	-1	-1	-1	-1	-1	-1	-1	-1	-1	-1	-1	-1	-1	-1	-1
XMTQxODgyMTE4MA==	21	25	31	31	-1	-1	-1	-1	-1	-1	-1	-1	-1	-1	-1	-1	-1	-1	-1	-1	-1	-1	-1	-1	-1	-1	-1	-1	-1	-1
XMTQxODk5NTg0OA==	3158	5104	6513	7217	8916	9792	10972	11325	11767	11998	12486	13435	-1	-1	-1	-1	-1	-1	-1	-1	-1	-1	-1	-1	-1	-1	-1	-1	-1	-1
XMTQxOTcyMzk4OA==	341	786	1088	1140	1174	1184	1207	1227	1258	1276	1284	1296	1302	1305	1306	1311	1321	1325	1330	1331	1335	1340	-1	-1	-1	-1	-1	-1	-1	-1
XMTQxODU0ODE4MA==	26	28	27	28	30	32	37	38	-1	-1	-1	-1	-1	-1	-1	-1	-1	-1	-1	-1	-1	-1	-1	-1	-1	-1	-1	-1	-1	-1
XMTQxOTc2NTE1Ng==	16	-1	-1	-1	-1	-1	-1	-1	-1	-1	-1	-1	-1	-1	-1	-1	-1	-1	-1	-1	-1	-1	-1	-1	-1	-1	-1	-1	-1	-1
XMTQxODkyOTI0NA==	305	307	311	313	313	313	313	314	320	322	325	326	326	326	326	327	327	327	327	331	331	331	332	332	332	332	-1	-1	-1	-1
XMTQxODc2Mzc5Ng==	29	36	32	35	38	39	39	41	41	41	41	41	41	41	41	41	41	41	41	41	41	41	41	41	41	41	-1	-1	-1	-1
XMTQxODMyNDA4MA==	9	9	14	14	14	14	16	16	29	29	29	29	29	29	29	29	29	29	35	-1	-1	-1	-1	-1	-1	-1	-1	-1	-1	-1
XMTQxOTY4NTgxMg==	208	-1	-1	-1	-1	-1	-1	-1	-1	-1	-1	-1	-1	-1	-1	-1	-1	-1	-1	-1	-1	-1	-1	-1	-1	-1	-1	-1	-1	-1
XMTQxOTgyNzEzNg==	8	9	9	9	11	11	11	11	11	11	11	11	11	11	11	11	11	11	11	11	11	11	11	11	11	11	11	11	11	-1
XMTQxODgxMjIzMg==	20	-1	-1	-1	-1	-1	-1	-1	-1	-1	-1	-1	-1	-1	-1	-1	-1	-1	-1	-1	-1	-1	-1	-1	-1	-1	-1	-1	-1	-1
XMTQxODUwNjYwMA==	1324	1417	1492	1546	1681	1753	1915	1974	2041	2081	2111	2198	2316	2426	2475	2525	2573	-1	-1	-1	-1	-1	-1	-1	-1	-1	-1	-1	-1	-1
XMTQxODc3OTAxNg==	21272	-1	-1	-1	-1	-1	-1	-1	-1	-1	-1	-1	-1	-1	-1	-1	-1	-1	-1	-1	-1	-1	-1	-1	-1	-1	-1	-1	-1	-1
XMTQxOTc1MjA4MA==	9	17	19	-1	-1	-1	-1	-1	-1	-1	-1	-1	-1	-1	-1	-1	-1	-1	-1	-1	-1	-1	-1	-1	-1	-1	-1	-1	-1	-1
XMTQxODc4MzM4OA==	208	224	246	269	-1	-1	-1	-1	-1	-1	-1	-1	-1	-1	-1	-1	-1	-1	-1	-1	-1	-1	-1	-1	-1	-1	-1	-1	-1	-1
XMTQxODUyMDM2NA==	3847	4326	4527	4591	-1	-1	-1	-1	-1	-1	-1	-1	-1	-1	-1	-1	-1	-1	-1	-1	-1	-1	-1	-1	-1	-1	-1	-1	-1	-1
XMTQxOTIyMjUzMg==	8	10	9	9	8	8	8	8	8	8	8	-1	-1	-1	-1	-1	-1	-1	-1	-1	-1	-1	-1	-1	-1	-1	-1	-1	-1	-1
XMTQxODcxODY1Ng==	10	-1	-1	-1	-1	-1	-1	-1	-1	-1	-1	-1	-1	-1	-1	-1	-1	-1	-1	-1	-1	-1	-1	-1	-1	-1	-1	-1	-1	-1
XMTQxOTU3NzkyMA==	6	7	7	7	6	6	6	6	6	6	6	6	6	6	6	6	6	6	6	6	6	6	-1	-1	-1	-1	-1	-1	-1	-1
XMTQxODk0MjcxNg==	158	165	179	182	194	196	198	197	200	204	-1	-1	-1	-1	-1	-1	-1	-1	-1	-1	-1	-1	-1	-1	-1	-1	-1	-1	-1	-1
XMTQxOTk4NDY2NA==	2	19	-1	-1	-1	-1	-1	-1	-1	-1	-1	-1	-1	-1	-1	-1	-1	-1	-1	-1	-1	-1	-1	-1	-1	-1	-1	-1	-1	-1
XMTQxODY3MTk1Mg==	83	-1	-1	-1	-1	-1	-1	-1	-1	-1	-1	-1	-1	-1	-1	-1	-1	-1	-1	-1	-1	-1	-1	-1	-1	-1	-1	-1	-1	-1
XMTQxOTExNzk3Ng==	18	29	-1	-1	-1	-1	-1	-1	-1	-1	-1	-1	-1	-1	-1	-1	-1	-1	-1	-1	-1	-1	-1	-1	-1	-1	-1	-1	-1	-1
XMTQxODk0MzkxNg==	35	39	44	43	48	49	49	50	51	51	51	51	51	51	51	51	51	-1	-1	-1	-1	-1	-1	-1	-1	-1	-1	-1	-1	-1
XMTQxOTc3NTY0MA==	4	5	5	5	5	5	5	5	5	5	5	5	5	5	5	5	5	-1	-1	-1	-1	-1	-1	-1	-1	-1	-1	-1	-1	-1
XMTQxOTEzODU4NA==	-1	-1	-1	-1	-1	-1	-1	-1	-1	-1	-1	-1	-1	-1	-1	-1	-1	-1	-1	-1	-1	-1	-1	-1	-1	-1	-1	-1	-1	-1
XMTQxODQ4MTk2MA==	1150	1222	1252	1285	1334	1365	1412	1442	1452	1459	1494	1536	1579	1611	1619	1635	1662	-1	-1	-1	-1	-1	-1	-1	-1	-1	-1	-1	-1	-1
XMTQxOTA5OTUzNg==	9	9	8	7	7	7	7	7	7	7	7	7	7	7	7	-1	-1	-1	-1	-1	-1	-1	-1	-1	-1	-1	-1	-1	-1	-1
XMTQxODgzNzA5Mg==	71	87	-1	-1	-1	-1	-1	-1	-1	-1	-1	-1	-1	-1	-1	-1	-1	-1	-1	-1	-1	-1	-1	-1	-1	-1	-1	-1	-1	-1
XMTQxODUxOTE3Mg==	26	27	23	23	23	23	23	24	24	24	24	25	25	-1	-1	-1	-1	-1	-1	-1	-1	-1	-1	-1	-1	-1	-1	-1	-1	-1
XMTQxOTMwOTM0MA==	13	34	35	33	27	30	30	38	-1	-1	-1	-1	-1	-1	-1	-1	-1	-1	-1	-1	-1	-1	-1	-1	-1	-1	-1	-1	-1	-1
XMTQxOTUxNzM0OA==	25	28	29	27	27	27	27	27	27	27	27	27	27	-1	-1	-1	-1	-1	-1	-1	-1	-1	-1	-1	-1	-1	-1	-1	-1	-1
XMTQxODk5MjEyOA==	21	-1	-1	-1	-1	-1	-1	-1	-1	-1	-1	-1	-1	-1	-1	-1	-1	-1	-1	-1	-1	-1	-1	-1	-1	-1	-1	-1	-1	-1
XMTQxODY1NDk4NA==	15	17	17	17	20	21	21	21	23	23	23	23	23	23	23	23	24	24	24	24	24	24	24	24	24	24	26	-1	-1	-1
XMTQxODgwNTY1Ng==	18	18	-1	-1	-1	-1	-1	-1	-1	-1	-1	-1	-1	-1	-1	-1	-1	-1	-1	-1	-1	-1	-1	-1	-1	-1	-1	-1	-1	-1
XMTQxOTA3MzgyNA==	20	27	29	28	32	32	33	33	33	33	35	35	35	35	35	35	35	35	36	-1	-1	-1	-1	-1	-1	-1	-1	-1	-1	-1
XMTQxOTc0Nzc3Mg==	12	41	52	54	57	59	76	78	78	78	78	78	79	79	79	79	79	79	79	79	79	79	-1	-1	-1	-1	-1	-1	-1	-1
XMTQxODYxNTIxNg==	14	-1	-1	-1	-1	-1	-1	-1	-1	-1	-1	-1	-1	-1	-1	-1	-1	-1	-1	-1	-1	-1	-1	-1	-1	-1	-1	-1	-1	-1
XMTQxOTkyMzUwOA==	10	-1	-1	-1	-1	-1	-1	-1	-1	-1	-1	-1	-1	-1	-1	-1	-1	-1	-1	-1	-1	-1	-1	-1	-1	-1	-1	-1	-1	-1
XMTQxODQwMDM0NA==	45	-1	-1	-1	-1	-1	-1	-1	-1	-1	-1	-1	-1	-1	-1	-1	-1	-1	-1	-1	-1	-1	-1	-1	-1	-1	-1	-1	-1	-1
XMTQxOTI4NDcxMg==	9	-1	-1	-1	-1	-1	-1	-1	-1	-1	-1	-1	-1	-1	-1	-1	-1	-1	-1	-1	-1	-1	-1	-1	-1	-1	-1	-1	-1	-1
XMTQxOTI0MTAwMA==	8	8	-1	-1	-1	-1	-1	-1	-1	-1	-1	-1	-1	-1	-1	-1	-1	-1	-1	-1	-1	-1	-1	-1	-1	-1	-1	-1	-1	-1
XMTQxOTA1MzY1Mg==	140	164	174	171	182	185	188	189	191	193	203	222	224	225	-1	-1	-1	-1	-1	-1	-1	-1	-1	-1	-1	-1	-1	-1	-1	-1
XMTQxOTEzNzYxNg==	7	8	10	10	10	10	10	10	10	10	11	11	11	11	11	11	11	-1	-1	-1	-1	-1	-1	-1	-1	-1	-1	-1	-1	-1
XMTQxODY3ODMyNA==	25	34	36	42	47	48	49	52	56	57	57	61	74	79	81	83	83	83	85	87	87	88	88	-1	-1	-1	-1	-1	-1	-1
XMTQxOTA3NTM3Ng==	76	85	88	88	89	89	89	90	90	90	90	92	95	96	98	103	105	105	118	-1	-1	-1	-1	-1	-1	-1	-1	-1	-1	-1
XMTQxOTE0MTM2NA==	33	60	88	110	191	202	215	-1	-1	-1	-1	-1	-1	-1	-1	-1	-1	-1	-1	-1	-1	-1	-1	-1	-1	-1	-1	-1	-1	-1
XMTQxOTIwNjYwNA==	119	-1	-1	-1	-1	-1	-1	-1	-1	-1	-1	-1	-1	-1	-1	-1	-1	-1	-1	-1	-1	-1	-1	-1	-1	-1	-1	-1	-1	-1
XMTQxOTkwNzQwMA==	5	11	11	11	11	11	11	11	11	11	11	11	11	11	11	11	11	11	11	11	11	11	11	-1	-1	-1	-1	-1	-1	-1
XMTQxODQ5NDMwMA==	417	445	441	456	464	467	475	480	486	494	501	504	506	504	504	505	505	-1	-1	-1	-1	-1	-1	-1	-1	-1	-1	-1	-1	-1
XMTQxODkwNDE2NA==	33	-1	-1	-1	-1	-1	-1	-1	-1	-1	-1	-1	-1	-1	-1	-1	-1	-1	-1	-1	-1	-1	-1	-1	-1	-1	-1	-1	-1	-1
XMTQxOTY4MzY4OA==	17	23	26	26	35	35	36	36	39	-1	-1	-1	-1	-1	-1	-1	-1	-1	-1	-1	-1	-1	-1	-1	-1	-1	-1	-1	-1	-1
XMTQxODYxMjc4OA==	34	34	33	36	36	37	44	47	52	58	64	65	68	70	71	73	76	81	82	84	84	86	91	-1	-1	-1	-1	-1	-1	-1
XMTQxODc5NjU4OA==	196	226	234	235	235	235	235	236	237	238	238	239	240	242	-1	-1	-1	-1	-1	-1	-1	-1	-1	-1	-1	-1	-1	-1	-1	-1
XMTQxOTA2MzY1Mg==	11	13	11	10	-1	-1	-1	-1	-1	-1	-1	-1	-1	-1	-1	-1	-1	-1	-1	-1	-1	-1	-1	-1	-1	-1	-1	-1	-1	-1
XMTQxOTM5ODUzMg==	13	13	17	127	-1	-1	-1	-1	-1	-1	-1	-1	-1	-1	-1	-1	-1	-1	-1	-1	-1	-1	-1	-1	-1	-1	-1	-1	-1	-1
XMTQxODU2NDAyNA==	23	25	25	25	26	26	26	26	27	27	28	-1	-1	-1	-1	-1	-1	-1	-1	-1	-1	-1	-1	-1	-1	-1	-1	-1	-1	-1
XMTQxOTA3Njc5Ng==	39	53	58	60	66	69	69	70	70	71	71	73	74	75	76	79	79	79	81	-1	-1	-1	-1	-1	-1	-1	-1	-1	-1	-1
XMTQxOTAyNTAxMg==	648	697	712	716	724	724	726	732	735	738	739	739	741	741	743	743	744	744	746	746	749	749	-1	-1	-1	-1	-1	-1	-1	-1
XMTQxOTQ0MDcwNA==	63	-1	-1	-1	-1	-1	-1	-1	-1	-1	-1	-1	-1	-1	-1	-1	-1	-1	-1	-1	-1	-1	-1	-1	-1	-1	-1	-1	-1	-1
XMTQxODczOTEwNA==	29	32	32	30	-1	-1	-1	-1	-1	-1	-1	-1	-1	-1	-1	-1	-1	-1	-1	-1	-1	-1	-1	-1	-1	-1	-1	-1	-1	-1
XMTQxODcxMDUxMg==	21	-1	-1	-1	-1	-1	-1	-1	-1	-1	-1	-1	-1	-1	-1	-1	-1	-1	-1	-1	-1	-1	-1	-1	-1	-1	-1	-1	-1	-1
XMTQxOTE0NzM5Mg==	163	181	202	210	218	219	223	229	231	-1	-1	-1	-1	-1	-1	-1	-1	-1	-1	-1	-1	-1	-1	-1	-1	-1	-1	-1	-1	-1
XMTQxODc4MTIwNA==	9	10	10	10	11	11	11	11	11	-1	-1	-1	-1	-1	-1	-1	-1	-1	-1	-1	-1	-1	-1	-1	-1	-1	-1	-1	-1	-1
XMTQxOTEzODEyNA==	-1	-1	-1	-1	-1	-1	-1	-1	-1	-1	-1	-1	-1	-1	-1	-1	-1	-1	-1	-1	-1	-1	-1	-1	-1	-1	-1	-1	-1	-1
XMTQxODI3MjcwMA==	54	56	57	-1	-1	-1	-1	-1	-1	-1	-1	-1	-1	-1	-1	-1	-1	-1	-1	-1	-1	-1	-1	-1	-1	-1	-1	-1	-1	-1
XMTQxOTA3ODg3Mg==	164	237	307	314	319	336	362	375	387	394	407	419	434	445	447	465	487	498	523	-1	-1	-1	-1	-1	-1	-1	-1	-1	-1	-1
XMTQxOTUwMjM1Mg==	61878	-1	-1	-1	-1	-1	-1	-1	-1	-1	-1	-1	-1	-1	-1	-1	-1	-1	-1	-1	-1	-1	-1	-1	-1	-1	-1	-1	-1	-1
XMTQxODY1ODM2OA==	171	286	325	340	-1	-1	-1	-1	-1	-1	-1	-1	-1	-1	-1	-1	-1	-1	-1	-1	-1	-1	-1	-1	-1	-1	-1	-1	-1	-1
XMTQxOTIyNDM2NA==	337	350	367	367	368	368	373	373	375	380	380	380	381	383	384	-1	-1	-1	-1	-1	-1	-1	-1	-1	-1	-1	-1	-1	-1	-1
XMTQxODgzNDkxMg==	290	310	314	318	325	327	332	332	339	355	365	367	369	374	374	377	379	379	380	382	383	384	387	387	-1	-1	-1	-1	-1	-1
XMTQxOTA3ODEwOA==	71	87	98	110	111	115	124	133	138	145	147	150	159	163	169	181	189	192	195	-1	-1	-1	-1	-1	-1	-1	-1	-1	-1	-1
XMTQxOTIyNzYzNg==	117	131	131	119	-1	-1	-1	-1	-1	-1	-1	-1	-1	-1	-1	-1	-1	-1	-1	-1	-1	-1	-1	-1	-1	-1	-1	-1	-1	-1
XMTQxOTAwNzQ0MA==	35	49	52	56	69	70	71	140	164	178	182	-1	-1	-1	-1	-1	-1	-1	-1	-1	-1	-1	-1	-1	-1	-1	-1	-1	-1	-1
XMTQxODQ4Mjg3Ng==	830	912	943	998	1132	1169	1282	1364	1453	1536	1620	1702	1777	1880	1922	1990	2057	-1	-1	-1	-1	-1	-1	-1	-1	-1	-1	-1	-1	-1
XMTQxOTM0MzgyMA==	-1	-1	-1	-1	-1	-1	-1	-1	-1	-1	-1	-1	-1	-1	-1	-1	-1	-1	-1	-1	-1	-1	-1	-1	-1	-1	-1	-1	-1	-1
XMTQxODg5MTc3Ng==	11	16	16	18	18	18	19	20	21	-1	-1	-1	-1	-1	-1	-1	-1	-1	-1	-1	-1	-1	-1	-1	-1	-1	-1	-1	-1	-1
XMTQxODYwNDIwOA==	1009	-1	-1	-1	-1	-1	-1	-1	-1	-1	-1	-1	-1	-1	-1	-1	-1	-1	-1	-1	-1	-1	-1	-1	-1	-1	-1	-1	-1	-1
XMTQxOTE1OTY3Mg==	2	2	2	2	-1	-1	-1	-1	-1	-1	-1	-1	-1	-1	-1	-1	-1	-1	-1	-1	-1	-1	-1	-1	-1	-1	-1	-1	-1	-1
XMTQxOTE5OTY4MA==	220	242	251	256	264	270	273	274	276	278	286	298	308	311	312	315	318	-1	-1	-1	-1	-1	-1	-1	-1	-1	-1	-1	-1	-1
XMTQxOTkzNDMyNA==	5	7	7	-1	-1	-1	-1	-1	-1	-1	-1	-1	-1	-1	-1	-1	-1	-1	-1	-1	-1	-1	-1	-1	-1	-1	-1	-1	-1	-1
XMTQxOTA4NzIxMg==	49	-1	-1	-1	-1	-1	-1	-1	-1	-1	-1	-1	-1	-1	-1	-1	-1	-1	-1	-1	-1	-1	-1	-1	-1	-1	-1	-1	-1	-1
XMTQxOTQzNjMwMA==	27	33	38	36	45	45	46	49	55	57	73	76	76	-1	-1	-1	-1	-1	-1	-1	-1	-1	-1	-1	-1	-1	-1	-1	-1	-1
XMTQxOTEyMjQ0MA==	177	220	233	237	243	244	249	327	348	348	348	349	351	351	354	360	361	-1	-1	-1	-1	-1	-1	-1	-1	-1	-1	-1	-1	-1
XMTQxOTkxODIyNA==	4	6	6	6	6	6	6	6	-1	-1	-1	-1	-1	-1	-1	-1	-1	-1	-1	-1	-1	-1	-1	-1	-1	-1	-1	-1	-1	-1
XMTQxODc5OTM2NA==	15	15	15	15	15	15	15	15	15	15	15	15	15	15	15	15	15	15	15	15	15	15	15	15	15	15	15	15	15	-1
XMTQxODM1OTUwOA==	11	11	9	11	16	16	17	17	17	17	17	17	17	18	18	18	18	18	18	18	18	18	18	18	-1	-1	-1	-1	-1	-1
XMTQxODk4ODQ4NA==	37	37	37	37	37	37	38	38	38	40	40	40	40	40	-1	-1	-1	-1	-1	-1	-1	-1	-1	-1	-1	-1	-1	-1	-1	-1
XMTQxODg5NjA4MA==	6	7	7	7	7	7	7	7	7	-1	-1	-1	-1	-1	-1	-1	-1	-1	-1	-1	-1	-1	-1	-1	-1	-1	-1	-1	-1	-1
XMTQxOTU4NzQzMg==	6	6	8	8	14	18	22	26	26	27	25	25	27	30	30	33	36	42	43	45	48	57	62	66	68	72	72	75	80	-1
XMTQxOTExNTYwMA==	48	51	55	56	61	67	74	76	76	78	78	78	78	78	78	78	80	80	81	81	83	86	86	86	-1	-1	-1	-1	-1	-1
XMTQxOTc3OTEzMg==	4	13	13	13	13	13	13	13	13	13	13	13	13	13	13	-1	-1	-1	-1	-1	-1	-1	-1	-1	-1	-1	-1	-1	-1	-1
XMTQxODQ4MjM2NA==	645	664	617	623	631	642	644	648	651	653	659	659	663	673	674	678	-1	-1	-1	-1	-1	-1	-1	-1	-1	-1	-1	-1	-1	-1
XMTQxOTU5MjExNg==	9	9	13	13	-1	-1	-1	-1	-1	-1	-1	-1	-1	-1	-1	-1	-1	-1	-1	-1	-1	-1	-1	-1	-1	-1	-1	-1	-1	-1
XMTQxOTUyMzI4MA==	125	170	179	180	181	181	181	182	182	182	182	182	182	182	-1	-1	-1	-1	-1	-1	-1	-1	-1	-1	-1	-1	-1	-1	-1	-1
XMTQxODgyMDYxNg==	33	42	46	49	-1	-1	-1	-1	-1	-1	-1	-1	-1	-1	-1	-1	-1	-1	-1	-1	-1	-1	-1	-1	-1	-1	-1	-1	-1	-1
XMTQxODcwODk0MA==	44	49	50	51	52	54	56	60	62	64	64	68	69	69	69	70	70	71	72	72	73	72	76	-1	-1	-1	-1	-1	-1	-1
XMTQxOTkyNDI0NA==	36550	262499	-1	-1	-1	-1	-1	-1	-1	-1	-1	-1	-1	-1	-1	-1	-1	-1	-1	-1	-1	-1	-1	-1	-1	-1	-1	-1	-1	-1
XMTQxODgzOTUwOA==	21	22	23	22	22	22	23	23	23	-1	-1	-1	-1	-1	-1	-1	-1	-1	-1	-1	-1	-1	-1	-1	-1	-1	-1	-1	-1	-1
XMTQxOTkxMjE0MA==	46	-1	-1	-1	-1	-1	-1	-1	-1	-1	-1	-1	-1	-1	-1	-1	-1	-1	-1	-1	-1	-1	-1	-1	-1	-1	-1	-1	-1	-1
XMTQxOTAwNTY3Ng==	19	21	23	22	22	22	22	22	22	22	22	22	22	22	22	22	22	22	22	22	22	22	22	22	22	22	22	-1	-1	-1
XMTQxODU0ODM4NA==	40	44	44	45	46	46	46	46	46	46	-1	-1	-1	-1	-1	-1	-1	-1	-1	-1	-1	-1	-1	-1	-1	-1	-1	-1	-1	-1
XMTQxODkzMzYzNg==	156	169	169	170	173	174	180	185	-1	-1	-1	-1	-1	-1	-1	-1	-1	-1	-1	-1	-1	-1	-1	-1	-1	-1	-1	-1	-1	-1
XMTQxODkyODAyMA==	37	46	49	50	-1	-1	-1	-1	-1	-1	-1	-1	-1	-1	-1	-1	-1	-1	-1	-1	-1	-1	-1	-1	-1	-1	-1	-1	-1	-1
XMTQxODk1NTA0MA==	25	25	25	23	23	23	23	23	23	23	23	23	23	23	23	23	23	23	-1	-1	-1	-1	-1	-1	-1	-1	-1	-1	-1	-1
XMTQxODQ2NzI0NA==	31	-1	-1	-1	-1	-1	-1	-1	-1	-1	-1	-1	-1	-1	-1	-1	-1	-1	-1	-1	-1	-1	-1	-1	-1	-1	-1	-1	-1	-1
XMTQxOTY3MTYyNA==	10	35	40	39	36	36	36	36	36	36	36	36	36	36	-1	-1	-1	-1	-1	-1	-1	-1	-1	-1	-1	-1	-1	-1	-1	-1
XMTQyMDAwMTY1Ng==	1	-1	-1	-1	-1	-1	-1	-1	-1	-1	-1	-1	-1	-1	-1	-1	-1	-1	-1	-1	-1	-1	-1	-1	-1	-1	-1	-1	-1	-1
XMTQxOTE3NjEzMg==	1109	1510	1598	1639	1706	1714	1756	1773	1823	-1	-1	-1	-1	-1	-1	-1	-1	-1	-1	-1	-1	-1	-1	-1	-1	-1	-1	-1	-1	-1
XMTQxODkzOTkxMg==	33	34	32	32	32	32	32	32	32	32	32	32	32	32	32	32	-1	-1	-1	-1	-1	-1	-1	-1	-1	-1	-1	-1	-1	-1
XMTQxODUyNDAwMA==	11	14	-1	-1	-1	-1	-1	-1	-1	-1	-1	-1	-1	-1	-1	-1	-1	-1	-1	-1	-1	-1	-1	-1	-1	-1	-1	-1	-1	-1
XMTQxODg1NTgwNA==	134	161	164	161	164	164	167	167	167	168	168	168	168	168	168	168	168	168	168	168	168	168	-1	-1	-1	-1	-1	-1	-1	-1
XMTQxOTQzMTk5Ng==	445	-1	-1	-1	-1	-1	-1	-1	-1	-1	-1	-1	-1	-1	-1	-1	-1	-1	-1	-1	-1	-1	-1	-1	-1	-1	-1	-1	-1	-1
XMTQxODc0NjI4MA==	210	250	280	294	308	317	330	339	349	357	376	384	397	404	409	418	431	-1	-1	-1	-1	-1	-1	-1	-1	-1	-1	-1	-1	-1
XMTQxOTE4OTAzNg==	46	62	64	-1	-1	-1	-1	-1	-1	-1	-1	-1	-1	-1	-1	-1	-1	-1	-1	-1	-1	-1	-1	-1	-1	-1	-1	-1	-1	-1
XMTQxODU1NzA4MA==	476	492	477	480	501	511	524	528	530	531	-1	-1	-1	-1	-1	-1	-1	-1	-1	-1	-1	-1	-1	-1	-1	-1	-1	-1	-1	-1
XMTQxODk3NDM2MA==	10	-1	-1	-1	-1	-1	-1	-1	-1	-1	-1	-1	-1	-1	-1	-1	-1	-1	-1	-1	-1	-1	-1	-1	-1	-1	-1	-1	-1	-1
XMTQxODY3MTI5Ng==	20	21	24	24	26	27	27	27	-1	-1	-1	-1	-1	-1	-1	-1	-1	-1	-1	-1	-1	-1	-1	-1	-1	-1	-1	-1	-1	-1
XMTQxODkyNjA1Mg==	48	52	-1	-1	-1	-1	-1	-1	-1	-1	-1	-1	-1	-1	-1	-1	-1	-1	-1	-1	-1	-1	-1	-1	-1	-1	-1	-1	-1	-1
XMTQxODM3NDQ0OA==	15	18	18	18	18	19	19	19	19	19	19	19	19	19	20	21	21	21	21	21	21	23	23	23	23	23	23	-1	-1	-1
XMTQxODg4NTMyNA==	28	-1	-1	-1	-1	-1	-1	-1	-1	-1	-1	-1	-1	-1	-1	-1	-1	-1	-1	-1	-1	-1	-1	-1	-1	-1	-1	-1	-1	-1
XMTQxOTE2OTA4OA==	7	14	14	14	14	-1	-1	-1	-1	-1	-1	-1	-1	-1	-1	-1	-1	-1	-1	-1	-1	-1	-1	-1	-1	-1	-1	-1	-1	-1
XMTQxOTkzNTEwNA==	7	-1	-1	-1	-1	-1	-1	-1	-1	-1	-1	-1	-1	-1	-1	-1	-1	-1	-1	-1	-1	-1	-1	-1	-1	-1	-1	-1	-1	-1
XMTQxOTEwNDcwOA==	191	197	190	173	-1	-1	-1	-1	-1	-1	-1	-1	-1	-1	-1	-1	-1	-1	-1	-1	-1	-1	-1	-1	-1	-1	-1	-1	-1	-1
XMTQxOTA3OTUxMg==	59	68	72	68	68	71	-1	-1	-1	-1	-1	-1	-1	-1	-1	-1	-1	-1	-1	-1	-1	-1	-1	-1	-1	-1	-1	-1	-1	-1
XMTQxODg4OTQzNg==	632	673	689	697	720	724	735	746	751	755	760	765	772	778	786	-1	-1	-1	-1	-1	-1	-1	-1	-1	-1	-1	-1	-1	-1	-1
XMTQxOTQwNjYzMg==	29	-1	-1	-1	-1	-1	-1	-1	-1	-1	-1	-1	-1	-1	-1	-1	-1	-1	-1	-1	-1	-1	-1	-1	-1	-1	-1	-1	-1	-1
XMTQxNTUzMTk0NA==	8	9	-1	-1	-1	-1	-1	-1	-1	-1	-1	-1	-1	-1	-1	-1	-1	-1	-1	-1	-1	-1	-1	-1	-1	-1	-1	-1	-1	-1
XMTQxODkxNzQ1Mg==	755	820	1334	1368	1387	1412	1518	1541	1558	1577	1594	1614	1646	1667	1685	-1	-1	-1	-1	-1	-1	-1	-1	-1	-1	-1	-1	-1	-1	-1
XMTQxODcxNTAyMA==	40	44	43	46	48	51	56	57	57	61	62	65	65	65	63	69	70	76	76	76	72	73	80	-1	-1	-1	-1	-1	-1	-1
XMTQxOTI2MDA5Mg==	9	10	11	-1	-1	-1	-1	-1	-1	-1	-1	-1	-1	-1	-1	-1	-1	-1	-1	-1	-1	-1	-1	-1	-1	-1	-1	-1	-1	-1
XMTQxODg2NTc4OA==	42	57	73	114	-1	-1	-1	-1	-1	-1	-1	-1	-1	-1	-1	-1	-1	-1	-1	-1	-1	-1	-1	-1	-1	-1	-1	-1	-1	-1
XMTQxODY2Mjg2OA==	57	62	59	60	63	64	65	65	65	68	68	72	72	72	72	72	72	73	74	75	-1	-1	-1	-1	-1	-1	-1	-1	-1	-1
XMTQxOTYyOTQ2OA==	8	-1	-1	-1	-1	-1	-1	-1	-1	-1	-1	-1	-1	-1	-1	-1	-1	-1	-1	-1	-1	-1	-1	-1	-1	-1	-1	-1	-1	-1
XMTQxODg4NzI2MA==	61	109	194	195	-1	-1	-1	-1	-1	-1	-1	-1	-1	-1	-1	-1	-1	-1	-1	-1	-1	-1	-1	-1	-1	-1	-1	-1	-1	-1
XMTQxOTM2MjU2OA==	9	10	-1	-1	-1	-1	-1	-1	-1	-1	-1	-1	-1	-1	-1	-1	-1	-1	-1	-1	-1	-1	-1	-1	-1	-1	-1	-1	-1	-1
XMTQxODkwOTM5Mg==	18	-1	-1	-1	-1	-1	-1	-1	-1	-1	-1	-1	-1	-1	-1	-1	-1	-1	-1	-1	-1	-1	-1	-1	-1	-1	-1	-1	-1	-1
XMTQxOTEyMDA0MA==	37	51	57	54	58	62	-1	-1	-1	-1	-1	-1	-1	-1	-1	-1	-1	-1	-1	-1	-1	-1	-1	-1	-1	-1	-1	-1	-1	-1
XMTQxODUwNDY2MA==	60	68	68	69	69	69	69	69	69	69	69	-1	-1	-1	-1	-1	-1	-1	-1	-1	-1	-1	-1	-1	-1	-1	-1	-1	-1	-1
XMTQxOTEzNDUxMg==	17	19	19	-1	-1	-1	-1	-1	-1	-1	-1	-1	-1	-1	-1	-1	-1	-1	-1	-1	-1	-1	-1	-1	-1	-1	-1	-1	-1	-1
XMTQxODk2MjkwNA==	12	72	83	90	91	92	-1	-1	-1	-1	-1	-1	-1	-1	-1	-1	-1	-1	-1	-1	-1	-1	-1	-1	-1	-1	-1	-1	-1	-1
XMTQxODM1MjU1Mg==	37	-1	-1	-1	-1	-1	-1	-1	-1	-1	-1	-1	-1	-1	-1	-1	-1	-1	-1	-1	-1	-1	-1	-1	-1	-1	-1	-1	-1	-1
XMTQxODYwMjEzMg==	-1	-1	-1	-1	-1	-1	-1	-1	-1	-1	-1	-1	-1	-1	-1	-1	-1	-1	-1	-1	-1	-1	-1	-1	-1	-1	-1	-1	-1	-1
XMTQxOTE0MDMyOA==	189	406	480	-1	-1	-1	-1	-1	-1	-1	-1	-1	-1	-1	-1	-1	-1	-1	-1	-1	-1	-1	-1	-1	-1	-1	-1	-1	-1	-1
XMTQxOTQyOTIxNg==	45	-1	-1	-1	-1	-1	-1	-1	-1	-1	-1	-1	-1	-1	-1	-1	-1	-1	-1	-1	-1	-1	-1	-1	-1	-1	-1	-1	-1	-1
XMTQxODM1MzU1Ng==	9	9	8	9	9	9	9	9	9	10	10	10	10	10	10	10	10	10	11	11	11	11	11	11	-1	-1	-1	-1	-1	-1
XMTQxODU1NzM0MA==	25	25	-1	-1	-1	-1	-1	-1	-1	-1	-1	-1	-1	-1	-1	-1	-1	-1	-1	-1	-1	-1	-1	-1	-1	-1	-1	-1	-1	-1
XMTQxODkzMzg1Mg==	1160	1281	1306	1342	-1	-1	-1	-1	-1	-1	-1	-1	-1	-1	-1	-1	-1	-1	-1	-1	-1	-1	-1	-1	-1	-1	-1	-1	-1	-1
XMTQxOTI0MDQ1Ng==	-1	-1	-1	-1	-1	-1	-1	-1	-1	-1	-1	-1	-1	-1	-1	-1	-1	-1	-1	-1	-1	-1	-1	-1	-1	-1	-1	-1	-1	-1
XMTQxODUxNTc0MA==	1696	1938	2356	2441	2578	2605	2637	2653	2677	2689	2728	2764	2790	2811	2828	2836	2854	-1	-1	-1	-1	-1	-1	-1	-1	-1	-1	-1	-1	-1
XMTQxODc2Mzc0MA==	18	19	16	-1	-1	-1	-1	-1	-1	-1	-1	-1	-1	-1	-1	-1	-1	-1	-1	-1	-1	-1	-1	-1	-1	-1	-1	-1	-1	-1
XMTQxODg1MDA5Ng==	48	48	47	48	52	55	55	55	55	57	57	58	60	62	62	62	64	64	64	65	65	67	67	67	-1	-1	-1	-1	-1	-1
XMTQxOTg0MzA2OA==	5	-1	-1	-1	-1	-1	-1	-1	-1	-1	-1	-1	-1	-1	-1	-1	-1	-1	-1	-1	-1	-1	-1	-1	-1	-1	-1	-1	-1	-1
XMTQxODY2MzA5Mg==	14	18	20	21	24	24	26	26	24	-1	-1	-1	-1	-1	-1	-1	-1	-1	-1	-1	-1	-1	-1	-1	-1	-1	-1	-1	-1	-1
XMTQxODk4MTE4NA==	17	18	19	19	19	19	21	21	21	21	21	21	21	22	22	22	22	22	22	22	22	22	22	22	22	-1	-1	-1	-1	-1
XMTQxODg0NzYxMg==	37	42	49	57	-1	-1	-1	-1	-1	-1	-1	-1	-1	-1	-1	-1	-1	-1	-1	-1	-1	-1	-1	-1	-1	-1	-1	-1	-1	-1
XMTQxODc4NzkxNg==	34	40	44	52	-1	-1	-1	-1	-1	-1	-1	-1	-1	-1	-1	-1	-1	-1	-1	-1	-1	-1	-1	-1	-1	-1	-1	-1	-1	-1
XMTQxODYwMDcwNA==	156	-1	-1	-1	-1	-1	-1	-1	-1	-1	-1	-1	-1	-1	-1	-1	-1	-1	-1	-1	-1	-1	-1	-1	-1	-1	-1	-1	-1	-1
XMTQxOTI5OTkyOA==	81	123	158	159	160	160	162	162	163	163	163	163	163	163	163	163	-1	-1	-1	-1	-1	-1	-1	-1	-1	-1	-1	-1	-1	-1
XMTQxODkzMzYyNA==	469	541	545	558	-1	-1	-1	-1	-1	-1	-1	-1	-1	-1	-1	-1	-1	-1	-1	-1	-1	-1	-1	-1	-1	-1	-1	-1	-1	-1
XMTQxOTQzNDg2MA==	32	43	45	42	42	42	42	42	42	42	42	42	42	42	42	42	42	42	42	-1	-1	-1	-1	-1	-1	-1	-1	-1	-1	-1
XMTQxODg0MTE2OA==	5	5	5	5	-1	-1	-1	-1	-1	-1	-1	-1	-1	-1	-1	-1	-1	-1	-1	-1	-1	-1	-1	-1	-1	-1	-1	-1	-1	-1
XMTQxOTA4MzQ2NA==	83	83	-1	-1	-1	-1	-1	-1	-1	-1	-1	-1	-1	-1	-1	-1	-1	-1	-1	-1	-1	-1	-1	-1	-1	-1	-1	-1	-1	-1
XMTQxOTEwNTUyMA==	164	222	235	226	236	238	242	244	247	253	-1	-1	-1	-1	-1	-1	-1	-1	-1	-1	-1	-1	-1	-1	-1	-1	-1	-1	-1	-1
XMTQxODUxMjM4OA==	24	25	23	23	-1	-1	-1	-1	-1	-1	-1	-1	-1	-1	-1	-1	-1	-1	-1	-1	-1	-1	-1	-1	-1	-1	-1	-1	-1	-1
XMTQxODU4MTE2OA==	514	542	542	-1	-1	-1	-1	-1	-1	-1	-1	-1	-1	-1	-1	-1	-1	-1	-1	-1	-1	-1	-1	-1	-1	-1	-1	-1	-1	-1
XMTQxODQwNzIyMA==	14	14	14	14	-1	-1	-1	-1	-1	-1	-1	-1	-1	-1	-1	-1	-1	-1	-1	-1	-1	-1	-1	-1	-1	-1	-1	-1	-1	-1
XMTQxNzkyNjcwMA==	18	-1	-1	-1	-1	-1	-1	-1	-1	-1	-1	-1	-1	-1	-1	-1	-1	-1	-1	-1	-1	-1	-1	-1	-1	-1	-1	-1	-1	-1
XMTQxODM1MzYxMg==	7	8	7	6	6	6	7	7	7	9	10	10	10	11	13	13	14	14	15	15	15	15	15	16	-1	-1	-1	-1	-1	-1
XMTQxOTAyOTAzNg==	-1	-1	-1	-1	-1	-1	-1	-1	-1	-1	-1	-1	-1	-1	-1	-1	-1	-1	-1	-1	-1	-1	-1	-1	-1	-1	-1	-1	-1	-1
XMTQxODQ3MzUzMg==	30	-1	-1	-1	-1	-1	-1	-1	-1	-1	-1	-1	-1	-1	-1	-1	-1	-1	-1	-1	-1	-1	-1	-1	-1	-1	-1	-1	-1	-1
XMTQxODkyMzQ3Ng==	1360	1711	1847	-1	-1	-1	-1	-1	-1	-1	-1	-1	-1	-1	-1	-1	-1	-1	-1	-1	-1	-1	-1	-1	-1	-1	-1	-1	-1	-1
XMTQxOTQzOTU5Mg==	507	-1	-1	-1	-1	-1	-1	-1	-1	-1	-1	-1	-1	-1	-1	-1	-1	-1	-1	-1	-1	-1	-1	-1	-1	-1	-1	-1	-1	-1
XMTQxOTA1Njc2MA==	80	86	80	83	-1	-1	-1	-1	-1	-1	-1	-1	-1	-1	-1	-1	-1	-1	-1	-1	-1	-1	-1	-1	-1	-1	-1	-1	-1	-1
XMTQxODg5NDM0NA==	116	134	136	142	147	151	158	162	162	-1	-1	-1	-1	-1	-1	-1	-1	-1	-1	-1	-1	-1	-1	-1	-1	-1	-1	-1	-1	-1
XMTQxODk4NDE5Ng==	415	550	633	688	745	767	821	878	918	945	968	981	1006	1032	1048	1089	1136	1170	1198	1217	1261	1297	1318	1332	1334	1336	1334	1336	1339	-1
XMTQxODg1MTQ0OA==	1727	1749	1736	1702	1721	1724	1726	1734	-1	-1	-1	-1	-1	-1	-1	-1	-1	-1	-1	-1	-1	-1	-1	-1	-1	-1	-1	-1	-1	-1
XMTQxODg1ODgzMg==	8	8	7	9	9	9	9	9	9	9	9	9	9	-1	-1	-1	-1	-1	-1	-1	-1	-1	-1	-1	-1	-1	-1	-1	-1	-1
XMTQxODg1OTM0OA==	124	154	209	248	276	285	297	301	303	303	303	303	303	303	-1	-1	-1	-1	-1	-1	-1	-1	-1	-1	-1	-1	-1	-1	-1	-1
XMTQxOTI0MTA2OA==	-1	-1	-1	-1	-1	-1	-1	-1	-1	-1	-1	-1	-1	-1	-1	-1	-1	-1	-1	-1	-1	-1	-1	-1	-1	-1	-1	-1	-1	-1
XMTQxODgzNDE4MA==	63	73	77	79	87	87	87	87	87	87	87	87	87	87	87	87	87	87	87	87	87	87	87	87	87	87	-1	-1	-1	-1
XMTQxODk4NjQ5Ng==	265	289	296	297	303	306	307	308	306	306	307	307	310	310	314	314	316	320	320	319	320	336	342	372	-1	-1	-1	-1	-1	-1
XMTQxOTI2MDQyMA==	7	9	10	-1	-1	-1	-1	-1	-1	-1	-1	-1	-1	-1	-1	-1	-1	-1	-1	-1	-1	-1	-1	-1	-1	-1	-1	-1	-1	-1
XMTQxODUwMjY0NA==	454	507	565	608	672	718	769	795	815	823	840	853	875	913	921	945	956	-1	-1	-1	-1	-1	-1	-1	-1	-1	-1	-1	-1	-1
XMTQxODk1MTE2MA==	33	-1	-1	-1	-1	-1	-1	-1	-1	-1	-1	-1	-1	-1	-1	-1	-1	-1	-1	-1	-1	-1	-1	-1	-1	-1	-1	-1	-1	-1
XMTQxOTEwNTc3Mg==	9	10	10	10	9	9	9	9	9	9	9	9	9	9	9	9	9	9	9	9	9	9	9	9	10	10	-1	-1	-1	-1
XMTQxODY4ODIwOA==	19	20	18	17	17	17	-1	-1	-1	-1	-1	-1	-1	-1	-1	-1	-1	-1	-1	-1	-1	-1	-1	-1	-1	-1	-1	-1	-1	-1
